Sample in Buffer,Sample in Window,TRIGGER,u3_adc_analysis/data_out1[255:0],u3_adc_analysis/data_out2[255:0],u3_adc_analysis/data_out3[255:0],u3_adc_analysis/data_out4[255:0]
0,0,0,1a00fcff20001000f2fff2ffecff0c00fafffaffeefffeffe4ff0200eeffdeff,02000200fafffafff2ff0000faffeafff2ff140016001600eaff0c002c00ecff,0e00fcff0400040030000000f4fff4fff8ffd8ffeeffeeff0000eeff16000600,0000deffbaff46001e00dcfff4ff0400a406f03b2ab98206b66c08b9ee97486c
1,1,0,2a00fcffeeff10000000f2ff1c000c000c00fafffeffe0fff4ff40000e00eeff,02002200eaffeaff3e00f2ff0a00eaff14000400d8ffc8fffaff0c000c003c00,1e00fcff140004000000100004001400f8ffe8ffeeff0c00eeff000006002600,1000beffcaff06000e000e000400f4ff7a6ca6b82098666b1c3cda975006fa3b
2,2,0,ecfffcff100000000000f2ffecffdcffdaff0c002a002a001200d4ffdeffeeff,120022001c000c00e2ffd4ffeafffaffe2fff2ff160016000c00eaffecffdcff,fcfffcfff6ff0400000000001400f4ffd8ff0600feff0c00deff000016000600,000030001600f8ffecff1e001400d4ff163da0977605163d18b90c05086c38b9
3,3,0,fcfffcff2000ceffe2ff4e000c00ecfffaffdaffe0ffeeff02000200eeffeeff,f4fff4fffafffafff2ffe2ffeafffaff1400140026001600eaff0c00ccffecff,0e00ecff1400f6ffeeff100014000400e8ffe8ff2a000c0010000000f6ffe6ff,beff00001600e8fffcff1e00e4ffa4ff96b99805666b98b95a97866ce23cbe97
4,4,0,ecff0a00eeff100000004e00ecff0c00fafffaffeeffeeff12000200eeffeeff,02000200faff0c00d4ff2e00fafffaffe2ff0400e8ff06000c00faffecfffcff,0e00ecffe6ff0400000020000400f4ffd8ffe8ff0c00feff1000100016001600,eeff1000e8ff16001e000e00e4ff14009097886bb43de097bc04fc3d88b98005
5,5,0,fcff0a000000eeffe2fff2ff0c001c00eafffaff0c00feff12001200eeff0e00,120002002c00faffd4fff2ff4a001a00e2ffd2ff2600f8fffaff2c00fcffdcff,2e000e00f6ff0400eeff0000140034002600d8fffefffeff0000eeff16002600,30000000baff46001e00fcffc4fff4ffb804463d28bac604766ca8b99e97e86b
6,6,0,fcff2a000000eeff0000d2ff0c00ecffcaffeaff1c000c000200e4ffcefffeff,f4ffe4ff1c00faff2e0000000a00eafff2ff0400260026000c00faff0c00fcff,fcffecff14000400000010000400f4fff8ff16001c000c00ceffbefff6fff6ff,1000eefff8ff06001e000e005400e4ff686b60ba7097466bbc3dda96e004723d
7,7,0,1a00fcff10002000f2fff2ff0c00ecff1c00faff2a000c00f4ff0200fefffeff,0200f4fffaff0c002e00f2ff1a00faff0400f2ff36002600faff0c00fcfffcff,0e00fcfff6ff1400deffeefff4fff4ff06000600eefffeff0000deffd6ff0600,1000eeff2400f8ffecff0e00e4ffc4ff923e3097a603323eccba8c04b86b58ba
8,8,0,fcffdcff0000100020002000fcfffcff0c00daff0c00eeff020012000e00feff,f4ff0200faff0c000000e2ff0a000a00f2ff0400f8fff8ff0c002c000c00fcff,0e000e00040014001000100004001400e8ffd8ff0c00feff0000100026000600,ceffeeff160006001e001e002400f4ffa0ba9203266b46bb0a97366c623ee696
9,9,0,fcfffcff00000000200030000c00ecff0c00faff0c00eeffe4fff4fffefffeff,020012001c00daff200000001a000a0014000400e8ff16000c000c000c001c00,0e001e00f6ffe6ff00000000040004003400f8ff0c00eeffeeff0000d6ff2600,00003000daffe8ff1e000e00e4ff2400f096686b123f60975a037c3ed8ba2804
10,10,0,1a00fcff0000eefff2ffe2ffdcfffcff0c00faff0c000c00e4ffe4ffeeffeeff,0200f4ff0c00faffe2ffd4fffafffaffe2fff2ff1600e8ff0c00fafffcfffcff,0e00ecff040004001000eeffe4ff0400caffcaffeefffeffeeffdefff6ff3600,00003000e8fff8ff0e00dcffd4ff04004203023fd6bb3603166ceebbb696b86b
11,11,0,fcfffcffeeff0000f2ffe2ffecffdcff0c000c001c000c0012001200eeffdeff,120012000c00fafff2ffc4fffaff0a00f2fff2ffd8ffd8ff0c00faffdcffecff,dcfffcffe6ff14000000200014002400e8fff8ffe0fffeff0000deff0600f6ff,2000eefff8ff1600fcfffcff0400f4ff286b50bb6097366b5c3fba9628031a3f
12,12,0,fcffecffeeff0000000000000c00fcfffaffdaff1c002a00e4ff5000eeffdeff,120002001c001c001000d4ffeaffeaff0400f2ffe8ffd8ff1c000c001c00ecff,0e00fcff1400f6ff100010000400f4ffcaffbaffeeff0c001000eeff36000600,ceffeeff16001600ecff1e001400f4ffc83fa0968802c23f0ebc2a02486bdabb
13,13,0,fcff1a000000deffe2ff20000c000c000c00faff0c000c000200f4fffeff0e00,120012001c00dafff2ff00002a000a002400f2ff36000600faff1c00fcffdcff,0e001e001400f6ffeeffdeff14001400d8ffbaff2a000c00000000003600f6ff,000010001600daffdcff3000e4ff2400d0bb6202766af6bb6a96366cba3f9696
14,14,0,0a00fcff1000eeff2000f2fffcfffcfffaffeaff2a002a000200c6ffeeffeeff,1200d4ff1c001c00f2fff2ff1a00faff0400f2ff36002600eaffeaffccfffcff,fcff7cff0400220000000000f4ff0400d8ffd8ff0c001c000000eeff1600f6ff,deff3000f8ff06000e000e00e4ff04009096d86aa04010971a02b0407abc4c02
15,15,0,1a00fcffeeff00001000f2ff0c001c00faffdaff2a000c000200e4ffbefffeff,f4ff02001c001c0020004c000a000a00e2ff04001600e8ff1c001c002c000c00,0e00ecfff6ff1400200000001400f4ffe8ffcaff2a00feff0000deff06000600,20000000f8ff16001e00fcffe4ff04005801484034bd9201e66b1ebc0696e86a
16,16,0,0a000a00deff3000200000000c00fcffeaffbaff0c010c00e4ff0200eeffdeff,f4fff4ffdaff1c004c00f2ff0a00fafff2ffd2fff8ffe8fffaff1c000c00ccff,0e000e000400f6ff10000000040004001600caff0c000c0020001000f6ffe6ff,2000eeffe8ff46001e001e000400a4ff986a74bd3496866ac040ba959c01ea3f
17,17,0,1a002a001000defff2ffe2ff1c000c000c000c00feff0c0102001200eeffeeff,120022001c00faffe2ffe2ff0a006a0004000400d8ffd8ffeaff0c001c000c00,1e000e000400d8ffceffdeff04003400e8ffe8ff1c00feffdeffdeff06002600,100020001600f8ffdcff1e001400b4ffd8404e96e6ffa0402ebda601d86a02bd
18,18,0,fcfffcff20000000f2ff1000fcfffcffdaffdaff2a010c00020002000e00ceff,f4ff1200faff0c0020002e00eafffaff14001400c8ffc8ff2c000c00ecffccff,0e001e0004000400100000000400f4ffe8fff8ff1c000c000000cefff6fff6ff,deff10000600cafffcff1e000400d4ff94bd1800666af4bd3a95866b4c410696
19,19,0,ecff0a000000000010000000fcff1c00faffcafffeff0c00e4ffd4ffeeffeeff,f4fff4ff3c00faffe2ffe2fffafffaffd2ff1400f8ff26000c001c002c000c00,dcff0e002200f6ff2000000014000400aaffe8ff0c00feff1000300006000600,deff5800060006000e00ecffe4fff4ffc295586ae4413496b0ff4041c2bd9c00
20,20,0,ecffdcffdeff00004e000000fcff0c00faff9afff2fe1c0002000200feffeeff,0200e4ffdafffafff2ff2e001a00eaffd2ffd2ff060006001c00eaffccffecff,0e000e00f6ff04000000eeff14002400f8ffbaffe0fffeff300000001600e6ff,0000eeffcaff06001e00ecfff4fff4ff60ff984192bef6ffa66bdebe96956c6a
21,21,0,0a000a00000000002000f2ff0c00ecfffaffdaff1c00eefff4fff4ffdeff1e00,12001200faffeaffe2ffe2ffeaff1a0014000400060006001c000c000c000c00,3e001e000400e6ffdeffceff04002400060026000c00feffeeffdeff1600f6ff,1000deff1600f8ffecffcaff0400f4ff386ad0bee495d66934422a958affbc41
22,22,0,1a00ecff000010001000f2ff1c000c000c000c001c001a01f4fff4fffeffeeff,02001200faff1c00e2ffe2ff0a00eaff04000400260006000c00eafffcffecff,0e00fcff0400040010001000f4fff4ff0600d8ffeeff2a00eeffeeff0600f6ff,0000000016001600ecff1e001400e4ff4242b295c6fe1442bebed0fe0c6a62be
23,23,0,dcff0a0010001000e2fff2fffcff1c00daff0c000c001c00f4ffe4fffeffeeff,020002000c001c0020002e001a002a00e2fff2ff3600f8ffeafffaff0c003c00,0e000e00f6fff6ff0000000014002400e8ff0600feff0c00eeff000016000600,ceff00001600cafffcff1e000400d4ff50bf10ff066a12bf3a95666a8c42a695
24,24,0,fcfffcffceff1000200020001c000c001c00faff0c000c00e4ffe4fffeff0e00,d4fff4ffeaff0c00200020001a000a00d2ffe2fff8ff16002c000c00ecfffcff,fcfffcffd8ffe6ff0000100014000400e8fff8ffe0fffeff30003000f6ff0600,eeff00000600daff40000e00f4ff240032958e698442849530fe44431abfc2fe
25,25,0,fcffecff0000eeff0000f2fffcff1c000c00daff2c002c005000f4ffdeff1e00,120012000c00fafff2ffd4ff0a001a00f2ff0400d8ff2600fafffafffcff1c00,fcff2e00f6fff6ffeeffeeff14001400f8ff2600feffeeffceffdeff26001600,30000000cafff8ff1e00caffe4fff4ff40fee24262bff8fd266acebe5695fc69
26,26,0,0a00fcff000000000000f2ff0c000c00faffcaff0c003c010200f4ff2e000e00,220002000c00eaff0000e2ff0a00dafff2fff2ff0600e8ff0c000c00fcfffcff,0e00fcfff6ff220020002000f4ffe4fff8ffcaffeeff0c00deffeeff1600d6ff,1000ceffdaff06000e00ecff0400e4ff8e6916c08495826924437a94c2fd5843
27,27,0,fcff2a0020001000d2ffe2ff0c000c00faff0c001c00eeffb6fff4fffeffdeff,f4ffe4ff2c00faffe2ff0000eaffeaff04002400f8ffd8fffafffaff2c000c00,2e002e00f6fff6ff0000100004000400d8ffe8ffeeff1c00300000000600e6ff,eeffeeff5400e8ffdcfffcff4400e4ff6243429578fdb2438ebf00febc69cabf
28,28,0,fcffdcffeeff100020000000fcff0c00faffbafffeff0c00e4ff02002e00eeff,0200e4fffaffeaffe2ff3e005a00eaff0400d2ff0600f8ff2c00faff0c00fcff,1e001e00e6fff6ffdeffeeff0400f4ffcaffd8ff0c00eeff0000200016001600,deff00001600daff0e0030001400e4ff56c064fd1269c0c0ca946269e8430695
29,29,0,fcff1a0020000000e2ff00001c000c000c000c000c00feff02001200eeff0e00,02001200faff1c00e2ffd4ffeaff0a00e2fff2ff16000600eafffaff1c002c00,2e002e000400f6ffdeffdeff04002400f8ffe8ff1c00eeffeeffceffd6ff0600,00003000f8ffcaff1e000e00c4ff240046945c691244949570fc54432ac0a2fd
30,30,0,ecffecff000020001000f2ff0c00dcff0c00faff1c004c000200f4ff0e000e00,22001200fafffaffe2ff2e001a000a00f2ffd2ff060006000c00eaff1c001c00,fcff0e0004002200000020000400f4fff8fff8fffeff2a0020003000f6ff0600,10001000daff06003000dcffd4fff4ff84fcca44f0c0dafc4269b2c0f6947c69
31,31,0,fcfffcff200010001000e2ffecff2c00fafffaff2c000c0012000200fefffeff,020022000c001c002000e2fffafffaffe2ffe2ff060064000c001c00ecff1c00,fcff0e00f6fff6ff0000deff1400f4ff0600d8fffeff1c000000eefff6ff3600,1000defff8ff2400fcff0e0014002400dc6886c12495f268d6448a94fafbb044
32,32,0,1a00fcffeeffeeff000000000c000c000c00eaff0c00e2fe0200e4fffeffceff,1200e4ffeafffaff200020001a000a0004001400e8ff36000c001c003c001c00,0e00fcff04001400000000001400f4ff2600f8ffeeffeeff000000003600f6ff,eeff0000f8fff8ffecff30000400e4ff8a45f693fafbe24432c1eefa4c693cc1
33,33,0,0a001a00000000000000e2ffecffecfffafffaff0c00ceffe4ffe4ffeefffeff,f4ff12000c00eaffe2ffd4fffaff0a000400f2ff0600e8fffaff1c000c001c00,dcff0e00f6ff04002000eeff1400f4ffd8ff06001c00feff0000eeff1600f6ff,ceff00001600baffecff0e001400f4ff10c222fb006860c15a94526940456e94
34,34,0,1a000a00ceffeeff000010000c00fcff0c00faffeeff1c004000f4fffefffeff,120002000c001c00d4ffe2ff1a000a001400e2ff16002600eaffeafffcff0c00,ecff0e001400140010003000f4ff0400caffcafffeff1c00eeff00001600f6ff,deff3000060006001e00fcffe4ffe4ffe693cc6872450495defa9645fcc18afb
35,35,0,fcffecff0000000020000000ecff0c00faffdaffeefffeff120002000e00feff,020002000c000c000000f2ff1a00eaffd2ff040026001600faffeaff0c000c00,8cff0e00f6ff140000002000d4ff0400d8ffcaff0c000c0000000000f6ff0600,0000eeffbaff46004000fcfff4ff240052fa164620c20afbf26806c21e940c69
36,36,0,fcfffcffbeff00001000f2ff0c00fcff0c001c00eeff1c01220002003e004e00,2200f4fffaffeaffe2ff3e000a00faff0400f2ff1600d8ffeaff0c002c00fcff,2e002e00f6ffe6ff20002000440014002600e8fffeff0c000000200016001600,3000ceffcaff0600ecfffcff040004006c68a0c24494e067a645789378faa045
37,37,0,2a00fcffeeff00002000f2ff1c000c00eaff0c000c00eeffd4ff1200ceff2e00,120040000c00fafff2ffe2ff0a00fafff2fff2ffe8ff36000c00eafffcff1c00,dcff0e0022000400deffeefff4ff0400baffe8fffeff1c000000000006000600,1000100016000600fcff0e001400d4ffd646a693e6f9c24562c35efadc68ccc2
38,38,0,fcfffcffeeff1000f2fff2fffcffecff1c000c00feffeeffe4ffe4ff0e000e00,f4ff02001c00faffd4ff3e00fafffaffe2ffe2fff8ff2600eaffeaff0c00ecff,fcfffcff2200040000000000f4ff1400e8ffd8ff1c001c00100000001600d6ff,deff20005400daffecffecffe4ffe4ffe0c278f910688ec2689372689046ce93
39,39,0,dcfffcffeeff100000001000fcffecffdaff0c00eeffeeff0200e4fffeff0e00,e4ffe4ff0c000c0020003e00faff0a00c0ff1400260026001c001c00fcfffcff,fcff8cfff6ff22000000100014000400f8fff8ffe0fffeff2000400016000600,00001000f8ffe8ff0e00fcffc4ff140086936c68de467494eaf89446a8c348f9
40,40,0,fcfffcff0000cefff2ff2000ecfffcfffaff2c00eefffeff0200f4ffdeff0e00,12000200eafffaff4c00e2ff4a001a00e2ff04002600f8ffcaff2c002c000c00,2e002e000400e6ffeeff10001400f4fff8fff8ff1c00eeffeeff300026001600,00001000dafff8ff0e00ecfff4ff140056f80647c2c346f93268a4c40e944268
41,41,0,fcff0a00100000000000e2fffcffecfffafffaff1c002c0002000200eeffeeff,120022000c000c000000f2ffeafffaff360004004600f8ff0c00caff2c00ecff,0e001e001400040000000000f4ff1400e8ff0600eeff2a0040001000e6fff6ff,4800eeffe8ff46001e00ecfff4ffe4ff1c68c2c3349450676447589316f8a247
42,42,0,fcfffcffeeff0000f2ff00000c000c00eafffaff2c00eefff4ff0200eeffaeff,020012000c001c000000f2ff0a00faffd2fff2fff8ff0600caff2c00ecffdcff,2e000e00f6ff0400eeff100024000400e8fff8ff1c001c00200000002600d6ff,1000deff5400e8fffcfffcff1400d4ff2c48669380f88e4780c476f7026848c4
43,43,0,fcfffcffeeff2000f2ff0000fcff0c00faffdaff2c000c001200e4ffcefffeff,f4ff3000faff0c00200000000a005a0004000400260026000c00eaffccff0c00,ecff0e000400140010002000140004000600e8ffd0ff0c0020003000f6ff0600,ceff10004600dafffcff0e000400f4ff90c406f8406702c518931268f247ae93
44,44,0,1a000a00eeff0000f2ff10002c00fcff1c000c001c00fefff4ff22000e000e00,220012000c00eaffd4fff2ff1a000a0004001400e8ffd8fffaffeaffdcff3c00,ecff2e001400f6ff0000eeff140014001600f8ffeeff0c00ceffeeff16004600,10002000f8ffcaff0e001e00e4ff4400069356670e48249436f7b84840c5d6f7
45,45,0,0a002a002000cefff2fff2fffcff0c00cafffaff0c002c001200e4ffeefffeff,120012001c00faffd4fff2ff0a000a00e2ff04005400f8fffaff2c00dcfffcff,fcff8cff040004002000eeff04001400e8fff8fffeff1c000000eeffe6ff0600,000010009cff46000e00baffe4ff140010f74c4802c520f87e67f0c48e93d267
46,46,0,1a000a0000000000f2fff2ff0c00fcffcaff0c002c002c0002000200eeff2e00,02000200eafffaffe2ff00001a000a000400d2fff8ff16001c001c00fcff0c00,ecff0e00f6ff04000000000024000400f8fff8ffeeffeeff1000400006001600,1000befff8ff16000e00ecff1400f4ff36677cc69493f066d8484893e6f6bc48
47,47,0,fcfffcffeeff0000100020001c000c00daffdaffceff0c00120002001e000e00,f4ff12000c001c002e00f2fffafffaffe2ffe2ff060026001c001c00fcfffcff,0e008cfff6ff2200300010002400d4ff1600e8ffeeffeeff100010001600f6ff,eeffeeff06000600fcff1e00e4ffd4ffcc48e692c0f6ae48f0c6c6f62267b0c5
48,48,0,fcfffcff0000deffe2ff10001c00fcff0c00caff0c000c00f4ff02000e002e00,22000200eafffaff2e00e2ff1a000a001400e2ff16002600faff0c000c000c00,1e000e000400f6ff00002000440014002600e8ffeeffeeffeeff30002600f6ff,eeff00000600daffdcff40000400e4ffdcc6a0f6526680c5f8922e677c492e93
49,49,0,fcff0a0000000000e2ff0000fcff0c00caff1c00eeff0c000200e4ffdefffeff,020012003c002c000000e2ffdaff0a00e2ff0400160054001c00faff0c001c00,0e001e001400220010000000d4ff1400d8ff2600feff0c000000eeffe6ff0600,ceff58000600daff0e00ecffa4ff24009692e6665e49f49326f60849a0c63ef6
50,50,0,ecff0a000000ceff00001000fcfffcffbafffaff0c000c01f4ff02001e00feff,22001200fafffafff2fff2ff0a00eafff2fff2ff260036000c000c000c000c00,0e00ecff140014000000100014000400f8ffd8ffeeff0c0000002000e6fff6ff,0000eeffcaff46001e00ecffd4ff340094f5364a10c632f6fe6650c7e2924267
51,51,0,ecffecff00000000000010001c00dcfffaffdaff1c001c00f4ff4000defffeff,12001200faff0c00d4ff4c000a000a00c0ffe2ff260026002c000c00fcfffcff,0e00fcff040014002000000014001400e8fff8ffd0ff0c00300000001600e6ff,0000ceffe8ff46000e000e000400f4ff86662cc7b4938266ba49c8926ef5ec49
52,52,0,0a002a00eeff000000000000fcfffcfffaffeaff1c00d0fff4ff02000e00feff,220012000c00faffd4ffe2ff1a00eaff0400f2ff540016000c00cafffcff2c00,1e009cff0400f6ff00001000140004002600e8ff0c00eeffeeffbefff6ff1600,1000ceff0600e8ffdcff30001400e4ff464b669282f5044aa0c786f4d26618c7
53,53,0,dcfffcff00001000f2ff0000ecffdcffdaff0c000c002a010200f4ffdeffdeff,e4ff12000c000c003e00e2ff0a000a0014000400360046002c002c00ecff0c00,dcff0e00140014001000eefff4ff0400cafff8ff0c00feff2000eeffd6ff1600,beff00005400caffecff0e00e4ffd4ff42c8f4f4c4655ec78892ae66c24ac292
54,54,0,fcffdcff0000000000003000fcfffcffdaff0c000c002a00e4ff0200eeffeeff,120012001c000c002e00d4ff0a000a0004001400060054001c001c001c00fcff,0e00fcff1400f6ff0000100004001400d8fff8ff1c000c0000001000f6ffe6ff,10001000f8ffdaff1e001e00b4ff340086926666844a8493f6f3de4a12c886f4
55,55,0,0a00ecff1000100010000000ecfffcff0c00faffd0fffeff02004000eeffeeff,f4ff12000c00eafff2ff2e00fafffafff2ffe2ffd8ff16001c00faff1c003c00,0e00ecff14002200deff0000f4fff4ffd8ffcafffeff0c0010000000f6ff0600,00000000e8ff16001e00fcff0400240038f3984b3cc8b2f46e6644c89292e065
56,56,0,fcfffcffeeffeefff2ff0000fcff1c00faffcafffeff0c00e4fff4ffdefffeff,120012001c00fafff2ff00000a000a002400f2ff1600f8fffaff1c001c002c00,1e000e00f6ff0400eeffeeff24001400e8fff8ffeeff0c000000000006000600,3000eeffe8ffe8ffecffecff140014002666b2c83693c465ee4a489266f39e4b
57,57,0,ecfffcff100030004e00f2ffecffdcfffafffaff2a010c001200c6fffeffceff,e4ff0200eaff3c000000d4fffafffafff2fff2ffd8ff06000c00faff2c001c00,ecff0e0022001400eeff000004000400d8ff06000c00feff10002000f6fff6ff,deffdeff1600f8ffecfffcff0400e4ff384c3692b4f3144bf4c8d6f3d06572c8
58,58,0,0a00dcff00001000f2fff2ff0c000c00daffcafffeffeeffd4ff0200cefffeff,020022000c000c0020003e00faff0a00c0fff2ff36000600faffeaffecffdcff,dcfffcff14001400eeff100014001400e8ffd8ff1c001c00eeff1000f6fff6ff,ceffeefff8fff8ff0e001e001400f4ff82c978f2f4642ec84892fe65fe4b6292
59,59,0,bcfffcff000000000000f2ff0c00dcffcaffdaff2a000c000200f4ffdeffdeff,1200e4ff0c000c002000f2ffeaff1a00d2ffc0fff8fff8ff0c000c000c00fcff,8cfffcff14001400eeff30002400f4fff8fff8ffeeffeeff00000000d6fff6ff,eeff3000f8ffdaff1e00ecff24000400ec919a65b44b2693a4f24e4bbcc910f3
60,60,0,2a000a00000010000000f2ffecff0c000c00faff0c001c0012000200beffeeff,12001200eafffaff3e00f2ff1a000a001400f2ff36001600faff2c00fcffdcff,1e000e001400f6ffeeffeeff14002400e8ffd8ffe0ffe0ff0000eeffe6ff0600,00003000daff06001e00dcffc4ff240008f2cc4cbcc9fef07e6508cb32927065
61,61,0,ecfffcff100000000000f2ffecffecff1c00faffeeffeeffe4ff0200feffdeff,f4ff12001c00faff2e00d4ff0a000a00040004005400e8ffeaff2c000c001c00,8cff1e001400320010002000f4ff2400e8ff0600feff1c001000deff1600f6ff,1000eeff060016000e00ecff040004004a655cca16930465fe4c5892a4f1d64c
62,62,0,0a00fcffdeff1000f2ffe2fffcfffcffdaffeaffeefffeffc6ff1200deffdeff,e4ff1200fafffafff2ffe2fffaff0a001400e2ff160006000c000c00ccffdcff,9cff2e0004002200100010000400d4ff260006000c000c004000eeff0600f6ff,ceffeeff16000600ecff30002400d4ff5c4dfc9128f0624ca8ca30f140654cca
63,63,0,ecfffcff100000001000f2ff0c00ecff0c00faff1c0002ffe4ffd4ff0e00deff,e4ff1200eaffeaff2e0010002a001a00f2ffd2ff0600f8ff0c002c001c00fcff,fcff0e001400f6ff000030002400f4ffe8ff0600feff1c002000300006001600,eeff00001600daff0e001e001400e4ff1ccbccf0b464fcc9b2912e65764d1292
64,64,0,fcfffcff2000eeff0000f2fffcff1c000c000c001a011c00e4fff4ffdeff0e00,020002000c000c00d4fff2ffeaff1a0014000400060036001c001c00fcff1c00,0e000e002200040000001000140004000600e8ff1c00feff0000eeff16001600,ceff2000f8fff8ff1e000e00a4ffe4ffcc910a65d24cf69270f1fe4dcccaaaf0
65,65,0,fcff0a0010000000f2fff2fffcff0c000c000c000c01feffe4ffe4fffeff0e00,0200f4fffaff0c00f2fff2ffeafffafff2ffd2fff8ffd8ff0c000c000c000c00,fcffecff14002200000010001400d4ffbaff2600feff0c000000eeff0600f6ff,eeff1000e8ff460030000e00e4ff04000cf0784e3acb48ef906428cbf291b064
66,66,0,0a00fcff10000000f2ff00000c00fcfffaff0c00feffd0ffe4ffe4fffeff0e00,e4fff4ff1c000c003e000000faff5a0014001400e8fff8ff1c002c00ecffdcff,0e000e00040004003000eeff140004000600e8ff0c001c0020002000f6ff2600,1000eeffe8ff5400fcff0e002400e4ff8a642eccb69284644e4e7291a0ef1a4e
67,67,0,fcfffcffeeffeeff2000f2ff1c001c003c00faff0c000c00f4fff4ff3e000e00,12000200daff0c00f2ff2e00fafffaff1400040026001600faff0c00dcff0c00,0e00dcfff6ff040010001000e4ff140026000600fefffeff1000200006001600,2000eeff4600f8ffdcff40002400f4ffc84e6c9114ee924dfacb9cef5864f8cb
68,68,0,0a001a00eeffeefff2ffe2fffcff1c001c000c002a00feffc6ff02000e000e00,220022000c001c00f2ff0000faff5a00e2ff1400f8ff06000c00caff1c002c00,dcff0e002200220000001000f4fff4ffd8ffe8ff76002a0000003000d6ff2600,deff30001600e8ff0e00ecff3400f4ff92cc46ef04647acb92918064b04ef291
69,69,0,fcff0a00100000000000f2ff1c000c00faff0c001a011c000200e4ffeefffeff,02000200faff0c002000f2fffaff0a00e2ff1400d8ff16000c000c000c00dcff,0e002e000400f6ff0000100014000400cafff8ffe0ff0c0000000000f6fff6ff,deff6800daffdaff30000e00d4ff04008c911664a04e80920cef3e4ec0cc30ef
70,70,0,ecff1a000000000020000000dcffecfffafffaff1c00e0ff02000200eeffdeff,12001200faff1c000000f2fffaff0a00e2fff2fff8ffd8ff0c00faff0c00fcff,1e00ecff14000400eeffeefff4fff4ffd8ffd8ff0c000c002000100016001600,10001000baff1600fcffbaff04001400c6ee184f12ccf4ecf0631aceb291e863
71,71,0,0a00ecffceff000000001000fcff0c001c00faffeeffe0ffd4ffe4ff2e000e00,f4fff4ffeafffaffd4ff2e001a00faffe2ffd2ffd8ffd8ff0c001c00fcfffcff,2e008cfff6fff6ff200010001400f4fff8ff06001c000c00eeffeeff26001600,3000cefff8ff06000e000e001400f4ffc66332cdd692b6632e4f829148ee004f
72,72,0,fcfffcff00000000f2fff2ffecffdcfffaffdaff4800feffd4fff4ff1e000e00,120022000c001c0010002e000a000a00f2ff040026001600caff0c000c001c00,2e001e0014000400eeff1000d4ff04002600f8ff2a001c001000befff6ff0600,eeffeefff8ff0600cafffcff0400f4ff184f5c9114ed604efacdecedb86370cd
73,73,0,fcfffcff1000eeff10000000ecffecfffaff0c00eeff2a00c6ffc6fffeffdeff,e4ff12002c000c004c00d4ffeaffeaffb0ffe2ffe8ff06002c000c00ecffecff,fcff9cff14001400200010000400d4fff8fff8ff0c001c002000100016003600,beffeeff0600f8fffcff3000f4ffc4ff6ecebaed266312cd72918e63d04f8291
74,74,0,fcffecff0000eeff10000000ecffecff0c002c00deff0c00c6ffc6ffdeffceff,0200e4ff1c000c00e2ff20001a001a000400e2ff0600f8ff2c000c00ecfffcff,2e000e00e6ff0400000010001400140016000600eeff0c00deff100006001600,000010000600e8ff0e000e00e4fff4ff3c91d462664f0092cced6250c0cd88ed
75,75,0,fcfffcff00000000f2fff2fffcffecff3c001c00feff0c00e4ff0200feffeeff,f4ff22000c000c00d4ffd4ff0a00fafff2ffb0ffd8ffc8ff0c000c002c000c00,fcff1e00f6fff6ff1000defff4ff14001600d8ff0c000c004000eefff6ff0600,2000eefff8ff16003000ecffe4ff040030ed2e50c2cdc4eb0e638ace62913863
76,76,0,fcff0a0000001000f2ffe2ff0c00fcfffaff1c00eeff0c00e4ffd4ffeefffeff,020002000c000c00d4ff2e000a000a00d2ff0400360016002c000c001c001c00,0e001e0032000400eeff2000f4ff0400f8ff26000c000c002000eeffe6ff1600,3000deffdaff1600fcffecff040004007462eeced091d6625250f290e8ec2050
77,77,0,dcfffcff000000000000f2fffcfffcfffafffafffeffeeffe4ff0200eefffeff,1200e4fffafffaffd4ffd4fffaff0a00d2ff1400e8ff06001c00eafffcffecff,0e001e00140004001000eeffe4ffd4fff8ffe8ff0c002a00100000000600e6ff,eeff00000600f8fffcff1e003400b4ffde502c9126ebf64f1acfdcec8c62e8ce
78,78,0,fcfffcffeeffceff100000001c00ecfffaff1c001c001c00e4ffc6ffdeffeeff,1200e4ff0c000c000000f2ff1a000a00f2fff2fff8ffd8ff3c000c00fcfffcff,0e00fcffe6fff6ff1000420014000400f8ffe8ff0c00feffeeff000006000600,ceff10001600daffdcff30001400e4ff34d06eeb16626ecee2909e623a517291
79,79,0,fcff0a00eeff00000000e2fffcff0c00faff0c00eefffeffc6ffd4ffeeff0e00,f4ff0200eafffaff2e00f2fffaffeafff2ff0400f8ffe8fffaffeaff1c00ecff,0e002e00040004000000200004001400d8fff8ff0c00feffeeff00001600e6ff,000000000600f8ff1e00fcffd4ff04001c914462ac5000926cecb250d8cff0eb
80,80,0,fcfffcff1000eefff2ff10000c001c000c000c001c000c00d4fff4ffdeff0e00,22001200faff1c00f2ffd4ff0a001a00f2ff1400360016001c000c001c000c00,2e000e00f6fff6ffdeff1000e4fff4fff8fff8fffeffe0ff0000eeff06001600,10000000daff46004000ecfff4ff1400ceea1e512ecff0e91e627ed042913c62
81,81,0,fcff2a00000000002000f2ff0c000c00eafffaff2c002c000200d4ffeeffdeff,120002000c000c00e2ff2e000a00fafff2fff2ffe8ff16000c000c001c00dcff,1e00fcff0400040020000000e4ff1400d8ffd8fffefffeff10000000f6ff2600,5800defff8ff16001e00fcfff4fff4ffb86154d0c091066222511291c4ea3a51
82,82,0,2a00fcff10000000f2ff00000c00fcff1c001c000c001c00e4ffc6fffeff0e00,2200e4ff0c000c00d4ffd4ffeaff1a00f2ff2400e8fff8ffeafffaff0c00ecff,0e00fcff0400f6ffeeff000044001400e8ffbaff0c000c00000010002600f6ff,5800deff06000600caff0e004400e4ffde51fc904ee902537ed03cebdc6162d0
83,83,0,bcfffcffeeff1000200010000c00fcff0c000c000c002c000200b6fffeff0e00,0200d4ff1c00eaff3e00e2fffaffeaff0400f2ffb8ff2600faffeafffcff1c00,dcff1e00140032001000000004001400caffe8ff2a001c0010000000f6ffe6ff,000000000600f8ffecff0e00e4ff040064d194e9c6614ed00291aa61fa513291
84,84,0,fcff2a001000deff10000000fcff1c00faffcaff1c002c00020040000e00eeff,120002000c00eaffd4ffe2ff1a00faff040004002600e8ff0c002c001c001c00,1e00fcff140022000000100034000400f8ff06001c000c000000eeff1600f6ff,10001000f8fff8ff0e000e00a4ff0400ec9078616253d0914cebea524cd1f4e9
85,85,0,fcff0a00eeff100020000000ecfffcfffaffdaff2c001c0002001200eeffeeff,f4fff4fffaff1c002000e2ff1a000a00f2ff1400260006002c00faff0c00fcff,acff0e000400140000000000f4ff1400e8ff0600feff1c001000defff6ff0600,10001000e8ff16000e00caffd4ff040032e96852eed0eee83a615ed1d8905c61
86,86,0,0a000a000000eeff100000001c00ecfffafffaffeeffcefff4ff1200feff2e00,12000200faffeaffe2ffe2ff0a001a000400f2fff8ffd8fffaff0c002c00fcff,1e001e000400040000000000240014001600bafffeff0c00eeff0000f6fff6ff,4800defff8ff06000e00fcff0400e4fff8601ed2b09130615652b29014e91653
87,87,0,ecfffcff000020001000f2fffcffecffdaff0c002c00feff120002003e00eeff,f4ff1200faff0c00e2ff0000daff1a00d2ff14000600f8ff0c00faff1c00acff,dcff0e00f6ff14002000eeff1400f4ffcaffbaffeeff1c0020000000f6fff6ff,1000deff0600f8ffdcff0e000400a4ffd852cc90a0e73254b2d246e9a2606cd2
88,88,0,1a00fcff10000000d2ffe2ff1c00fcfffaff2c002c001c00f4ff1200ceffdeff,120012000c000c00f2ff00001a00eaff14001400f8ffd8ff3c00fafffcff1c00,0e001e002200f6ffdeff100004001400e8ff2600eeffe0ff0000300016001600,000020004600dafffcff1e00f4ffb4ff00d3a2e80061aad1e290fa604653e890
89,89,0,1a00fcff00001000200000001c00dcfffaff0c003c011c002200c6ffeeffceff,f4fff4ffeaff1c00f2ff0000eaff0a00d2ff0400d8fff8ff0c000c002c001c00,fcff0e00e6fff6ff00000000f4fff4ffcaffcaffe0fffeffdeffeefff6ff0600,deff10000600daff0e00ecff94ff04009c907860f254c091b8e70653bcd24ae8
90,90,0,fcfffcff1000000030001000fcff0c00faff0c00eeff1c00f4ff3000eeff0e00,220012000c001c00d4ff2e000a00faff04002400e8ff0600fafffaffecff0c00,1e000e00e6ff22000000deff04002400e8ffe8ffe0ffeeff1000deffe6ff1600,00000000dafff8ff1e00fcfff4ff0400a2e74a53cad140e7aa6024d4c8907260
91,91,0,0a00fcffeeff10001000f2ff0c000c000c001c00feff2c000200c6ff0e00feff,f4ffe4ffeafffaff0000e2ffeafffaffd2ff0400e8ff06001c00faffecff1c00,dcff0e00040014001000eeff2400f4ffcaffbafffeff1c002000400006001600,1000deffe8ff1600ecfffcff04000400286060d3a091b2605c548290aae7d653
92,92,0,0a00fcff30000000e2ff10001c001c000c000c002c000c00f4fff4ffeeff2e00,120022000c00faffe2ff3e00eaffeaff2400f2ffe8ff0600eaff0c001c000c00,0e00fcff14001400eeffdeff04001400f8ffcaff0c000c001000eeff26001600,0000eefff8ffe8ffecff1e001400d4ffd6549c9090e6405504d488e66260bed3
93,93,0,ecfffcffdeffeefff2ffe2ff0c000c00faffcafffeff2c01d4ff0200deffeeff,f4ff1200eaff0c00f2ff0000fafffafff2ffe2ff060016000c00eaff0c00ecff,1e00dcfff6ff2200deff300004001400f8ffd8ffeeff1c00eeffdefff6ffd6ff,eeff10000600caff1e000e001400e4ff00d4bce6ec5f10d392904a605654a890
94,94,0,fcff0a000000cefff2fff2ffecff0c00faff0c002c000c00f4ff02002e00eeff,02002200fafffafff2ff0000eaff0a00f2ff0400f8ff36000c000c000c002c00,fcff0e00140004000000deff14002400d8ffe8ff1c00feffeeff0000f6ff1600,eeff1000daffdafffcfffcfff4fff4ff7c902860a0556091aae56c556ed468e6
95,95,0,0a00fcff200010001000e2ffecfffcfffaff0c00d2fe2c0122000200feffeeff,f4ff0200faff0c00e2ff3e004a00eafff2ffe2fff8ff16004c000c004c00dcff,0e009cfff6fff6ffeeffeeff04000400e8ffd8ff0c00eeff2000eefff6ff2600,00001000e8ff06001e00ecffe4ffe4ff2ce60655b0d5c2e5965f64d488909a5f
96,96,0,0a00fcffeeff00000000f2fffcfffcff1c001c00e2fe0c002200e4fffefffeff,f4ff12001c00faff10002e00faff0a00e2ff14003600d8ff2c000c00ecff1c00,1e001e0022001400eeffeefff4ff2400d8ffe8ff0c000c0000000000f6fff6ff,0000eeff0600f8ff0e00dcff0400f4ff625f7ed460917c5fcc554290d8e5ae54
97,97,0,fcff0a00eeff10001000f2fffcfffcfffafffaffeefffeff120002002e00eeff,12001200faff1c00e2ffe2ff4a00eafff2ffe2ff060006001c000c00dcff1c00,0e000e00e6ff140020000000040004000600e8fffefffeffeeff00001600f6ff,eeffdeff4600f8ffcaff1e000400040076558c90c4e46e5654d53ae52a5f86d5
98,98,0,fcfffcff00001000f2fff2ff0c00fcfffafffaffceff0c00120022000e001e00,f4ff12000c000c000000f2ffdafffaffe2ff1400d8ff0600faffeaff2c00fcff,fcfffcff2200e6ff0000000014000400f8fff8ff2a00feffeeff0000d6fff6ff,ceffeefff8ffdaffecff1e00e4ff140098d6e0e4e45eded65290065f3e559890
99,99,0,fcff0a00eeffdeff0000f2ff2c000c000c00fafffeff1c00f4ffe4ff1e001e00,12002200faff0c00e2fff2fffaffdaff140004000600f8fffaff0c002c00dcff,0e00ecfff6ff1400eeff000044000400cafff8ff1c000c00eeffeeff06000600,ceff10000600f8ff1e001e00d4fff4ff6c90d25ebe5640917ae45c5656d6d8e4
100,100,0,fcfffcff0000eeff100000000c00fcfffafffafffeff2c00f4fff4ffeeff0e00,0200f4ffeaff3c002e00e2ff0a00faff040014005400f8fffaffcafffcffecff,fcff0e00040004000000eeff04002400d8ffcaff0c00eeff1000deffe6fff6ff,00000000cafff8ff1e0098ffc4ff4400aae3e6558cd7e4e3c65e14d76890da5e
101,101,0,fcff0a00deff1000e2ff0000fcfffcff0c00faff2c00deff1200e4fffefffeff,02001200eaff1c00f2ffe2fffaff0a00f2ff040016000600faff1c000c002c00,0e00dcff14001400ceff00000400040006000600fefffeffeeffdeff06000600,68000000daff4600ecffecff2400f4ff825ee8d69091a45e4c56829030e42e56
102,102,0,0a00fcff2000eeff00002000ecfffcff0c00eaffe2fe2c00d4ff1200eeffceff,020012000c000c00f2ffe2ff0a00eafff2fff2ff0600f8ff0c002c001c001c00,fcffdcfff6ff14000000eeff1400f4ffd8ffbafffefffeff10000000e6ffe6ff,deffbeff16001600ecff1e002400e4ffb2566c9024e32e5704d7d8e2025e86d6
103,103,0,fcffecff20001000300010000c000c001c002c00eeff0c00e4ffe4ff0e00deff,f4fff4ff0c00daffe2fff2ff0a00faff2400040006001600faff0c001c00fcff,dcffecff0400f6ffeeff1000240004002600f8ff0c00feff0000200006000600,eeff58001600e8ffdcff4000f4ff04001ed8dae2445e1cd84290565e9e567890
104,104,0,dcffecffeeffdeff00000000fcffdcfffaff2c00eefffeff02000200defffeff,020022000c00faffe2ffe2ff0a000a00f2ffe2ffc8ff06000c001c001c001c00,fcffdcff22001400eeff1000f4ff0400e8ff16001c001c00eeffeeffd6ffe6ff,deff10000600e8ff0e00fcffd4fff4ff5c90325eae575091b8e26c579ed750e3
105,105,0,ecff1a00eeff100010000000ecfffcff0c00faff0c000c0030003000deff0e00,020002001c001c002e00f2ff0a001a00f2ffe2fff8ff2600faff0c000c00fcff,fcff0e00220004000000000014002400e8fff8ff0c00feff1000000016000600,1000eeffdafff8ff0e00ecfff4ff24007ae2e2560cd9d4e2165e84d74890d25d
106,106,0,fcffdcffeeffeeff3000f2ff0c00fcff0c001c00e2fefeffd4fff4ffeefffeff,1200f4fffaff0c0020002000eafffaffe2ff0400c8ff36000c00eaff2c001c00,0e009cff040022000000eeff140014001600d8fffeff1c004000ceffe6ff0600,0000ceffdaff5400ecfffcff1400e4ff965d7ed86091b85dac57329064e22657
107,107,0,ecffecff2000eefff2fff2fffcff2c001c00faffe2fe0c000200f4ff0e000e00,020002001c00daffe2ffe2ff0a000a0014002400f8ff3600fafffaff4c00fcff,0e00dcff14001400deff100014002400160016001c00eeffeeffeeff06002600,000010000600e8ffdcff0e002400f4ffa2575c9002e10e58e8d848e2425dc0d8
108,108,0,fcffecff0000eeff000010001c00ecfffaff0c00defffeff02001200fefffeff,f4fff4ff0c000c00f2fff2ff0a001a00d2ff0400d8ff16000c00faffecff1c00,0e00dcff14001400100000000400e4ff1600f8ff0c000c0000001000f6ff0600,deff10004600e8fffcff1e000400e4ff2ed99ee1785d02da5290465d76574890
109,109,0,fcfffcff1000eefff2ffe2fffcff0c00faff1c00deffeefff4fff4ffeeff1e00,220012001c000c00d4ff2e00eaff1a000400f2ffd8fff8ff0c000c001c000c00,0e00fcff14000400eeff000014002400e8ff2600feff1c00deff2000e6fff6ff,eeff20001600daff0e001e00040004005c90165de4581a9184e0405830d944e1
110,110,0,fcffdcffdeff0000100010002c00fcfffafffaff0c001c0012000200eeffdeff,02001200faff0c00e2ff20005a000a0004000400b8ff26003c00caff6c00ecff,1e007cff1400f6ff200010001400e4ff0600e8fffeff0c00300000000600d6ff,1000deffacff46001e00ecffa4ff1400bee04858c8da92e0165d5cda5890025d
111,111,0,0a000a00eeffeeff10000000fcff0c001c000c00eeff2c000200f4fffeff0e00,120002000c00eaffe2ff10000a000a00d2ff0400060026000c00faff3c001c00,0e001e0004000400deffdeff14002400f8fff8ffeefffeff10000000f6fff6ff,3000eeffcafff8fffcffecff24001400c65c08da6091c85c5058ce8f04e12658
112,112,0,fcffecffceffeeff200020000c00fcff0c00faff2c001c00f4ff12000e00eeff,12000200fafffafff2ffe2ff1a000a00e2ff0400f8ff1600faff0c00fcff3c00,0e00dcff0400320010001000f4ff0400d8fff8ffeeff1c00eeff0000e6ff0600,eeffdeff0600f8ffecff1e000400e4ffb8583c9072e084599cda50df4a5c10da
113,113,0,fcffecff100010000000f2ffdcff0c00fafffaff2c00eeffe4ffc6fffeff0e00,d4ff12000c00faff2e00d4ff0a002a0014001400e8ff1600eaff0c000c000c00,dcff1e002200f6ffdeff000014000400d8ffe8ff2a000c0030001000f6ff0600,deff30000600e8ffdcff0e000400d4ffcada0ee0885c68dbde8f065d88583890
114,114,0,1a00bcff000000001000f2ff0c000c000c00eafffeffeeff4000e4fffeff0e00,2200e4fffaff0c000000e2fffaffeaff1400f2ff2600d8fffaffeaffecffdcff,0e000e00e6ff1400deffeeff14000400e8fff8ffeeff1c0010004000f6fff6ff,deff10000600daff40001e00d4ffe4ff3c90325cb459309160df9059e0da02e0
115,115,0,1a00fcffeeffeefff2ffe2ffccff0c000c000c00eeff2c000200b6ffdeff0e00,020002001c001c000000e2ff0a001a000400f2ff3600e8ff1c00dafffcffecff,9cff1e000400f6ffeeffeefff4ff0400d8ff06000c00eeff0000000006002600,10000000cafff8ff3000ecffd4ff040008df2859f8db24dfb65c2cdb5890ea5b
116,116,0,0a000a00100000004e0010000c00fcff0c00daffe2fe0c00e4ff0200fefffeff,1200f4fffaffeaffd4ff2e000a000a00e2ffe2ff160006002c001c000c00fcff,0e00bcff0400f6ffdeffeeff340014003400d8fffeff0c0020000000f6ffe6ff,0000ceffdaff06001e00fcff0400e4ffd25b8adbba90285c245a429022df5859
117,117,0,fcfffcff0000eefff2ffe2ffecff0c001c00faffeeffeeff0200f4ffdefffeff,e4ff22001c000c000000f2ff0a001a00f2ff1400f8ff06001c000c000c00fcff,fcff1e0022000400eeff10002400f4ffe8ff3400feffe0ff00002000f6ff0600,eeff00000600e8fffcff1e002400d4ffb8593c90b4de8a5a40dcb0de4a5be2db
118,118,0,1a000a00eeffeeff000020000c00ecff0c00baff1c00e2fe0200f4ffeeffeeff,f4fff4ff1c000c003e003e005a000a0014000400d8ff0600fafffaff0c001c00,0e00fcff140004000000eeff04000400caffd8ffd0fffeff0000000036000600,ceff10000600e8ffecff1e000400d4ffeadb48def85a26ddce8f145ba8592890
119,119,0,dcff0a00200020000000f2ffecfffcff0c00faff2c001c00f4ffe4ff0e00eeff,f4ff1200eaff0c000000d4fffaff0a0036001400e8ff1600eaffeafffcff2c00,0e000e00f6ff04000000eeff04003400aaffcaff1c00feff0000000006002600,00002000f8ffdaff1e00fcffd4ffe4ff4c90745a8a5a0a9110deb0592addeadd
120,120,0,ecff1a001000defff2fff2fffcff0c00daff0c001c001c00e4fff4fffeff0e00,1200f4fffafffafff2ffe2ff0a00eaff0400e2ffd8ffd8ff0c000c002c00ecff,fcfffcff1400f6ffeeff0000140004001600f8ff0c000c00100000001600e6ff,20001000dafff8ff0e00caffe4ff14004cdd425a46dd56dd045ba0dd18901a5b
121,121,0,fcffecff1000000020002000ecff1c00faff0c000c001c00020002000e00deff,f4ffe4ff1c000c00100000000a000a00f2fff2ff1600e8ff3c000c001c002c00,0e001e00040014000000eeff0400240026002600fefffeff0000eefff6fff6ff,1000ceffe8ff16000e00fcff1400f4ff525a9cddfa90ea5ab45abe8f4add185a
122,122,0,fcff0a0010001000100020001c000c001c000c00feffdeff2200f4fffeff2e00,12000200fafffaff3e0000000a001a00140024000600f8ff1c003c000c002c00,fcff1e00140014001000100014000400d8ffcaffeefffeffdeffeeff06000600,1000eefff8ff0600fcff0e001400f4ffb45a3c90e6dc385b50dd70dc2e5aaadd
123,123,0,fcffecff100000000000f2ff1c00fcffdaff0c002c001c000200f4ffeeffdeff,e4ff02000c00daff2e00b6ff0a001a00d2ff040016000600fafffaff1c000c00,dcff2e00f6ff14000000100004001400e8ffbaff0c00feff00000000e6fff6ff,eeff30001600f8fffcff0e00c4ffe4ff48deecdcaa5a26de7290945a0a5b2890
124,124,0,fcfffcff1000000020001000ecff0c001c00faff0c000c00f4ffb6ffceff2e00,120012000c00faffe2ff2e000a001a0014000400f8ff1600eafffafffcff2c00,ecff1e0004003200deff1000f4fff4ff0600e8ff0c00e0ff0000000006002600,ceff10001600f8ff0e00fcff040024006c90b859185c509130dc245b0ade5add
125,125,0,fcffdcffdeffeeff0000f2ffecffdcfffafffafffeffeefff4ff1200defffeff,e4ffe4ff1c001c00f2ff00001a000a0004001400f8fff8ff1c002c00fcfffcff,dcff0e00040022000000100014001400d8fff8ff0c00feff10000000e6fff6ff,2000eeffdaff16000e00dcffe4fff4ff4adbd45af4de28dc345ab0de3890c859
126,126,0,fcfffcffeeff00000000d2ff1c002c001c002c00e0ffeeff020022002e001e00,0200f4fffafffafff2ff2e00faff2a0014001400f8ffd8fffaff1c00fcff0c00,fcff0e00f6ff040020000000f4ff2400060034000c00e0ff0000deff16002600,1000deffdafff8ff1e00fcff140004004859e8deca904a5a445b8290d2db4a5b
127,127,0,1a00ecffeeff1000f2ff10000c000c00cafffaffd0ff0c01d4fff4ff0e000e00,f4ff02001c001c00f2ffe2ff0a00faff0400f2ff160046000c000c000c001c00,dcfffcff22000400eeffeeff04001400caff06000c003a000000deff16000600,1000beff16000600caff0e00f4ffe4ffd25b4c9068dbc85b50df20dc285922df
128,128,0,ecfffcff000000000000f2ffecfffcfffaff0c000c001c00020012002e002e00,12000200fafffaff2000e2ff0a00fafff2ffe2ffc8ffd8ff1c002c000c000c00,0e000e001400f6ff100000001400f4ffcaffe8ff2a002a00eeffeeff16000600,eeff10000600f8ffdcff1e000400d4ff7ee0cada845932e0ee8f0059ea5b1890
129,129,0,fcffecff2000eeff10002000fcffecff1c00caffeeff2a000200f4ffeeffeeff,0200d4ffeaff1c0010002e00faff1a001400e2ff160036000c002c00dcffecff,dcffdcff0400f6ff0000100004000400e8ffcaffeefffeff20003000f6ff0600,deff10000600caff30000e00f4ff04004c90d858a85c50916cda365c32e0a0da
130,130,0,fcfffcff2000000030001000ecff1c000c000c000c00eefff4ff0200feff1e00,0200f4fffafffaffe2ffe2ff1a00eaff0400f2ff0600f8fffafffafffcffecff,fcff0e000400e6ff1000deff14002400e8ff3400feffe0ff10000000e6ff1600,20000000f8ffdaff1e00ecff1400140028dab65ca2e0b8daf058f4e018900859
131,131,0,0a000a0000000000f2ff10001c00fcff0c00daff0c00feffd4ff12001e000e00,f4ffe4ff0c000c00f2ff0000faff4a00040014002600e8ff0c00fafffcffecff,2e001e0014000400eeff000014001400540006001c00feffdeff0000e6ff2600,1000deffdaff06000e00fcfff4ff140078587ee0ea902459965c329060da6a5c
132,132,0,ecff0a0020000000100010000c00ecfffaffeaff0c00feffe4ff0200feffdeff,e4ff12000c00faffe2ff2e000a000a00f2ff0400f8ff36000c000c00fcffecff,1e000e0014001400deffeeff2400f4ff1600e8ff0c000c00eeffeeff06000600,0000eeff1600f8ffecff0e00e4ffe4ffc65c4c9068da385de4e008d95858b4e0
133,133,0,fcffdcffceff000010001000ecffecff0c00cafff2feeeff1200f4fffeffeeff,0200f4fffaff0c003e00e2ff1a000a00d2ff0400e8ff0600faffeaff0c001c00,fcfffcff1400f6ff200020002400f4fff8ffcafffeffeeffbeff00000600e6ff,deffeeff0600e8ffdcff0e001400d4ff0ee13ed9b45852e14290d058c25c2890
134,134,0,0a001a000000eeffe2ff0000fcfffcff1c002c000c00fefff4ffd4fffefffeff,120022002c000c00f2ffd4ff0a001a00f2ff0400f8fff8ff0c00eafffcff2c00,0e001e00140014000000000014004400f8ff26000c00eeffdeff2000f6ff2600,eeff10000600caff0e000e00e4ff04007c903858685d0a9168d9365d84e180d9
135,135,0,1a00fcffceff100000001000fcfffcff0c000c001c002a000200c6ff1e002e00,f4ff22002c001c00d4ff2e000a001a00d2ffe2ff1600b8ffcafffaffecfffcff,2e00fcff040014001000eeff1400d4fff8ff0600feff0c0020000000f6fff6ff,00000000f8ff16000e00ecfff4ff1400aed8165d22e234d9505874e14890a657
136,136,0,fcffecff000020002000f2ff0c000c00faff1c00eeff1c00f4ff02002e00feff,020012002c001c0020002e000a001a00e2fff2ffd8ff1600faff0c001c00fcff,fcffdcff0400040010001000240014002600f8ff0c001c000000defff6ff0600,1000cefff8ff06000e00ecff0400140072574ae260918458d65d829008d8125d
137,137,0,fcffecffdeff0000200020001c00fcff1c00faff2a002a00e4fff4ff2e00eeff,020012002c000c0020002000fafffaff1400f2ffe8ff06001c002c00fcffecff,0e00dcff04000400000020002400040006002600feffeeff2000deff16000600,3000ceff16000600fcff0e00f4ffe4ffb65d3c905cd8c85d48e2c8d8ae5654e2
138,138,0,fcfffcffceff000020000000fcffecff0c001c001c000c00e4ffd4ff0e00eeff,120012000c000c000000e2ff1a001a00f2ffe2ffc8fff8ff1c002c00fcffccff,fcff0e0004001400000000001400e4ff0600d8fffefffeffeeffeefff6fff6ff,eeff20000600dafffcff1e001400c4fffae278d7605754e3de8f2c57e25d4890
139,139,0,fcff0a001000cefff2fff2ff0c001c00faff3c000c002a000200e4fffeff0e00,120012000c002c00e2ffd4fffaff0a00f2fff2ff16003600eaff0c001c000c00,1e001e0004001400eeff10000400140006000600feffe0ffeeff00000600e6ff,000068001600daff0e001e00c4fff4ff5c90c256745e1a9164d7065eb0e398d7
140,140,0,1a00fcff0000eeff2000f2ffdcffecfffafffaff0c00eefff4ff0200eeffeeff,1200f4fffaff0c002e00e2ff0a00fafff2fff2ffd8ff16000c00fafffcff0c00,0e001e000400f6ff0000defff4ff2400caff2600fefffeffeeffeeff1600f6ff,30000000daff46004000fcffe4ff040008d7425ec4e39cd77c56f2e468905e56
141,141,0,1a001a00eeff0000e2fff2fffcff1c00cafffafff2feeeff1200f4ffeefffeff,f4fff4ff0c00faffd4ffe2ff1a001a0004000400d8ffd8ff1c000c000c00fcff,1e00fcfff6fff6ff0000100034004400f8ffe8ffeefffeffeeffcefff6ffe6ff,0000eeffcaff06000e00ecff240014007256eae32a914057765ece8f90d6125e
142,142,0,ecfffcff00000000f2ff00000c00ecfffaff1c001c000c000200f4ffeeff2e00,020012000c00fafff2ffe2ff0a00eaff0400f2fff8fff8ffcaff0c00ecff2c00,fcff0e0014000400eeff100004002400e8ff0600feff0c00eeff100016002600,1000defff8ff0600ecff1e0024000400c25e5c900cd7c45e82e414d6de5550e4
143,143,0,fcff0a002000100010000000fcffdcff0c00eaff2a00feffd4ff02002e00deff,f4ff12000c00faff2e002e00faff0a00f2ff1400360016000c001c002c000c00,ecff0e000400f6ffdeffeeff04002400f8fff8ff0c000c000000eefff6ff1600,ceff58001600daffecff3000f4ffd4ffeae3a8d65e5614e44290ac56da5e3890
144,144,0,ecfffcffeeff000000001000fcff0c00faff0c00eeff0c000200e4ff0e000e00,e4ffe4ff1c000c00f2ffe2ff1a00eaff0400e2ff060016000c00faffdcffecff,0e00fcff140004001000000014001400d8ff0600e0fffeffceffcefff6fff6ff,deff30001600f8ff1e00fcffe4ff04005c90a655345f6091e4d5565f28e5c0d5
145,145,0,fcff1a00eeffeeff1000f2ff0c000c00faff1c002a000c00f4ff0200ceff0e00,f4fff4ff1c001c00f2ff00000a000a001400e2ff160016000c00faff0c000c00,fcff0e00f6ff0400eeff100004001400e8ffe8ff0c00e0ff0000defff6ff1600,1000eeffbaff06000e00ecfff4ff140018d6125f54e530d62c56f2e438907e55
146,146,0,1a001a00ceffdeff2000f2ffecff0c00fafffaffeeff2a00e4ffe4fffefffeff,f4ff0200eaff1c002e00f2ff1a00faffe2fff2ffd8ffd8ff0c00eaffecffdcff,1e000e0004001400eeffceff040014000600f8ffe0ff66000000000006002600,3000deffe8ff1600fcfffcfff4fff4ff66550ce68091d055665f729050d51a5f
147,147,0,fcff0a00eeff00002000f2ff0c00ecff1c00eaff2a00eefff4ffc6ff0e00eeff,020022002c00faff3e00f2fffaff1a00d2fff2ff36002600eafffaff0c001c00,0e000e0004001400eeff00001400f4ff1600f8ff1c001c00eeffdeffe6ff1600,3000eeff0600f8ffecff0e004400f4ffc85fac90d0d5645f52e6c4d5ce54c8e5
148,148,0,fcfffcff0000eeff10002000ecffecff1c001c00feff1c000200d4ffeeffdeff,f4ffe4fffaff0c003e00f2ff0a00eaff1400e2ffb8ff0600faff0c001c00dcff,0e000e0004000400eeff100004000400e8ffcaff0c00feff1000000006000600,ceff00005400daffecfffcfff4ffd4ff7ce6dcd4b055d2e5329018547a5f9890
149,149,0,0a000a00eeff000010004e00fcfffcff0c001c001c001a01e4fff4ffcefffeff,1200f4fffaff0c00d4ffd4ff0a001a00f2ff0400f8ff1600faff0c001c000c00,dcff0e0014000400eeffdeff04001400e8ff0600eefffeff0000deff06000600,eeff0000f8ffe8ff1e000e00e4ff04008c90c6540460d09124d4165f40e758d4
150,150,0,ecff0a00eeffeeff00000000fcff0c000c00faffe2feeeffd4fff4ff0e00eeff,02000200faff0c00e2ffe2ff1a00faff24000400d8ffd8ff2c00faff0c00ecff,1e001e0014001400eeff0000140004000600caff1c000c00eeff100006001600,2000eeffcafff8ff1e00ecffd4ff040060d3386030e7f2d3565306e898901654
151,151,0,fcfffcff3000eeff00000000ecffecff0c001c00eeff4c001200f4ffdeffdeff,02001200faff0c00f2ffe2ffeaff0a00e2ff36003600f8ff0c00faff0c000c00,1e002e0004000400000000001400f4fff8ffcafffefffeff0000eeffe6ff0600,2000eeffe8ff16000e00ecff240024003254b2e75091c2544a608290c8d32a60
152,152,0,1a000a00eeffeefff2ff2000fcfffcfffaffeaffeeffeeffe4fff4ff1e00feff,f4fff4ff2c002c00f2ff00001a00faff1400f2ff060006000c00faff1c00fcff,0e000e001400f6ffdeff300004004400f8ff3400fefffeffeeffeefff6ffe6ff,eeffcefff8ff0600fcff0e000400e4ff9860cc90c2d3b26016e8d2d2a653dae7
153,153,0,bcfffcff000000000000f2ff0c000c000c000c00feffdeffd4ff22002e00deff,d4ff0200faff3c00e2ff10000a001a000400f2ff460016000c00faff1c001c00,1e000e000400320010000000040004003400f8fffeff0c00eeffeeff16001600,eeff30001600f8ffecff30002400e4ffa2e88ed2b254c0e79290d8536c60a890
154,154,0,0a000a00eeffdeffe2fff2fffcff1c00faff0c000c000c00220012000e00eeff,0200d4ff0c00fafff2fff2ff1a00faff04000400f8ff0600caff2c000c002c00,1e00fcff140014000000000004004400f8ffe8ff0c000c00eeff0000e6ff0600,eeff68001600dafffcff0e00e4ff1400bc901a53e0609091e2d23a617ae8bcd2
155,155,0,fcfffcff000000001000f2ffdcfffcfffafffaff0c00feff02000200eefffeff,e4ff02001c001c00f2fff2ff0a000a002400e2ffe8ffe8ff2c000c00ecff0c00,dcff0e00e6ff320010000000f4ff0400e8ffd8ffeeffeeff1000eeff0600f6ff,eeff2000f8ff16003000ecffe4ff1400c4d1c86070e872d33653b6e8b8907653
156,156,0,0a00fcff0000eeff100000000c00fcfffafffaff2c00feff1200f4ff0e00eeff,e4fff4ff0c000c00d4ff4c001a00fafff2fff2fff8ff1600eaff2c00dcffecff,0e000e00f6ff0400eeff000024002400d8ffd8fffeff0c001000eeffe6fff6ff,5800deffdaff46001e00ecff2400c4ff8852d2e8d0911254ca60f290ccd11c61
157,157,0,fcff0a00eeffeeff200010000c000c00faffdaffceffeeff120002002e00eeff,f4ff02000c001c00d4fff2fffaffeaff14000400c8ffe8fffaff0c00fcff1c00,ecff0e0014001400eeff000004002400caffd8ffeeff0c00eeff10000600f6ff,0000befff8ff1600baff0e000400e4ff0861ac9066d00061a6e9b2d29a5244e9
158,158,0,1a00ecff10000000e2ffe2ff1c00fcffdaff1c00feffeeff020012000e00feff,f4fff4ff0c000c00e2ff20000a001a00f2fff2ffe8fff8ff0c001c00ecff1c00,2e001e0014001400eeff00002400f4fff8ffe8ff1c000c00eeffdeff06000600,deff10001600caffecff0e002400e4fffee944d162536ee9c29026527c61e890
159,159,0,fcff1a00000000000000f2fffcff0c00caffcaffeeffeeff12002200feff3e00,e4ffe4ff0c00fafff2fff2ff0a000a00f2ff2400060016002c001c000c00ecff,1e000e00140014002000deff0400040006000600e0fffeff0000eeff0600d6ff,deff10000600daff1e00fcffc4fff4ffdc903852b061c0912ed11a61f4e93cd1
160,160,0,0a002a000000000000001000fcff0c00fafffafffefffefff4ff3000deffdeff,f4ff02000c000c00d4ffe2fffaff5a00e2ff2400c8ff2600fafffaffdcff1c00,0e000e00f6ff04000000000024001400f8ff2600e0ffeeffeeff0000f6fff6ff,deff1000dafff8ff0e000e0004000400b4d058610eeaaecf7251eaeae8901a52
161,161,0,1a000a00000010002000e2ffecff0c00faff1c00defffeff22000200ceffdeff,f4ff02000c001c00f2ffe2fffaff0a002400e2fff8ff26001c00eaffbcffdcff,0e000e00140014001000000024000400f8fff8ffeeff0c00000020004600f6ff,2000ceffdaff06000e00fcfff4ff04009e516eea9091f2521e62f29042d01c62
162,162,0,1a003a0010000000f2fff2ff0c00fcffcaffdaffeeffdeff1200f4ffdeffeeff,020002000c00eaffe2ff0000faff1a00f2ff1400060006001c000c00fcff1c00,0e001e00040004000000100014002400e8fff8ffeeff6600eeffdefff6ff0600,1000cefff8ff0600ecfffcff0400e4ff24620c919ece86620aebcacf6a5150eb
163,163,0,1a00fcffeeff000000000000ecff1c000c00faffeefffeff1200f4fffeff0e00,02001200eaff0c003e00e2ff0a00faffe2fff2fff8ff0600faffeaffdcff0c00,1e00fcfff6ff1400eeffdeff2400f4fff8fff8ff0c00feffdeffdeffe6fff6ff,deff10000600caffcaff0e00240004007eeb8ecf32520eebb29002512c62e890
164,164,0,ecffecff200010000000f2ff1c00ecffdaff1c00eeffeeff02000200eeffeeff,e4ff02002c000c00d4ff2000faff4a001400f2ff2600e8fffaffcafffcffecff,fcfffcff0400f6ffeeff000004001400f8ff1600feff0c000000eefff6ffd6ff,eeff20001600060030001e00c4ff0400fc90fe50766210927acfbe62b0ebe2cf
165,165,0,1a00fcffeeffeeffe2fff2ff0c00ecfffaffdaff0c000c00e4fff4ffeeffeeff,02001200faff0c00e2fff2fffaff0a00e2ff04001600d8ff1c000c00fcfffcff,ccff0e0004000400000010001400240006000600d0ffeeffeeffeeff2600f6ff,eeff0000daff06000e00ecfff4ff4400eece646204eca2cd82502cec62913a51
166,166,0,3a00fcffdeff0000f2fff2fffcff2c00caff0c000c001c00f4ff0200cefffeff,0200f4ff1c000c00f2fff2ffeaff0a00e2ff1400e8ffd8ff0c000c00fcff1c00,8cff1e0032001400eeffeeff14002400d8ffe8ff0c001c002000deff16001600,2000deffe8ff16000e00ecff240024007e504cec00927e51ae62229108cfbc62
167,167,0,fcffecffeeff0000f2fff2fffcfffcfffafffaffeeff2c0002001200fefffeff,0200f4ff0c000c003e0000000a000a00f2ff14003600e8ff1c00fafffcffecff,0e000e000400f6ffeeff000014000400f8fff8ffe0ff0c000000eeff2600e6ff,0000eeff16000600ecff0e0034000400c4622c9152cdd6622ced3acf805016ed
168,168,0,bcfffcff0000000000001000fcff0c00bafffaffeeff0c0002000200deffeeff,e4ff02000c00eaff2e0010000a001a00e2fff2ff1600f8ffcaff0c00fcff0c00,0e00ccff04001400eeffeeff0400f4ffe8ff06000c000c00200030001600f6ff,ceffeeff1600daffdcff30002400d4ff6cec9ece5e5164ec22918e4f18636291
169,169,0,0a00fcff0000cefff2ff10002c000c00faff2c000c002c0012000200feffeeff,f4ff1200faff0c00e2ff2e00eafffaffe2fff2ffe8ffc8ff0c000c000c000c00,2e000e00f6fff6ffeeff00001400f4ff260006000c00e0ffeeff00001600f6ff,eeff0000f8ffdaff0e000e00d4ff0400fc904e500663f0913acefe6246ed10ce
170,170,0,0a00fcffeeff300000001000ecff0c00faffcaffeeff0c0002001200defffeff,e4fff4ff1c00fafff2ffe2fffaff1a00f2fff2ffd8ffd8fffaffcaff0c00ecff,fcff0e000400f6ff1000deff04000400e8fff8fffefffeff0000deff16001600,eeff0000daff46001e00ecfff4fff4ffb2cdd46214ed12cd6e4f7cee5291804f
171,171,0,ecff0a000000100010003000fcff1c000c00dafffefffeff4000e4ff1e00eeff,120002000c00daff3e00e2ff0a00faff0400e2ff540006000c000c000c00dcff,0e000e000400f6ff1000000024001400f8ff0600fefffeffeeffdeff06000600,2000ceffe8ff06000e000e0004000400384f0cee4092ee505e63029190cd4863
172,172,0,bcfffcffeeffeeff1000f2ffecfffcff2c001c000c002c00020002000e00eeff,12000200eaff0c000000e2ffeafffaff14000400260046000c000c00ecffdcff,2e001e00400014001000eefff4ff1400f8ff1600fefffeffeeff2000f6ff1600,0000eeff060016000e001e001400d4ff54633c91d2cb8663aceeeacc704f2aee
173,173,0,2a00fcff0000ceff0000f2ff0c001c000c000c00eeffeeff020040000e000e00,2200f4ff0c00faff2e004c000a000a000400f2ff160036000c001c00ecffdcff,1e001e0014000400eeff10002400140016002600feff0c00deffeeff26002600,deffeeff0600e8ffecff1e00e4ffd4ff0cef02cd184e14ee32910e4ff8638291
174,174,0,ecfffcffdeff0000f2ff0000fcffecfffaffdaff1c00cefff4ffe4ffdeff0e00,1200f4ff2c00faff0000f2fffaff0a001400f2ff360026003c001c00dcffecff,0e002e00040022001000eefff4ff0400d8fff8fffeff1c000000defff6ff1600,000000004600dafffcffecffe4fff4ff5c91d84e3464b692eacc606490ef68cc
175,175,0,fcffecff000010003000f2fffcff0c00fafffaffdeffeeff12000200eeff2e00,120012000c00faffe2ff00000a001a000400f2ff26001600faff0c00ecffecff,1e00fcffe6fff6ffdeff100014001400d8ffe8fffeffeeffceff000016002600,00001000cafff8ff1e00ecfff4ff1400b2cca463f0ee04cb8e4e4cefd2915a4e
176,176,0,dcfffcff1000000010001000ecffecfffaffeaffeeffeefff4ff0200deffeeff,0200f4ff1c000c00d4ff2000faff0a001400f2ffc8ff06000c00eaff0c002c00,0e00fcff1400140010000000f4ff0400e8fff8fffeff2a000000cefff6fff6ff,3000ceffcaff06000e00ecfff4ffe4ffcc4d02f0d692224db0649291a8cb2864
177,177,0,0a00ecff00000000e2fff2ff1c00fcfffaff1c00eeff0c00d4ffe4ffdeff0e00,1200f4ff0c001c00e2ff2e000a00faff140004003600f8ff0c001c002c003c00,2e000e00f6ff0400eeffeefff4ff2400060026001c00d0ff1000000006000600,30000000f8ffe8ffdcff0e000400e4ffea649c91acc9846490f06acc2a4e20f0
178,178,0,fcfffcffeeff200020001000ecffdcfffaffbaffeeffeeffd4ff02000e001e00,f4ffe4fffaff1c00e2ff20001a00faffd2fff2ffd8fff8ff0c00faff2c000c00,2e00dcff140022000000eeff0400f4ff0600f8ff0c00eeffeeffeefff6ffe6ff,eeffeefff8fff8fffcff1e000400c4ffbcf0aecb724cb0ef72912e4db064f291
179,179,0,fcffecff1000eefff2fff2fffcff0c00faff0c00feffeefff4ff0200ceff0e00,120012000c001c00e2fff2fffaff0a00f2ff0400d8ffc8fffaff0c001c00fcff,ecfffcff140004001000deff14001400260026001c00feffeeffeeff16001600,eeff3000f8ffcafffcff1e00f4ff2400cc917c4dd464e692aacb50642af168cb
180,180,0,ecff0a00000000003000f2fffcffecffdaffdaff1c000c0002001200feffeeff,d4ff0200faff0c003e00f2ff0a000a00d2ffe2ff360026004c00eaffecff0c00,dcfffcff040022000000eeff2400a4fff8ff2600e0ff0c001000eefff6ff0600,10001000daff46001e00dcff140034008cca1a65cef0dcc94e4d50f1d291104d
181,181,0,fcffecffdeffeeff0000f2ff0c001c000c000c000c004c0002001200deffeeff,12002200eaff0c002e00e2ff0a00faffe2ff14000600f8ff0c000c000c000c00,dcff0e0004001400deff000004001400e8fff8ffeeffeeff2000000026000600,1000eeffdaff16000e00dcff54002400dc4c7ef1f692144c0065c2914cca0065
182,182,0,0a00ecffeeff0000000010000c00dcffcaffcaff1c002c000200e4fffeffdeff,30002200faff0c002e00e2ff1a000a00f2fff2ff0600e8ff2c000c002c00fcff,8cfffcfff6fff6ffceffeeff04001400f8ffe8ffe0ff1c000000000016000600,1000defff8fff8ffecff0e000400d4ff5a659c91fcc8f46424f214c9584c0af2
183,183,0,dcfffcff1000deffe2ff0000fcfffcff0c00faffeeffeefff4fff4ff0e000e00,12001200eaffeafff2ffe2ff0a00fafff2ff14001600b8ff0c002c00dcffccff,1e001e0014001400eeff100004002400f8ff06000c00feffdeff000006000600,deff10004600daffecff1e000400240038f2b2c9644bccf1c291fe4c80652292
184,184,0,bcffecff00002000f2fff2ff0c00fcff0c00eaffeeff3c0102005e00eeffceff,e4ff2200fafffaff0000f2ffdaff0a00f2ff1400360006000c000c001c00fcff,fcfffcff0400220000000000f4ff0400f8ffe8ff0c000c000000200016001600,ceff00000600daff1e000e00d4fff4ffec91184c5465269374c92e66caf29cc9
185,185,0,ecff0a000000000000000000bcff0c00daff3c00feffceffe4ff02000e00deff,12001200fafffaffe2ffd4ff1a000a00f2ff04000600e8fffaff0c001c003c00,0e000e000400f6ff10000000f4ff240006000600feffd0ffeeffeeff06001600,10000000f8fff8ff3000baffd4ff1400d2c8aa6572f2dec7ce4bd4f23292f84b
186,186,0,fcfffcffeeff1000f2ff10001c000c00faffbaff1c002c0030002200ceff1e00,020002001c00daff2000f2ff0a00fafff2ff14003600e8ffeafffaff3c001c00,1e000e001400040020001000f4ff2400160016000c00feff40000000f6fff6ff,2000beffdaff46000e00dcff04001400c84b78f36693c44a1e66b8920cc99065
187,187,0,1a001a00eeffeefff2ff1000fcff1c00daff1c00ceffeeff30002200eeff0e00,f4ff0200fafffaffe2fff2fffaff1a00d2ff1400160026000c002c00ecff1c00,1e001e002200f6ffeeffdeff040004000600e8fffeffe0ffeeffdefff6fff6ff,deff0000f8fff8ffecff0e00f4fff4ff366656925ec7a46556f454c9284b66f3
188,188,0,fcfffcff0000eeffe2ff10000c00fcff0c001c00eeffeeff22000200deff1e00,f4fff4ffeaffeafff2ff2e00faff1a00f2fff2ffe8ffd8fffaff2c00fcff2c00,ecfffcfff6fff6ff0000000024000400e8ffbaff1c00eeff2000eeff16000600,0000eeff0600e8ff0e000e000400e4ffd8f372c8144af2f498924e4a10668292
189,189,0,fcfffcff1000deff10001000fcff0c000c00faffceff0c0012001200deff0e00,120012000c000c002e000000faff0a00360004003600e8ff1c00faffdcff0c00,0e00fcfff6ff14000000eeff14002400f8ff4400fefffeffeeffeeffd6ffe6ff,deff20000600e8fffcff1e000400f4ff4692784b0266749380c73e66fef452c8
190,190,0,0a00fcffeeff0000e2fff2fffcff0c002c00faffeeff1c0002001200feff2e00,12000200faff0c002e0020004a000a002400f2ffc8ffe8ff0c00faff1c001c00,0e001e00140014001000100024000400caffe8ff0c00eeffeeffeeff06001600,00001000dafff8ff0e00fcffe4ff44009cc7666612f650c64e4a06f5b2925c4a
191,191,0,1a00dcffeeff0000f2ff00000c000c00faff0c000c002c00f4ffd4ffeeff0e00,020012000c00eafff2ffe2ffeaffeafff2ff040036000600fafffaffccffecff,3e002e00140022000000eeff14001400cafff8ff1c001c000000eeff06000600,1000eefff8ff1600fcffbafff4ff1400f64a94f584933049ae66589252c7f266
192,192,0,0a000a00eeffdeff10002000ecfffcffdafffaffeeff0c00f4fff4ff0e00feff,220002000c000c00d4ffe2fffaffeaff1400f2ff0600f8ff0c000c00fcffecff,2e00fcff14000400eeffeeff140024002600baff0c00feff0000ceffe6ff0600,6800eeff16000600fcff1e0054000400e666769220c6326656f596c6dc494ef5
193,193,0,0a00ecff0000ceff000000000c00fcff0c00faffeeff1c0102000200eeff2e00,020012000c00fafff2ffe2ff0a000a0004000400d8fff8ff0c000c001c00fcff,0e001e002200f6ffeeff200004001400e8fff8ff1c000c00ceffeeff0600f6ff,deff00001600caffdcff0e002400e4ff20f6dcc6a048d0f6d8921e4ae266b292
194,194,0,0a000a000000eefff2ff10000c000c000c001c00eeff1c00e4ff02000e00feff,020012000c000c00c4ff3e000a000a0004002400f8fff8ff0c000c001c00ecff,ecff0e0014001400eeffceff040014000600f8fffefffeffeeff10002600f6ff,ceff4800f8ffe8fffcfffcff1400f4ffe6923c49e066949368c57e672ef660c6
195,195,0,fcfffcff0000eeff00000000ecffecff0c00fafffeff0c001200d4fffeff0e00,020002001c001c00000000000a00faffe2ff0400e8ff0600faff0c00fcffdcff,8cffdcff14001400deffeeff24001400e8ff0600feff1c000000ceff1600f6ff,00001000daff06000e00fcffe4ff04005cc6266720f790c5d84836f602930c49
196,196,0,0a00ecffeeff000020001000fcffecfffaff0c000c000c00f4ffe4fffeffeeff,020002001c00faff4c00e2fffafffafff2ff1400f8ffe8ff0c002c00dcffdcff,1e001e00140004000000eeff14001400e8ff0600feffeeffeeff0000f6fff6ff,10001000e8ff54000e00dcff240014000c4940f7e4932e481e671893c0c58267
197,197,0,0a00fcff00001000f2ff0000fcffdcfffaff2c00eeff2c000200e4fffeffeeff,e4ff12000c00eaff3e00f2ff0a000a0036000400e8ff16001c002c000c00fcff,0e00fcfff6ff1400eeff000024001400f8ff06000c001c00eeffeeffe6fff6ff,1000eeffe8fff8ffecfffcff2400d4ff3667e69232c520671af828c592488ef6
198,198,0,0a00ecffdeffdefff2ffe2ff1c000c00fafffaffceffeeff1200f4ffdeffdeff,300012000c00daffd4ffe2fffaff1a00f2ffe2ffc8ffd8ff0c00faffecffecff,fcfffcff2200f6ffeeff0000140004005400f8fffeff2a00eeff10002600e6ff,deff00001600caffecff0e003400f4ff16f880c54e471ef80893844782675e93
199,199,0,fcfffcffeeffcefff2ffe2fffcff0c00fafffaff0c002c00d4ffe4fffeffeeff,22000200eaff0c00f2fff2ffeaff0a00f2ffe2ff0600e8ff2c000c000c002c00,0e000e00140014000000100024000400f8ff26000c001c000000eefff6ffe6ff,deff2000f8ffdaffdcff1e00c4ff140016938c482067749438c43e6716f800c5
200,200,0,ecfffcffeeff1000f2ff2000fcff1c00faffeafffeff0c000200e4fffeff0e00,020022000c00faff20002e00daffeaff0400e2fff8ff26000c00faff0c00ccff,0e00dcfff6ff1400eeffeeff14000400f8ffcafffefffeff200000000600f6ff,00002000060006003000ecff0400e4ffe0c41c68eef8a2c494472af96e930248
201,201,0,ecfffcff0000eeff100010000c00fcff1c00caffdeffeeff1200f4ffeeff0e00,1200f4ff0c00eaff0000d4ff0a00faff14001400f8ff06000c00eaff1c002c00,0e000e00f6ff14000000ceff0400f4ff0600e8ff0c000c001000deff06000600,1000deffcaff16000e00fcff04000400b64798f81494ee46ce67189358c4e267
202,202,0,2a00fcff00000000f2ff3000fcfffcff1c001c00eeffe2fed4ff0200eeff0e00,12002200faffeaffe2ff2e000a00fafff2fff2ff360046000c002c000c00ecff,fcff2e000400f6ffdeffdeff04001400e8ff2600feff1c00000000000600f6ff,2000defff8ff0600ecffecff340024003c68669312c390672af9c6c2824738f9
203,203,0,ecff0a0000001000200000000c00ecff0c001c002c010c00020030002e00feff,020012001c000c0000001000eaff0a00f2fff2ff06003600faff0c000c00ecff,ecff0e001400f6ff0000eeff14001400e8fff8ff0c00e0ff1000eeff16001600,eeff10005400e8ffecff30000400040058f9ecc33046c6f9389354473268ae93
204,204,0,fcffecff0000eeff0000f2fffcffdcff0c00faffceffceff12001200fefffeff,0200e4ffeafffaffe2ff2e00faff0a00e2ffd2fff8ffd8ff2c000c00acff0c00,fcfffcff1400140000001000f4ff0400caff34000c001c00eeff200006000600,ceff3000f8ffdaff0e001e00e4fff4ff76932647b0673494e6c2926878f988c3
205,205,0,fcfffcff1000ceff10003000fcff0c001c00dafffeff1c00f4ff0200eefffeff,220012000c00fafff2ff20001a000a00d2fff2ff06000600faff1c000c000c00,0e00dcfff6ff14000000eeff04001400baff2600eefffeff1000eeffe6fff6ff,00001000e8fff8ff0e00fcffd4ff2400c0c25c68bafac2c24446aaf9be93a246
206,206,0,fcfffcff0000200020002000fcfffcfffaff1c00eeffeeff0200d4ffeeffeeff,120012000c00faffd4ff3e000a000a000400e2ff0600c8ff2c001c00fcff0c00,fcfffcffe6ff1400eeff0000140024000600caff0c00eeff00003000f6ff0600,2000eeffdafff8ff0e00fcff14002400da4572fad49442457268da9318c36268
207,207,0,ecff0a00eeff20001000e2fffcff0c00caff1c00feff1c0022000200feff0e00,e4ff1200faff0c002e00e2ffdaff0a00f2ff040006000600dafffaff1c000c00,dcff0e0014000400eeff0000e4ff1400baffd8fffefffeffdeff100036000600,2000eeff16001600fcff0e002400e4ffac68d693b0c170684efb66c2b045c8fa
208,208,0,ecfffcff2000defff2ff20001c00dcff0c000c001c000c00f4ff1200fefffeff,02001200faff0c003e00e2fffaff0a00e2ffc0ff0600e8ff1c000c000c00fcff,fcfffcfff6ff04000000100024001400f8fff8ffeeff1c001000eeff36000600,deffeeff1600f8fffcff30001400d4ff22fb10c2e2447afbda93c644cc680e94
209,209,0,fcfffcff1000eeff0000f2ff1c00fcff0c000c00feffeeff020012003e00feff,02000200eafffaff3e00f2fffaff0a00d2ffe2ff160016002c00faff0c00fcff,0e00fcffe6fff6ffdeff000014000400baff1600feffe0ff0000000006001600,deff5800daffcaff1e00fcffc4ff0400c693aa457068e49492c1c2685afb4cc2
210,210,0,fcff0a0000000000200010000c001c002c001c004c00e2fe1200f4ffceffeeff,12001200faff0c002e00d4ffeaffeafff2ff0400e8ffe8ff2c00fafffcfffcff,1e000e0004000400eeffceff14002400f8ffe8ff0c000c00ceffdefff6ff0600,10002000baffe8ff0e00fcffd4ffe4ff36c1ec687afc60c1b64420fc3e946045
211,211,0,0a000a00000020002000d2ffecff0c001c001c002c002c00d4ff02000e000e00,020012000c000c00f2ffe2fffaff1a00c0fff2ff36009aff0c00faffecffccff,fcff0e00140014000000ceff1400f4fff8ff26001c000c000000eefff6ff1600,10000000f8ff1600fcffecff04003400ba4494fc54954244e268fa934cc11c69
212,212,0,0a00ecff0000000020001000fcff1c00faff1c001c002c00f4ffe4ff1e002e00,f4ff0200eaff1c00f2ff20000a00eaffd2fff2fff8ffd8ff2c000c00ecff0c00,0e00ecff140014001000000014001400caffd8ff1c001c001000eeff0600e6ff,0000deff06000600dcffecff3400f4ff3c69169410c1a068d0fc22c00844c2fc
213,213,0,0a00fcff0000eeffe2ff0000fcff1c00faffeaffeeff0c0002001200eeff1e00,0200f4fffaff1c0010003e00caff5a00f2ffb0fff8ff1600eaff1c000c00ecff,fcff0e00f6ff1400ceff0000140014001600caff1c00eeff0000000006000600,000010001600daffecff30002400f4ff04fd26c07443eafc8a9436448c699e94
214,214,0,fcfffcffeeff0000e2ff2000fcff0c00faff0c000c00eeff0200e4fffeff1e00,f4ff22000c002c00e2ffd4fffaff0a00d2ff0400e8ffd8fffaff1c002c004c00,fcfffcff0400140000000000140004000600caff0c000c00eeff0000f6ff1600,eeff10004600dafffcff3000f4ff1400749442436269249542c0b26902fd7cc0
215,215,0,0a001a00200010000000f2fffcffecff0c000c000c00eefff4ff1200eeffeeff,220012001c00faff20002e00fafffafff2fff2fff8fff8ff0c00eafffcff1c00,0e00fcff1400f6ff10001000f4ff04000600e8fffefffeff2000deff16000600,00000000f8ff06001e00fcffc4ff240016c06c69b8fde0bfc643d0fcae94f843
216,216,0,ecfffcff1000eeff00000000dcff0c002c001c001c000c0002001200eeffeeff,1200f4ff0c00faffe2fff2ff0a000a00d2fff2fff8fff8ff1c002c000c000c00,2e008cffe6ff14000000deff04002400f8ffd8ffeeff1c00eeffdefff6ff0600,58000000daff16003000ecff1400f4ff124374fd5495644362697a94aabfcc69
217,217,0,dcfffcffdeff0000e2fff2ff0c00fcfffaff0c000c001c0030004000eeff2e00,f4ffe4fffafffafff2ff00000a000a00f2fff2ffe8fff8ffeaff2c00fcfffcff,0e00fcff0400f6ff0000eeff04002400060006000c00feffceff000016001600,1000deffe8ff1600dcff0e001400f4ffae69a49432bf6269f0febebf084312fe
218,218,0,0a00fcff000000000000f2ff0c00ecfffaff2c00feff2c0102001200defffeff,f4ff12002c000c0000000000eaff1a00d2ff0400f8ff06000c001c00fcfffcff,dcfffcff14000400deffeeff0400f4ff440006001c00feff0000000026000600,deff00001600caffdcff1e000400d4ffb0fe20bfb442f6feea941442fc690695
219,219,0,fcffecff0000000020001000fcffecffeafffaff0c00e2fe3000f4ff1e00eeff,f4ff12001c001c000000f2fffafffaff0400f2ff360006000c00eaffdcffecff,fcffdcff2200140020001000e4ff1400e8fff8ff0c00eeffdeffeeffe6ff0600,eeff30001600daff0e00fcff1400240072951242066ab4959ebe266a1aff1abf
220,220,0,fcff0a001000eeff10002000fcff0c000c00faff1c000c0002000200eeffeeff,120012000c001c00e2ff00000a000a000400f2ff0600d8ff2c003c000c00dcff,0e00ecfff6ff3200deff3000f4fff4fff8ffd8ff0c001c001000defff6fff6ff,10000000daff06000e00ecffb4ff040080be386a66ffb2be3442b0ff16955c42
221,221,0,1a00ecffdeffeefff2ffe2ff1c001c001c000c00deff2c0002000200eeffceff,02000200eaff1c00e2ff0000eaff1a0014000400160016001c002c00ccffdcff,dcffdcff1400f6ffeeffdeff1400040016003400feff0c00ceffeeff16001600,5800eeffcaff16001e00ecff2400140048410800e4952442666a2a9542be2c6a
222,222,0,fcfffcff10000000f2fff2ff1c000c000c00daff1c00ceff020012001e000e00,f4ff1200fafffaffd4ffd4ff0a00faff14001400d8fff8ffeaff2c001c000c00,0e000e000400f6ff2000deff040004000600e8fffeff1c00eeffdeffd6fff6ff,0000ceffe8ff0600dcfffcff24000400486ab295d4bd366a36000ebdcc41daff
223,223,0,ecfffcff00000000f2ff20001c000c001c00faff2c000c0002001200eeff0e00,e4fff4ff2c000c00f2ff00000a001a00e2fff2ff1600e8ff0c00eaff0c00ecff,0e00fcff140004000000eeffd4ff1400f8ff0600feff1c00eeffceff0600f6ff,000000005400dafffcff1e001400e4ffa80030beee4084003a9590415c6a9695
224,224,0,ecff1a00eeff00002000f2fffcfffcfffaff0c001c001c0030001200feffeeff,12001200eaff1c00e2fff2ffeaffeaffe2ff0400d8ffc8ff2c00eaffecfffcff,fcfffcff14001400eeffceff040004002600f8ff1c000c00eeff0000d6ff0600,deff00000600daff1e000e00c4ffe4ffd295f840066a44966ebdc66a9c00c2bd
225,225,0,ecfffcffeeff0000f2fff2ffdcff0c00faff2c000c00eeff120022002e00feff,020012000c001c002e0000000a00fafff2ffe2ff1600b8fffaff0c000c00ecff,1e000e00040014001000100004000400f8ffe8ff1c000c00100000000600f6ff,00000000e8fff8ff0e00fcffe4ff040024bda86a040144bdc040c600c6950c41
226,226,0,ecfffcff100000001000e2ff0c00fcff0c00faffeeffeeff02000200feffeeff,f4fff4ff0c001c00f2ffd4ff0a000a001400f2ff36000600faff0c00ecffecff,0e002e001400f6ff1000eeff0400f4fff8ffe8ff1c00feff1000100006001600,0000eeffdaff0600ecffdcffe4ff3400a8406801a2967040a66b8a96e2bcf86a
227,227,0,dcffecffdeff00002000f2fffcffdcffeaff1c00ceffeeff30001200feff3e00,020002000c001c0020002e000a00faffe2ff0400260006001c00faffecfffcff,0e009cfff6fff6ff0000eeff1400240006004400feff0c002000deff16000600,0000eefff8ff4600ecff0e00f4ffd4ffb86a3e9656bc966a5a029ebc92406c01
228,228,0,fcfffcffeeffeeffe2ff1000fcffecff2c000c000c00eeff40004000cefffeff,0200e4ff1c001c00e2ff10000a005a00e2ff0400f8fff8ff0c002c000c00dcff,0e000e00140004001000eeff04000400f8ffd8ff0c000c00eeff000006000600,deff0000160016000e004000140004008202a4bc623fd401ca954c3f286b3696
229,229,0,ecfffcff0000eeff2000f2ff0c00fcff0c002c00feffeefff4ffe4ffeeffdeff,f4fff4ff0c001c00000000001a000a0004001400e8fff8fffaff0c000c001c00,0e000e0004000400eeffeeff040004001600f8fffefffeff0000000006001600,eeff0000f8fff8fffcff0e0004002400a096e83fd66ae0965cbb966b7c026abc
230,230,0,0a00fcffdeffeeff10000000fcfffcff1c001c002c002c00e4ff1200defffeff,e4ff12001c000c00e2ff00001a000a00240014000600f8ff0c00faff1c00ecff,0e000e0014001400ceffeefff4ff1400f8ff06001c002a00eeffdeff06001600,deff0000f8fff8ff0e00fcffe4ff240090bb186be802c6bb7c3f7a0316966a3f
231,231,0,fcffecffeeff1000f2fff2fffcff0c00faff0c000c002c00f4fff4ffdeffeeff,1200e4fffaff0c00f2ff4c000a00fafff2ffd2ff3600e8ff0c001c00ecff0c00,2e008cff0400f6ff100000001400f4ff260016001c00feff3000100016000600,eeffdeffdaff16001e00ecff04003400323f7203e096223f166cda95fabb586b
232,232,0,fcfffcffceff000000001000fcfffcff3c000c00eeffeeff0200e4ffbeffdeff,f4fff4ff2c00faff000000004a00faffe2fff2ff160026001c00caff1c00ecff,0e00fcff1400f6ffeeff0000f4ff04001600e8ff0c002a000000000006000600,0000eeff0600f8fffcfffcff0400d4ff086bd09666bbd66a5a03bcba923e8803
233,233,0,fcffecffceffdeffe2fff2ff0c00fcff0c00faff2c00eeff40002200eeffceff,1200e4fffaffeaff20002e000a004a001400f2ff0600e8ff0c00eaff0c00fcff,acfffcff0400f6ffeeff0000f4fff4ffe8fff8ff1c001c000000000006002600,deffeeff5400daffecff1e000400f4ff620300bb523e5604da96bc3eb86b9696
234,234,0,fcff0a00eeffeefff2fff2ffecff0c00fafffaff0c00f2fef4ffb6ffeeffeeff,f4ff12002c000c00e2ff2000eafffaffd2ff0400060006002c00daff1c001c00,0e001e00f6ff040000001000f4ff2400f8ff260066001c00eeffdeffe6ff0600,deff1000f8ffdaff0e000e00d4ffe4fff096823e066b7097dcba266c280408bb
235,235,0,fcffecffdeff0000f2ff0000fcfffcff0c00faff1c00feff120002000e00feff,12001200faff0c0020003e000a00fafff2ff1400c8ff46000c000c00fcff1c00,0e000e00140004000000eeff040014002600f8ff1c000c000000eeff06001600,eeff000046000600ecffecffd4fff4ff50ba586b6604b6ba1c3eec03e696f23d
236,236,0,0a00fcff0000eefff2ffe2ffecff0c003c00faff0c000c00f4fff4ff0e00feff,020012001c000c002e0020000a000a00e2ff140016002600faff1c00acffecff,1e000e000400140010001000140014000600e8ff0c002a0000001000f6fff6ff,1000deffdaff46001e00ecfff4ff2400663d08050098463d466c0a9748bac86b
237,237,0,fcfffcff00000000100000000c001c00faff0c00feff0c00f4ff12002e00eeff,f4ff02000c000c00e2ffd4ff0a00eaff04000400060006001c000c000c000c00,0e000e00140014000000000024002400f8ff1600eefffeff0000eeff0600e6ff,2000000016001600ecff0e001400f4ff986b4097b6ba566b3c051cba123d5005
238,238,0,ecfffcff0000eeff00000000dcffecff0c00faff1c000c00e4fff4ff3e000e00,120012001c001c00d4fff2ff0a001a0004001400360026001c001c00fcffecff,dcff0e0014001400eeffeeffe4ff0400d8fff8ff0c001c002000eefff6ff0600,deff00001600daffecff1e001400d4ff7406a6b9663d86056a979c3c086c5e97
239,239,0,0a00fcff000000001000f2ffecffecff1c00daff0c00f2fe0200f4fffeff0e00,f4ff02000c000c00d4ff2e000a000a00140014000600d8fffaff0c00fcff0c00,fcff2e00040022001000100014001400f8ffd8ff0c001c0020000000e6ffe6ff,deff10001600caff1e000e00d4ff24009097d63c566be097f8b8566c800588b9
240,240,0,fcfffcffeeff00002000e2fffcffecff1c001c00feff3c01f4fff4ff1e000e00,12001200eaff1c000000f2fffaff0a00e2fff2fff8fff8ff2c000c00ecfffcff,0e000e00e6ff1400000000000400f4ffe8fff8ff0c00feff0000100006000600,deffeeffdaffe8ff0e00fcff0400240016b9d86b6206a0b94c3c1a07ae974a3c
241,241,0,ecffecff0000100010001000dcfffcff1c001c000c001c01d4ffd4ff0e00eeff,e4ff0200fafffaff2e003e00faff0a00e2fff2ffe8ffd8fffaff0c001c000c00,ecff1e00d8fff6ff000000002400240026001600feff1c00eeff0000e6ff2600,2000defff8ff16000e00ecff04001400103cf4066098163c866c6a97c8b8386c
242,242,0,0a00fcffeeffeeff10001000ecff0c000c000c00eeff0c00020002000e00feff,02002200eafffaff2e00d4ff0a000a00e2ff0400d8fff8fffafffafffcff0c00,1e00dcff04000400100000000400f4fff8ff3400eeff0c00deffeeff0600f6ff,0000cefff8ff1600fcff0e000400e4ffd86b36980ab9966bfa06b4b79a3b2007
243,243,0,fcff0a00eeff00002000f2ffecfffcfffafffaffeeff0c00e4ff0200eeff0e00,f4ff0200fafffaff1000e2ff0a00faffd2fff2ff2600d8ff0c00eafffcffecff,fcff1e0014000400eeff0000f4ff0400f8ffe8ff0c00eeff1000eeff06000600,eeffeeff1600daffecff0e0024000400bc0766b8963b92072e982c3c486cee97
244,244,0,fcffdcff000000005c000000fcff1c000c000c001c000c00e4ffe4ff3e00feff,1200e4ffeaff0c00e2ff10000a001a00f2fff2ff06003600eaff1c000c00ecff,0e00fcff140004001000200014000400e8ffcaffeeff0c0000001000f6fff6ff,eeff0000f8fff8ff1e003000f4ff04003698b23ae66b709884b7e66c500888b8
245,245,0,0a000a00deff00000000d2ff0c000c000c000c000c003c01f4ffe4fffeff0e00,1200f4ff3c000c0020000000faff0a0004000400e8ff16001c000c000c003c00,0e001e000400f6ff1000eeff14002400e8ff06001c000c000000eefff6fff6ff,00001000daffe8ff3000bafff4fff4ff70b7ca6ca2072ab8ea3a6a07fe970a3b
246,246,0,ecfffcffdeff10000000f2ff1c00ecfffaff2c00feff2c00e4ff02002e00eeff,f4ff1200faff1c00f2ff2e000a001a001400e2ffc8ff0600faff0c00dcff3c00,0e00fcff140022000000000004001400340016000c001c001000deffe6fff6ff,1000deffcaff54003000fcff04001400423a5c08c098e63a066dbe98c6b7c06c
247,247,0,ecfffcff10001000f2fff2fffcffecffcaff1c004c000c001200f4ff2e00eeff,0200f4ff1c000c00f2fff2ffeaff0a000400f2ffe8ffe8ff0c000c000c000c00,0e000e00140014000000200004001400d8ffcaffe0fffeff10000000f6ff0600,1000eeff16001600ecff1e001400f4ffda6ca698bab7e66b7e0884b74e3ac208
248,248,0,fcffecff10000000f2ff1000fcffecfffafffaff0c00f2fed4ff02000e00feff,f4fff4fffafffaffe2ff2e00faff4a00f2ff1400060046000c000c003c000c00,fcfffcff14001400100010000400f4fff8fff8fffefffeff000020001600f6ff,deff10001600f8ffecff0e000400d4ffdc0820b7083ab2087e988639006d9098
249,249,0,fcff0a00eeffeefff2ff1000ccfffcff1c00fafffeffceffc6fff4ffeeffeeff,120022001c00daff2e000000faff1a000400f2ff0600f8fffafffaff1c00fcff,fcff0e00140004000000100014000400f8fff8ff1c00eeffdeff0000f6ffe6ff,eeff20005400cafffcfffcffe4ff0400b698123a466c4099a2b6d66cb20936b7
250,250,0,fcffdcff0000deff20000000fcffecffeaff1c00feffeeffd4ff02001e001e00,020002000c001c00f2fff2ff0a00fafff2ffd2ffd8ffe8ff2c000c00fcffdcff,1e000e00f6ff22000000eeff2400f4ffd8ff06000c00eeffeeff0000e6fff6ff,deff1000daff06001e00fcffe4fff4ffd0b61a6d40097ab71a3a720ad098c839
251,251,0,0a00fcff1000200020000000fcffecffdafffaff0c011c01c6fff4ff1e000e00,f4ff12000c00faff20002000fafffaffd2fff2ff1600c8ff1c001c00dcff0c00,2e000e000400140000003000f4ff1400d8ffe8ff0c001c000000eeff06001600,2000eeffdaff1600fcffecff0400e4ffd8386c094e99183a366d8e988eb6006d
252,252,0,fcff0a00ceffeefff2fff2ff0c001c000c00faff0c00eefff4ffe4ff0e003e00,0200e4ffdaffdaff2e002e000a000a00d2ffe2ffc8ffc8ff0c001c002c001c00,0e00fcff22001400eeff1000140004000600f8ffeeff1c00deffceff1600f6ff,3000ceff1600f8fffcffecff2400f4ff3a6d36993eb6a46c320a12b5f838820a
253,253,0,fcff0a001000ceff10002000dcff0c00cafffaffdeff2c00d4ffe4ff3e00feff,020002000c000c00f2ffe2fffaffeaffe2fff2fff8ffb8ffeaff1c000c00fcff,0e001e0014001400eeffeeff14002400f8ff44000c00feff0000eefff6ff1600,000010000600daffbaff1e004400d4ff560a30b62239f009fe981639606d7099
254,254,0,0a00fcffeeff0000f2ff20000c00dcfffaff1c00feff2c00f4ffe4ff2e000e00,020002001c000c002e002e00fafffaffe2fff2fff8ffe8fffafffafffcfffcff,1e00ecfff6ff0400100000001400f4fff8fff8fffefffeffceffeeff1600e6ff,ceff20004600e8ffecff1e00c4ff040066993838a46c8e99c2b5c86d560bceb5
255,255,0,ecff0a00000010002000f2fffcfffcfffaff2c00deff1c0102003000feff2e00,e4ff02000c00faffd4ffd4ffeafffaffe2fff2ffe8fff8ff2c000c00dcfffcff,0e000e00040004000000eeff04002400f8ff3400eeff0c000000eefff6fff6ff,deff2000f8ffe8ff1e00fcffb4ff140054b55a6dc00afeb57638d20a90997838
256,256,0,1a001a00000000000000e2fffcfffcffdaff1c003c010c00f4fff4ffdeff2e00,0200f4ffeaffeaffe2ff3e000a00eaffe2ffc0ffd8ffd8fffafffaff2c000c00,0e001e00f6ff0400100000000400540026000600eefffeffeeff1000f6fff6ff,3000eeffdaff06000e00fcff140014008237460bce99a238d86d6e996eb5b06d
257,257,0,ecff0a000000eeff1000f2fffcff1c00eafffaff0c00eefff4ffd4fffeff2e00,1200e4fffafffafff2ffe2ffeaff0a000400240006000600eaffeafffcffecff,0e000e0022000400eeff00000400f4ff0600e8ffe0fffeff00000000f6ff0600,1000defff8ff6400fcfffcff0400d4ff9a6db6993eb5e46c720bc2b42637360c
258,258,0,0a000a0020000000300000000c00fcffdaffdaff0c001c00f4ff1200eeffeeff,f4ff0200fafffaff3e00e2fffaffeaff140004001600e8ffeaff0c00ecffdcff,0e009cff14001400eeff00001400e4fff8ffcaff1c001c0000000000f6ff1600,deffeeff1600dafffcff3000e4ffc4ff020dc4b49e37580b9e99d236706dd099
259,259,0,0a00fcff00000000f2ff20000c00ecff0c00fafffeff0c00e4ff2200deffceff,0200e4ffcaffeafff2ff2000fafffaff0400f2fff8ff06000c000c00dcff1c00,acff9cff14000400eeff000004000400caffd8ff1c001c00deffeeff06001600,ceff10000600caff0e001e001400b4ff609a1237046d1e9a42b4666d860c86b4
260,260,0,bcff2a000000ceff100010001c000c00faff0c00ceff2c00e4ff02002e00feff,120012000c00eafff2ffe2ff1a00faff0400f2ffaafff8ff2c001c001c00fcff,ecff2e00f6ff04000000000014002400f8fff8ff1c000c000000000016001600,1000eeffe8fff8ff1e00fcfff4ff140096b3366ec60c5eb48236d20d709a7e36
261,261,0,1a00fcff00001000f2ff10000c001c000c000c001c002c00e4ffe4ffceffdeff,120002002c00daff2e00e2ff1a000a00f2ff0400d8fff8fffaffcaff0c000c00,dcff0e00040014001000deff0400f4fff8ff34001c001c00eeffceff16001600,20000000caff24003000ecfff4ff14007236b20d5e9a1e37086ebe99b0b3d06d
262,262,0,1a002a001000100010004e000c00fcffeaffdaff1c001c0022002200eeff0e00,02001200faff0c00e2ffe2ffeafffafff2ffe2fff8ff06001c000c00fcff2c00,fcff1e00f6ff040010001000f4ff04003400f8ffe0fffeff0000eefff6fff6ff,0000defff8ff0600ecfffcff34000400266e809a0eb4546d620df0b2ee35d20d
263,263,0,fcfffcff20001000e2ff00001c00fcffcaff1c00eeff2c00e4fff4fffeffeeff,0200e4ff1c000c002e00f2ff0a00faffe2ffe2ffd8ff06000c000c001c00dcff,dcff0e0004000400eeff00002400f4ffd8fff8ff2a000c0030002000e6ff1600,ceff00000600f8fffcff1e002400e4ffae0ef6b2fe35f40f729a2236e06d709a
264,264,0,fcfffcff000000000000e2ff0c001c002c00fafffeff1c00f4ff02001e002e00,1200f4fffaff0c00d4fff2ff1a00fafff2ffd2ffd8ffe8fffaff1c00fcff0c00,0e000e00220014000000100014000400e8fff8ff1c000c00eeff000016002600,ceff10001600f8fffcff0e00d4ff1400d09a6635246d4c9bc0b2486ed80e50b3
265,265,0,fcff1a000000deff10002000fcfffcffdaff1c002c000c00e4ff0200eeff0e00,e4ff02000c000c00f2fff2fffaffeaff14003600d8fff8ff0c00faffecff2c00,0e000e0004000400eeff000004000400e8ff06002a000c0010001000f6ff2600,00002000f8ff06003000ecffe4ff2400a6b2466e5410deb33235220ec09afe34
266,266,0,1a00fcffceff10003000f2ff0c00ecfffaffdaff0c003c011200f4fffeffeeff,02002200faff0c002e003e00fafffaffe2ff04001600f8ff0c001c000c00ccff,0e000e0004001400eeff00001400e4fff8ffe8ff0c001c0000003000f6ff1600,1000eeffdaff46001e00ecff14000400e6340e0f7c9b3e35386e229b64b2106e
267,267,0,1a00fcff00000000f2ff00000c000c00faffcaff1c00eeff40000200deffeeff,f4fff4fffafffaff20002000fafffafff2ffe2ff0600e8ff2c001c00dcfffcff,ecfffcff0400040020000000040004000600f8fffefffeffeeff00000600f6ff,1000deffe8ff0600fcff1e001400c4ff566e309b8cb0546d320f60b23634780f
268,268,0,fcfffcffeeff0000f2ff0000fcff0c002c002c002c000c00e4ff3000feff1e00,12001200fafffaff0000e2fffaff1a0004001400b8ffd8ff1c000c001c00ecff,fcff0e00f6fff6ff000000000400f4ff060016000c00eeffeeff100036001600,eeff00001600e8ffecff1e000400c4ff361026b2a0344a11429b6234306e609b
269,269,0,fcfffcff0000eefff2fff2ff0c000c00faff0c002c00eefff4ff02000e000e00,02001200eaff0c000000f2fffafffaffe2fff2ff0600c8ff0c000c00fcff3c00,2e000e0014002200eeff0000f4ff1400f8ff3400feff0c00eeffeefff6ff1600,deff10001600f8ff0e001e00f4ff0400809be033446d3a9c1cb1486e5810f4b1
270,270,0,fcfffcff100000001000f2fffcff0c00faff1c000c000c000200e4ffeeff0e00,22001200eaff2c00e2fff2ff0a00faff1400f2ff0600f8fffaff1c00dcfffcff,fcff0e0014001400eeffdefff4ff0400e8ffd8fffeff2a002000eeff06000600,20000000e8ff16001e00ecffd4fff4ff5cb1966e5e1214b03234e610709bb633
271,271,0,fcfffcffeeff0000000000000c00ecff0c000c004c000c00020002000e00feff,e4ff1200fafffaff2e004c000a00faffe2ff0400d8ffd8ff0c001c002c00ecff,0e00dcfff6ffe6ff1000eeff04000400f8ffd8ff1c00eeffeeff200006000600,1000deffcaff16001e00dcff040024001833a6105a9cd033286e229b74b1706e
272,272,0,0a00dcffeeff0000f2ff10000c001c00fafffaff2c00feff1200f4ff2e00feff,1200e4ffeaff0c00d4ff10000a00faff0400f2ff0600d8ff0c002c00fcff0c00,0e00fcff04000400000010001400140034002600feff1c00eeffeefff6ff3600,5800deff06001600ecfffcff1400e4ffb66ef09ba4afa46d16115cb006334211
273,273,0,0a00ecff1000defff2fff2ff1c00fcfffaff0c001c000c00120022001e00feff,f4ff1200faffeaff2e000000faff0a00f2ff14003600c8fffafffaff1c002c00,fcff1e00140022001000eeff2400f4ff06002600feffeeffeeff0000e6fff6ff,0000deff0600f8ffbaff0e00f4ffe4ff9611ccb01033fe12249c5033806e329c
274,274,0,ecff0a00eeffeefff2ff00000c00fcfffaff0c00eeff2c00f4ff1200eeff0e00,02001200faff0c00f2ff2000eaffeaffe2ffe2ffc8ffaafffafffaff1c00fcff,fcff1e001400f6ff00001000040024002600f8fffefffeff00001000f6ffd6ff,eeff10000600daffecff0e00c4fff4ff209ca832fa6dea9cccb0b86ea212cab0
275,275,0,0a00dcff10001000f2ff0000ecffecff2c00faff0c002a01f4fff4ff0e002e00,f4ff1200faffdaffd4ffe2fffaff0a0014000400f8fff8ff1c000c001c00ecff,2e000e001400f6ff100000001400f4fff8ffcafffeff0c002000eefff6ff1600,00001000caff16001e00fcff040024001cb0d66e7e13f4ae9c31a611929cea31
276,276,0,0a001a00000000002000f2ff0c00ecffdaff1c002a00feff22000200eeff2e00,f4ff1200fafffaff2e000000fafffafff2ff04000600e8fffaff1c00dcff1c00,3e009cff040022002000100014004400160006000c00feffdeff0000f6ff1600,eeff0000daff06001e00fcff140024005e31a0121a9d9032c86ea49ce0afc86e
277,277,0,fcfffcff1000eeff0000e2ff0c000c00dafffafffeff4800020012002e00feff,30000200faffdaffe2ffe2ff4a000a000400e2fff8fff8ff0c00eafffcff1c00,1e00ecfff6ff2200eeffeeff0400f4ff0600f8ffeeff0c001000100006000600,3000000006004600ecffecff04000400e66e8e9cc4ae326eaa126cb0a4310e13
278,278,0,fcfffcffeeffeeff00001000dcff0c00fafffaff0c00eeff02000200deff1e00,0200f4fffafffaff2e00e2fffaff0a001400b0ffd8ff06002c00eafffcffbcff,1e00fcff0400220000000000040004001600f8ff0c000c0030004000f6fff6ff,eeffeeff5400caffdcff30001400b4ffa01396afcc31dc14949c1c31b86eb29c
279,279,0,0a00fcffeeffeeff00000000dcfffcff1c000c00feff0c011200e4ff0e000e00,12000200faffeaffe2ff1000eaffeaffe2ff04001600c8ff0c000c00ecfffcff,0e001e00f6ff040010002000f4ff0400f8fff8fffefffeff00003000f6ffe6ff,deff0000f8ffdaffecff1e00e4ff1400929dde309a6e7a9d38afa86e9e13a0af
280,280,0,fcfffcff100000004e001000dcfffcffcaff0c001c002a00120002001e002e00,02002200eafffafff2ffe2ff1a00faff040004000600d8ffcaffeaff1c002c00,0e00fcff1400140010000000e4ff0400e8ff1600eeffe0ffeeffdeffd6ff0600,eeff1000e8ff16001e00fcfff4ff140006afd66e5c15e6adac3098144a9d8a30
281,281,0,2a00fcff100010002000f2ffecffecffdafffaff48002a000200f4ffeeffdeff,02001200faffeaff2e00f2ffeafffaff1400140006002600eafffaff1c00ecff,fcff0e00f6ffe6ff0000eeff14000400e8ffd8ffeefffeffeeffdeffe6fff6ff,1000eeffdaffe8ffecfffcff240004001e30bc149a9d5c31186fd49cc8ae126f
282,282,0,fcff0a001000000000001000ecffecff0c000c00eeff1c0002000200feff2e00,1200f4fffafffafff2ffc4ff1a00fafff2ff0400d8ff0600fafffaffecff2c00,0e00fcff14000400100030001400e4ff2600f8ffeeff0c00300000001600f6ff,1000cefff8ff1600ecff0e006400c4ff266fd29d38ad8a6e081598aefa2fe614
283,283,0,fcfffcff10001000e2ff5c00fcff0c000c00faff2a000c000200f4ff0e000e00,d4ff12000c00eaff2e00f2ff0a001a002400f2ffe8fff8ff0c00faff1c00fcff,fcff1e000400140010000000e4ffe4ff2600f8ff1c00feff10003000f6ff1600,eeffeeff1600f8ffbaff0e001400e4ff4c15b6aefc304a16749d5c30426ffa9d
284,284,0,bcffecff100010001000e2ffecff2c00fafffaff1a012a002200f4fffeff0e00,12001200faff0c000000e2ff0a000a00e2ff0400d8fff8fffaff0c000c002c00,fcfffcff14001400200020000400f4ff260044000c000c00000040000600e6ff,beff10000600f8fffcff1e00e4ffe4ff709e782f9a6e1a9e38ae086f961558ae
285,285,0,fcfffcff0000000000002000ecffdcffdaff1c00eeff1c0012003000ceffeeff,12003000eaff0c00f2ff0000faff1a00f2ff14000600f8ff3c000c00fcffecff,2e001e00040014000000100014002400f8ff1600eefffeff0000eeff16000600,deff3000daff16001e00dcfff4ff2400baad066faa16e8ac382f08152a9e102f
286,286,0,ecfffcffdeff20004e000000ecff0c001c00faff0c000c0012000200feffdeff,e4ffe4ff0c001c002e002e005a001a001400d2ffe8ff1600eaff0c00dcfffcff,2e001e0014000400eeff1000f4ff040016002600e0fffeff30005000f6ff0600,1000deffcaff16001e00ecffe4ff1400882eaa165a9e962f286f289fc8ad526f
287,287,0,ecffecff100010002000f2ff2c00fcff0c00daff1c00feff0200c6ff0e00ceff,1200f4ff0c000c00e2ff20000a000a00e2ff04001600f8fffaff2c00fcff0c00,0e000e00140004000000eeff24000400f8ff0600eeff0c002000eefff6fff6ff,1000defff8ff0600fcff0e0004000400266fb09e38acea6e681668adf82d7616
288,288,0,dcffdcff000000001000f2ff0c000c00faff0c00eeff2a00d4fff4ff0e00deff,f4ff02001c000c0020002e001a002a001400f2ff160006000c00eafffcfffcff,fcfffcfff6ff040000001000f4ff0400d8ffe8fffeff0c0020000000f6ff0600,deff00001600e8ffecff1e001400e4fffa1608ad662f8817a89fe42c926fca9e
289,289,0,fcff1a001000eefff2ff1000fcff1c001c00fafffeff2a003000f4ffeeffdeff,020002001c00faff2e00e2ffeaff0a0024000400060006000c000c00fcfffcff,0e000e001400f6ffeeff000014000400060054000c000c000000eeff16000600,beff0000f8ffdaffecff0e001400e4ff009f5c2dda6ee89e18ad186fde1748ad
290,290,0,0a00fcffdeff000010004e00ecfffcff0c000c00eeff2a0002001200eeff0e00,f4ff1200faff0c000000e2ffeaff0a00e2ffd2fff8ff0600faffeaff0c000c00,9cfffcfff6ff14000000100004001400e8ff26001c00feff1000200016003600,10001000060016001e00dcffc4ff1400f8ac566ff81708acd42c3c18129f182d
291,291,0,fcfffcffeeffeeff1000f2ff1c000c000c00fafffeff1c00f4ff2200deffdeff,02001200faff0c00d4ff2e000a000a00e2ff0400060006000c000c00ecffecff,9cfffcfff6ff04000000200014000400f8ff1600feff1c001000eeff06003600,1000eeffcaff54000e00dcffe4fff4ff9a2c1018469fa82e386f989f40ac626f
292,292,0,fcfffcff00000000f2fff2ffecff0c00faff0c00e0ffeefff4ffe4fffefffeff,1200e4fffaff1c003e00f2fffaff0a00040014002600f8ff0c000c00ccfffcff,ecffacfff6ff04000000000004000400e8ff06000c000c000000eeff0600f6ff,1000eefff8ff1600dcff1e002400c4ff566f809fd2aaaa6ecc18f8ab402cee17
293,293,0,ecffecffdeffeeff00001000fcfffcfffaffcaffeefffeff1200e4ffdeffeeff,12001200faff1c00f2ffe2fffaffeaff2400f2ff0600e8ff1c004c000c000c00,0e00fcff04000400100020000400f4fff8ffd8fffefffeffeeffdeff0600e6ff,deffdeff1600e8ffdcff1e004400d4ffc01804ac082e20193ca0a42c826f729f
294,294,0,fcff0a000000deff000020000c000c001c00fafff2feeeff2200f4fffeff2e00,f4ff02000c001c00d4ff3e00faff1a002400f2ff0600e8fffaff0c00ecff1c00,9cff1e000400d8ffeeff100014000400f8fff8ff0c00eeff1000200006000600,deff48001600caff0e000e00c4ff040036a0262cda6ee69f48ac386f001910ac
295,295,0,0a00dcff200000004e001000fcfffcff0c00faffeeff2a000200f4ffeeff0e00,e4ff1200fafffaffd4fff2ff1a00eaff14001400d8ff26000c000c001c001c00,0e002e00140004000000eeff04001400f8ffe8ff1c00eeff2000100006003600,00001000f8fff8ff4000ecfff4ffe4ffc4abbc6f561ac2aaa42a4c18e29fc02b
296,296,0,ecfffcff100020003000f2ffdcff0c001c00faff0c00eeff1200d4ffceffdeff,02000200eafffaff3e00f2fffaff0a00240024003600e8ff2c00faff0c00fcff,fcff1e00f6ff0400eeffeeff1400140006000600feff0c00deff000016001600,1000eeffdaff46000e00ecfff4ff04009e2a901946a0882d586fcca040ab826f
297,297,0,fcffecff0000beff00001000fcfffcffcafffaff02fff2fef4ff1200fefffeff,d4ffe4ffeaff0c00d4ff2e00eaff1a00e2ffd2ffe8ff0600faff1c00fcff1c00,fcff7cfff6ff14001000eeff0400040006000600feff1c002000eeff16000600,4800cefff8ff4600fcfffcff1400f4ff766f76a012aa0a6f401a08ac202b6019
298,298,0,fcfffcff20001000f2ff2000fcff0c00fafffaff2a001c00e4ff12000e00feff,f4ff12000c000c000000f2fffaff4a00f2fff2ff3600e8ffeaff0c000c00ecff,0e009cff0400e6ffdeff100004001400f8fff8ff1c001c00eeffeeff26002600,ceffeefff8ffdaffdcff0e002400d4ff2a1ad4aa882de41aeca0a029c26fa4a0
299,299,0,0a00fcff20000000200000000c00ecff0c00faff2c001c001200e4ffeeffeeff,f4ffe4ff0c000c002000f2ff0a00faff040004000600d8ff0c000c002c00dcff,0e00fcff140014003000deff04000400e8ffd8fffeff1c0000000000f6ff0600,deff30001600daff0e000e00d4ff140006a1fe29da6ec6a096aa486f801ad4aa
300,300,0,ecffecff0000deff1000f2ffecfffcffcafffaffeeff0c0022000200deffdeff,020002001c00fafff2ffe2ff1a00faff1400f2ffd8ff0600fafffafffcfffcff,2e000e0004001400eeff100004000400f8ff26000c001c00eeff300006002600,00001000e8ffe8ff1e00fcffd4ff240054aa766f941b92a95029c21b04a1042a
301,301,0,0a00ecffdeff1000300010001c000c004c000c002c00e2fe0200d4ffeeffdeff,1200f4ff0c00faffe2ffe2fffaffeaff3600f2ffe8ffd8ff0c001c000c00ecff,dcff0e00f6ff040010000000f4ff0400d8fff8fffeff0c00deff000006000600,2000deffcaff46001e00ecff2400240084290a1bb6a0882d986f5ca134aac26f
302,302,0,fcff0a0010001000f2ff10001c002c00faff0c00d2fe0c0002000200deffceff,1200f4ff0c001c00e2ff00001a000a00f2ff14000600d8ff0c001c00ecff1c00,0e001e00f6ff1400eeffeeff1400140006002600eeff2a00deffdeff16001600,3000000006001600ecfffcff24000400866f76a132a9ba6e801ba2a95429821b
303,303,0,fcfffcffeeff0000f2fff2fffcffecfffaff0c00eefffeff1200f4ffdeffceff,1200f4ffeafffafff2ffe2fffaffeafff2ff2400b8ffe8ff1c00faff0c000c00,0e000e00040022001000eeff1400b4fff8ff34000c00feffeeff0000f6ffd6ff,deffeeff1600f8ffecfffcff0400e4ff181c9aa94c28741ccca15029c26f34a1
304,304,0,2a000a000000eefff2fff2ff2c00fcff0c00faffeeff0c00f4ff1200feffdeff,f4fff4fffaff0c003e00e2ff4a000a000400f2ff060006000c000c000c00fcff,0e008cffe6fff6ff1000eeff1400140034000600feff0c00ceffeeff26000600,deff0000f8ffcaff1e0030000400140086a17428fa6e56a152a9a86f321c74a9
305,305,0,fcff0a00eeffeeff000010000c002c00faff0c00ceff1c013000f4ffdeffeeff,12001200daff0c002e00f2ffeaff0a00040014000600e8ff2c000c00dcfffcff,fcffdcff04000400eeff20000400f4ffe8ff3400fefffeffeeff0000f6ff0600,00002000f8ffe8ff30000e00e4ff04006aa9cc6f041db2a81028801ba4a19a28
306,306,0,fcffecff0000ceff1000f2ff2c00fcfffafffaff0c000c0012000200feff0e00,120012000c00eaffe2ff20001a001a0036002400c8ff06000c00caff1c003c00,0e00ecff22001400eeffdeff140014000600e8ffeeff0c000000deff06003600,20002000baff06000e00ecffe4ff04003e275c1df6a12c27686fa0a254a9c26f
307,307,0,ccff0a00eeff00002000f2fffcffccfffaffdafff2fee2fe12001200feffceff,30001200faff0c0020003e00faff0a001400f2fff8ff16002c00eafffcffccff,0e00dcff040014001000000014001400f8ffe8fffefffeff0000eeffe6fff6ff,eeffbeff16000600fcffecff0400e4ffcc6f30a222a84a6f321d22a99a272a1d
308,308,0,fcfffcffeeff200000000000fcff2c00faff0c00deff4c00f4ffe4ff0e00feff,02001200faffdaff0000f2fffaff1a00040024000600b8ff1c001c00ecfffcff,0e00ecff1400f6ffeeff00000400f4ffe8fff8fffefffeff0000200006003600,eeffdeff1600daffdcff1e004400d4ff8c1dbaa8fc26c21d90a2ac26e26f24a2
309,309,0,dcfffcffceffdeff20001000ecff0c00fafffaffceffceff120012000e00eeff,e4ff0200faffeaffe2ff3e00fafffafff2fff2fff8ffe8ff1c00faff0c002c00,ecff1e00f6fff6ff1000000014001400440026000c00eeff0000000016000600,ceff30000600e8ff0e000e00c4ff1400b0a2fe261a6ff6a1a2a8a86f1a1eeaa8
310,310,0,1a00fcff0000eefff2ffe2ffecfffcff1c00fafff2fee2fe3000f4ff0e002e00,30001200eaff0c00f2fff2fffaff0a00040004000600b8fffaff0c003c00fcff,dcff0e001400140000000000140004001600f8ff0c00feff000010000600e6ff,eeffeeffe8ffe8ff1e00ecfff4ff4400eaa7dc6fa01e94a79c26621ec4a22a27
311,311,0,bcffecffeeff2000100010002c000c00faffcaffe2fe0c00c6ff02000e00deff,020002000c00eaff00000000daffeafff2fff2ff160036000c00eaff0c001c00,fcff9cff14002200eeff0000e4fff4ffd8ff26000c001c0010001000f6fff6ff,2000defff8fff8ff1e00ecff140014003e26ca1ee4a21e262c70e0a2daa7d26f
312,312,0,0a00ecff00000000000000001c001c00daff0c00eeffeefff4ffd4ffeeff2e00,0200f4fffaff0c00e2ff00000a000a00140004003600b8fffaff0c001c00fcff,fcfffcff0400040010003000040014003400e8ffeeff1c000000200026000600,1000eeff0600f8ffecff0e0054000400dc6fe0a244a72a6f821e5ea718268a1e
313,313,0,fcfffcff00000000100020000c00fcffdafffaff1c002c00120040000e00eeff,f4ff0200eaff0c002e0020001a001a001400140006001600fafffafffcffccff,fcff1e0004000400eeffdeff2400f4ff06000600feffe0ff0000eeff0600f6ff,eeffdeff0600f8ffdcff0e000400e4ff5a1f84a77025601f12a44c26e26f30a3
314,314,0,2a00fcff0000ceffe2ff00001c00fcff1c00faff1c001c00120002000e002e00,1200f4ff2c00faffe2ff2e000a001a00140014001600aaff0c00faffdcff0c00,dcffdcff1400f6ffdeffeeff14000400f8ff44001c00feffeeff000006003600,deff10001600e8fffcff1e00f4ff040080a380253a6ff4a26ea7d86fd21fdaa7
315,315,0,ecff0a00eeffeefff2ffe2ffdcff0c00cafffaff0c002c00e4ff02000e00eeff,0200f4fffafffaff20002e00dafffaffd2ff2400f8ff26000c000c00fcffecff,1e007cff14001400000000001400f4ffe8fff8fffeff0c0010000000f6fff6ff,ceff1000e8ff06001e00dcffd4ff040004a71c70f01f76a6fe24921fb0a33825
316,316,0,0a00ecff200010001000f2ff0c000c00fafffaff1c001c00e4ff0200fefffeff,e4ff12000c00eaffe2ffe2ff1a00fafff2ff0400d8ff3600eaff0c00fcffccff,0e00dcff040004000000eeff14002400f8fff8fffeff0c00eeffeefff6ff0600,10000000e8ff16000e000e002400140070243020b8a35024b86fcea430a7c26f
317,317,0,ecff0a00ceff000030001000fcff0c00fafffaffeeff2c00f4fff4ff0e000e00,e4ffe4fffafffaff000010001a00fafff2ff14000600e8ff2c000c00dcffecff,fcffecfff6ff0400000000002400f4ff34000600feffe0ff0000deff0600e6ff,5800eefff8ff0600fcfffcff1400e4ff1c70a0a306a67a6f96202ea730241220
318,318,0,fcfffcff00000000e2ff10001c000c001c002c002c002c00d4ff02000e00eeff,e4ff12001c00faff100020000a000a001400f2ffd8fff8fffaffeaffecfffcff,0e001e001400f6ffeeff0000040024000600d8ff1c00feff00002000f6ff0600,eeffeeff1600daffbaff1e0014000400d02084a68023fe2092a41a23027020a4
319,319,0,0a000a000000000020000000fcff0c001c00faffeefffeff0200d4ffeeffeeff,f4ff02000c001c00e2fff2fffaff0a00d2ff0400b8ff06001c001c00fcffdcff,fcffecff0400140000001000f4ff1400f8ff0600feff0c0010000000f6ffe6ff,ceff00001600f8ffecfffcffe4ff040010a41c24fa6e28a4eea6b86f042158a6
320,320,0,fcff2a00eeffeeff000010000c00dcffdafffaff1c000c00120002000e00feff,12002200fafffaff20002e00fafffaffd2fff2ffe8ff9aff0c000c00ecff3c00,0e00dcff1400f6ffeeff100004000400f8ff06001c00d0ff1000eefff6ffe6ff,eeff2000f8ff06000e00ecff0400140054a61c70222286a57a239621e8a4d023
321,321,0,dcfffcffceffeeff10000000fcff0c00fafffaffd2fefeff120002003e000e00,f4ffe4fffaffeaff200020000a00eaffe2ffd2ff0600f8ffeaffeafffcffccff,2e000e000400f6ff00001000f4ff1400e8fff8fffefffeffeeff30000600f6ff,30000000daff06001e00dcfff4ff2400ca226021d8a49222a86ffea428a6f26f
322,322,0,0a00fcff20000000f2ffe2ffecff1c000c00faffeeffeeff0200e4ffdeff3e00,120012001c000c00d4ff20000a00faff360036000600f8ff0c00fafffcff2c00,0e001e00140014000000000004000400f8ffe8ffeeff2a000000befff6fff6ff,5800deffe8ff1600ecffecff0400f4ff1c70dea466a54a6f4a22dea50023f421
323,323,0,fcffecff00000000f2ff10001c00fcff0c00fafffefffeff0200f4fffeffceff,1200e4ffeaff1c00e2ff0000fafffafff2fff2ff160006001c001c00acffdcff,1e00fcff140014001000000004000400d8ffd8fffeff0c00100030002600e6ff,0000ceff1600f8ffecff1e002400e4ff8a2286a50222e222aea59a22e26f78a5
324,324,0,ecfffcff0000eeff4e000000fcfffcffeaff0c002c00deff020040000e002e00,120012000c001c002e00f2ff1a00faff0400f2ffe8fff8ff2c000c000c00ccff,fcff0e0032001400eeff0000040024002600f8fffeff0c0020000000e6ffe6ff,ceff30000600daff1e001e000400040076a50a222a6f16a53ea5786f3023e8a5
325,325,0,fcffecffeeff0000100000000c001c000c00caff0c000c00f4ff22000e000e00,02000200daff0c00e2fff2ff1a000a0004000400d8fff8ff1c000c001c00ccff,0e000e001400140010000000240024001600e8fffeffeeffeeff10000600d6ff,10002000daffe8ff0e000e00b4ff240036a51c70c02316a576216a22d8a52422
326,326,0,fcff0a00deff0000f2ff0000fcff1c000c00eaff1c001c0012000200feff2e00,020012001c000c003e003e00eaff0a0004001400060016000c002c00dcffdcff,0e000e0014003200eeffeefff4ff0400e8ffe8fffeff0c002000defff6ffe6ff,48000000e8ff06000e00ecffc4ff2400e020aa23b6a58c21886f7ea608a50270
327,327,0,fcffecff00002000f2ff1000ecff0c00faff0c000c000c0050002200fefffeff,120002000c000c00f2ff20001a00eaffe2ffe2ff1600f8ff0c000c001c002c00,0e00fcfff6ff040010001000f4ff1400f8fff8fffeffeeff300020000600e6ff,1000cefff8fff8fffcfffcff2400b4ff1c7084a618a43a6fcc23dea5b4218023
328,328,0,fcfffcff000010003000f2ffecfffcffdaffcaff0c000c00e4ff0200feff0e00,120012001c000c002e0000000a00faff0400e2ffd8ffd8fffaff0c00fcff1c00,ecff0e00f6ff04000000eeff040004000600e8ff2a00e0ff2000eeff0600f6ff,0000eeff4600f8ffecfffcff0400e4ffe024d0a37c2030243ea72620f26f08a6
329,329,0,fcff0a000000000030001000ecfffcfffaffdaff4c00feff020012002e00feff,22001200fafffaffd4ff2e005a001a00f2ff1400e8fff8ff0c002c00ccfffcff,fcff1e0014000400ceff000004001400f8ffd8fffeff1c00ceff00000600f6ff,00001000f8ffcaffdcff3000e4fff4ffe4a680204a6fe6a59ea4b86fc82480a4
330,330,0,fcff0a000000000010002000fcfffcff1c000c003c010c0030000200feff2e00,f4ff0200caff0c00f2ffe2fffaff0a00f2ffe2ffe8ffd8ff1c000c00fcfffcff,dcff0e00140022000000ceff14001400f8ff06000c000c00000020000600e6ff,eeff2000060046000e00dcff1400140090a31c70e024f8a3821f2e25b8a61220
331,331,0,2a00fcffeeff0000100010001c000c000c002c000c001c00020012001e00feff,02001200eafffaffd4ffe2ff0a000a00f2fff2fff8ffc8ffeaff2c00fcff0c00,1e001e00e6ff1400deff100004000400e8ffe8ff0c001c000000100016001600,2000ceffcaff16003000dcffe4ff24008a1f102556a6d01fb86ffea630a4e26f
332,332,0,ecfffcff00000000200000001c000c00faff0c000c00eeff0200f4ffcefffeff,0200f4ffdaffeaff0000f2fffaff0a00f2ff0400aaff0600faffeafffcffccff,dcfffcff040014001000eeff1400f4fff8ffd8ff0c00feff00000000e6ffe6ff,3000eefff8ff0600fcfffcfff4ffb4ffcc6f24a768a31a6f4e252ea4921f1825
333,333,0,fcffecff0000100000000000fcfffcfffaffcaff2c002c00f4ffe4ff2e000e00,1200f4ffeaffeaff2e00f2fffaff0a00f2ff0400b8ffb8ff0c00faff2c00fcff,2e000e00220014000000000004000400160026000c00e0ffdeff30001600f6ff,eeff10000600f8ffdcff0e002400c4ff7e2610a3f01ea025bea7121f027040a7
334,334,0,0a000a00ceffeeff00000000ecfffcff1c000c00eeff0c000200e4fffeff0e00,f4ffe4fffaff0c002e00f2ffeaff0a00f2fff2ffd8ff06000c00faffdcff1c00,1e00fcff0400f6ff000000000400f4ffe8ff0600fefffeffeeff0000e6ffe6ff,eeff20001600daff300030000400e4fffaa7ea1e1a6f34a750a3786f182690a3
335,335,0,dcff0a000000eefff2ff2000ecff1c00dafffaffeeff1c01f4fff4fffeff0e00,f4ffe4ff0c00faff0000e2ff1a001a001400f2ffe8ffe8fffaffeafffcfffcff,0e000e0014000400eeff000004002400caffe8fffefffeffeeff00001600f6ff,10002000e8ff060040000e00f4ff2400f0a2ec6fac2628a3521eae25d0a77a1e
336,336,0,bcffecff00000000200010000c00fcff0c00faffdeff0c00120002000e00feff,12001200faff0c002e0000001a001a00e2ffd2ff4600d8ffeaff0c00ecffecff,0e000e001400040030000000f4fff4ff2600f8ffeeffeeff10000000f6ff0600,10000000caff64001e00ecffe4ff04003a1eee2624a7301e886f72a830a3f26f
337,337,0,fcfffcff0000eefff2ff00001c000c001c00faff0c00eeffe4fff4ffeeff0e00,12002200eaffdaffd4fff2ffeaff1a0014000400e8ffc8ff0c001c000c00ccff,fcff0e001400f6ff00000000240044002600f8ff1c00eeffceff00001600f6ff,3000ceffe8ff1600dcff0e000400e4ffcc6ffaa7f6a1fa6efc2620a31a1e2a27
338,338,0,fcfffcffeeff0000f2ff5c000c000c00dafffaff1c002c00f4ffd4ff0e00feff,e4ff1200eaff0c00f2ff2e000a006a00f2fff2ff06001600eafffaffecff0c00,0e00dcff1400220000003000f4ff0400d8ffd8fffefffeff1000eefff6fff6ff,eeff000006000600dcff1e000400c4ffd42740a2621d1c27c2a8921ce26f8aa8
339,339,0,1a002a00eeff000010001000fcff0c00faff1c00eeff2c00e4ffd4ff1e00eeff,02000200faffeafff2fff2ffeafffaff040014001600c8ffcaff0c00fcfffcff,1e00fcff32000400eeff000004001400f8ffd8ffeeff1c00eeffeeff06000600,eeff20002400dafffcff3000d4ffe4ffbaa81c1d6a6fc4a7e0a2b86fca2754a2
340,340,0,0a00fcffdeffeeff2000f2fffcffecfffaffdafffeffceff1200f4ff0e003e00,0200d4ffeaff0c003e00e2ff0a00faff240004002600f8fffafffaff1c000c00,1e00dcff0400f6ff000000001400f4ff1600e8ffe0fffeff20003000f6ffc6ff,00000000dafff8ff30000e00e4fff4ff96a1ac6fbc27b6a1c21c502804a90a1d
341,341,0,0a000a000000eeff10000000fcfffcfffafffaff0c00ceff02001200feffeeff,120012001c00faffe2ffd4ff1a001a00f2ffb0ffc8ffb8fffafffafffcff0c00,1e000e000400f6ffceffdeff0400240006002600eefffeff0000eeff06000600,20003000caff16000e00fcfff4ff14008c1c642872a8841cc86fd2a834a2d26f
342,342,0,fcff0a00deff00001000e2ffecfffcfffaff0c003c001c001200f4ff3e00eeff,0200f4fffaff0c00e2fff2ffeafffaff140004003600d8ff0c000c00ecff0c00,2e00dcff140014001000100014001400d8ffcafffeff0c00eeff30000600f6ff,2000deff06001600fcffdcff1400d4ffcc6f8aa9f6a02a6f002968a1021c6a28
343,343,0,fcff0a002000eefff2ff00000c000c00faffeafffeff2c00f4ff02000e00feff,e4ff1200fafffaff0000f2ff0a001a00d2ff0400d8ff36000c00eafffcffecff,0e000e000400140010000000240044002600e8ff0c00eeffeeff0000f6ff1600,0000eeff1600f8ffecff0e002400f4ff742976a1341c4c2882a9221cb26f84a9
344,344,0,fcfffcff0000000020000000ecff0c001c00fafffeffeeff0200f4ff0e00feff,e4fff4ff0c00faff3e00e2ff0a00faff1400e2ffd8ff1600faff0c00dcffecff,0e00fcff1400f6ff0000000004000400e8ffbafffeff0c0020001000e6ffe6ff,deff10001600caffdcff1e000400b4fffaa9081c1a6f22a918a1b86f642964a1
345,345,0,ecffecff0000000000000000fcfffcff2c001c00eeff0c00d4ffc6ffdefffeff,f4ff1200faffeafff2ffe2fffafffaff0400f2ff16000600eaff2c00fcff0c00,0e000e0014000400deffeeff14000400d8fff8ff0c000c000000300026000600,00002000f8ff06003000fcfff4ffc4fff6a0cc6faa29f6a0c01a1029e4a9521b
346,346,0,fcfffcff000000002000f2fffcff1c00faff0c002c003c001200f4ffcefffeff,1200f4ff0c00eafff2ffe2fffaff0a001400e2fff8ff3600fafffafffcfffcff,0e000e00f6ff04001000deff14000400e8ffd8fffeff0c002000200016001600,2000eeffcaff54001e00ecff04002400ba1afe29c2a9b41a686f86aa34a1c26f
347,347,0,fcfffcff00000000f2ff1000ecff0c00faff0c000c000c00e4ff12001e004e00,f4ff02000c00daff3e00e2fffaff0a000400040036001600faff0c00fcffecff,0e000e0014001400eeffeeffd4ffe4fff8ffe8fffefffeff20000000f6ff2600,5800000006006400ecfffcff14000400666fa4aab6a01a6f642ad8a0221b442a
348,348,0,ecfffcffdeff0000e2ff20002c001c00baffcaff2c001c001200f4ffdeff0e00,02000200eaff0c00f2ff20000a00eaff1400f2ff0600f8ff2c00fafffcff0c00,0e00fcfff6ff1400deff10001400f4ffe8ffd8ff0c001c00eeff200006000600,eeffeeff1600caffecff3000f4ffb4ffbe2aa6a0c41ae22ac6aa9c19a26f34aa
349,349,0,fcff1a000000eefff2ff00001c000c00faffdaff2c002c00020002001e000e00,f4ff02000c00faffd4ff2e00daff1a0004001400c8ff06003c00faff0c001c00,fcff1e00f6ff14000000ceff14000400caff0600feff0c002000000006001600,ceff20001600dafffcff3000d4ffe4ff54ab3019ea6eb2aa48a0b86f502bc4a0
350,350,0,fcffecffeeffeeff000000000c001c001c00faff2c000c00f4ffe4ff0e00feff,1200f4ffdaffdaff2000e2fffaff0a0004001400f8fff8fffaff4c00dcfffcff,0e009cff0400f6ffeeff1000a4ff1400f8ff0600fefffeff10000000e6fff6ff,eeff1000dafff8ff3000fcffe4ff240056a0566f182e06a01c19e82cb0abd019
351,351,0,fcffdcff0000100010001000fcff1c00caffeaff0c000c001200f4fffefffeff,020002000c00daff3e00e2fffafffaff3600e2ffe8ffe8ff0c000c001c000c00,2e00acff140004000000eefff4ff24002600e8ff1c00feff000020000600f6ff,0000ceffdaff16003000dcffd4ff2400a0185e2b40ab2019586f66abe29fc26f
352,352,0,fcffecff0000eeff000000001c000c000c00daff1c00feff02001200feffeeff,30000200eaff0c00e2fff2ff1a00faff2400f2fff8ff06000c00eafffcffecff,0e00fcfff6ff22001000eeff240094ffe8ffe8fffefffeff000030002600f6ff,2000ceff06000600fcffecff0400e4ff666f64abb69ffa6ed82c649f8018f02b
353,353,0,fcfffcff00000000f2ff2000fcff1c00fafffaff0c00eeff02001200eeff0e00,12001200eaffeaff2e0000005a000a001400e2ff0600f8ffeaff0c00ecfffcff,8cfffcff140022001000100004000400340006000c00feff200000001600f6ff,eeff00001600daffecff30002400e4ffce2b36a0a018982e78acdc18b26fe0ab
354,354,0,fcfffcff00000000200000000c000c00daff0c00eeff1c0112000200eeff0e00,f4ff30000c001c00f2fff2ffeaffeafff2fff2ff060006000c00eaff1c00ecff,1e002e0014001400deff000014000400260016001c000c00eeff200016001600,eeff10000600caffdcff30002400f4ffc8ac7018ca6ee2aa149f486fb82cd29f
355,355,0,ecffdcff0000eeff20002000dcff1c00fafffafffeff2c00f4ff02001e000e00,02000200faff0c004c00f2ff0a000a00140014000600f8fffaff0c00fcffccff,fcff2e00140004001000ceffe4ff0400caffd8ff0c000c003000deff0600f6ff,eeff3000f8fff8ff1e00dcffe4ff2400b09f366f782e669ffc16082d10acde17
356,356,0,bcffecff00002000100010000c00fcfffaffdaff4c000c003000f4ff0e00eeff,0200f4fffaffdaff2e002e000a000a0004002400e8ffd8ff0c000c00ecff1c00,0e00ecff04000400eeff0000040004000600e8fffeffe0ff2000200016001600,2000deffcaff16003000dcffc4ff2400fa165c2cb0ab1a18286f38ad529f826f
357,357,0,fcff0a001000000000000000fcffecffdaffdafffeff2c00f4ff02000e00feff,020002001c001c00f2ffc4fffaffeaff04000400e8ffc8fffaff0c00ecff1c00,fcff2e00f6fff6ffdeffeeff2400f4fff8ff0600feff0c000000000006000600,1000deffdaff5400cafffcff0400f4ff466f08ade89eca6e782e049f2e179a2d
358,358,0,1a00fcff10001000e2ff10000c00fcfffafffaffeeff0c00f4ffe4ff2e00deff,02001200eaff1c002e00e2ff5a000a00f2ff0400060006001c000c00ecff2c00,2e001e0014001400deffeeff240004000600e8fffeff0c000000eeff06001600,eeffeeff1600f8fffcff0e002400f4ff3e2e009f4c17562fb8ad7c15926ff8ac
359,359,0,fcfffcff0000100010001000fcfffcffcaffbaff0c00eefff4fff4fffeff0e00,120002000c001c00d4ffe2fffafffaff1400f2ff16003600faff2c00dcfffcff,3e000e0014001400deff0000f4ff2400caff16001c00feffeeff10000600e6ff,eeff30001600dafffcff1e00e4ff04005aad8816da6e68acc49e286fd02eba9e
360,360,0,ecff0a0010001000100010000c001c00daff0c00eeff0c0022000200fefffeff,02000200faff0c002000d4ff0a00eafff2fff2ff1600e8ff0c001c00dcffdcff,fcff0e0014000400eeff00000400f4ffd8ffe8ffeeffeeff2000100006001600,deff1000daffdaff1e000e0014001400709e366fe62f4a9e5c15282f48ad5616
361,361,0,ecfffcffdeffeeffe2ffd2fffcff0c00faff0c00eeffeeffd4ff12000e003e00,f4fff4fffafffaff0000e2ff2a000a00f2ff2400f8fff8ff0c001c00ecffecff,0e000e00f6fff6ffdeff100024004400baffe8fffefffeff2000eeffe6ff1600,30000000daff1600fcfffcff040014009c157e2e38ad5a16286fb8ad6a9e326f
362,362,0,1a000a00000000000000f2ffecffecfffaff1c00feffeefff4ff0200feff2e00,020030000c000c00d4ff00000a002a000400f2ff3600d8ff1c000c00dcfffcff,1e000e00f6fff6ff0000eeff1400f4fff8ffe8fffeff1c000000eefff6ff1600,2000defff8ff1600fcffecff04001400266f76ae0a9e8a6e982f649d5615402f
363,363,0,fcffecffeeff0000000010000c00fcff1c00faff3c00f2fe0200f4ff0e00eeff,0200e4ff2c00faff00000000faff0a000400e2ffc8ffe8ff1c001c00fcffdcff,1e001e0014000400deff000004001400e8ffe8fffeffeeff0000eeffe6ffd6ff,eeff10004600f8ffdcff0e0004001400582f509ebc153c31a8aecc14526f18ae
364,364,0,fcfffcffdeff1000100010000c001c00daffcaff0c002c00d4fff4fffeffeeff,f4fff4ff0c002c002e000000faff0a000400f2ff0600e8ff2c001c00fcffecff,0e001e00f6ff0400deff000024000400caff3400eefffeff0000eeff1600f6ff,deff20001600daff0e003000e4ffe4ffa6aefc148a6e58ad449de86eb02f1a9e
365,365,0,fcffecffeeff100020000000fcff0c00faff2c00e2fefeff0200d4ff0e000e00,f4ff12000c00eafff2ffd4ff1a000a00e2ff1400f8fff8fffaff1c00ecffecff,1e002e00f6fff6ffeeffeefff4ff0400caffe8ffe0ff0c0010001000f6ff0600,eeff4800e8ffe8fffcfffcffe4ff1400a29dc66e1c318a9d8a13c82f68aed614
366,366,0,1a00dcff0000eefff2ff00001c001c001c00fafffefffeffd4ff0200feff3e00,120002000c00faff10002e000a00faff04000400c8ffc8ff1c00faff0c00ecff,0e001e00f6ff1400000010000400e4ffe8ffe8ffeeff1c000000eefff6ff2600,20001000daff46003000fcfff4ff240080132e30f6addc14d86e78af9a9d226f
367,367,0,0a00fcff0000eeff2000f2ffdcff0c00caff2c003c011c00d4fff4ffdeff0e00,f4ff22000c000c00f2ffd4fffaff6a00f2ff1400e8ffd8fffaffeafffcffdcff,0e000e00040022001000defff4ff1400f8ffcaffeefffeff1000befff6ff1600,2000eeffdaff4600fcffecff1400e4ffd66e56affa9c4a6efc30d49cce13a030
368,368,0,bcfffcff00001000f2ff10001c00ecfffafffafffefffeffe4ff02000e000e00,f4fff4fffaff0c002e00f2ff0a00fafff2fff2fff8ff06000c002c00dcfffcff,1e000e0014001400eeff000024000400d8fff8ffe0ff1c002000300016000600,0000deff0600f8fffcff1e000400f4ffde30729dae13a032c8af3a12e26eb8ae
369,369,0,fcfffcff0000eeff200010000c001c00fafffaffeeff1c00020002000e00deff,f4ff1200faff0c0020002e001a000a000400e2ff36001600faff0c00ecffccff,1e001e0014000400eeff1000040024002600f8ff0c000c00ceffeeff06000600,eeff2000f8ffcafffcff1e00040004001cb0d0122a6e04afb49c086f4a314a9d
370,370,0,dcfffcffeeff2000f2ffe2fffcfffcff0c000c00feffeeff0200f4fffeffeeff,f4fff4ff0c00faff0000d4ff0a00eafff2ff0400260036000c00eaff1c000c00,fcff2e00140014000000deffe4ff04000600e8ffeefffeff3000ceffe6fff6ff,deff30001600daff30000e00e4ff3400f29c966e00330a9db6115032a0afd212
371,371,0,fcfffcff2000eeffe2ff00000c000c000c000c001c00eeffe4ff1200ceffdeff,d4ff12000c001c00c4ff3e00eaffeaffe2ff0400f8fff8ffeaff2c009cffccff,0e000e00040050000000eeff0400e4ffd8ffaaffeefffeff0000200006002600,0000eeffbafff8ff3000fcffd4ffd4ff3012683214afde12b86e3cb0ea9ce26e
372,372,0,fcffdcffeeff00002000f2ff1c00fcff0c00faff0c002c00f4ffc6ff1e00eeff,f4fff4fffaff0c002e0000000a00eaff1400f2ffe8ff0600faff1c00ecffecff,fcfffcff14001400eeff000014001400f8ff0600fefffeff0000eeffe6ff0600,1000eeffe8fff8fffcff1e002400d4ffd66eacb08a9cea6da032249c2212da31
373,373,0,fcff0a0010000000f2fff2ffecff1c003c000c00e2fecefff4ff02000e000e00,300022000c00faff2000d4ff5a000a0014000400d8ff0600faffeafffcfffcff,1e000e0014001400deffeeff240004001600caff0c000c00deff000016001600,1000000016000600baff0e000400c4ff4832929c5e12b0339cb06611c26e80b0
374,374,0,fcfffcffeeff0000f2ff20001c001c00dafffaffeeffdeffe4ffe4fffeffdeff,02000200faff1c002e002e000a000a00e2ff1400d8ff06001c00faffecff1c00,dcff0e00f6ff1400deffdeffd4ffd4ffd8fff8ff0c00feffeeffdefff6ff0600,deff680064000600ecff0e00f4ffd4fffcb016110a6ed4af049c686e9a32729c
375,375,0,fcff1a000000100020000000dcff0c000c000c00eeff0c00d4fff4ffeeff0e00,f4ff1200faff0c00e2ff2000faff0a000400f2ffe8ffd8ffeaff1c00fcff1c00,fcff0e00140004001000100014000400f8ffe8ffeeffe0ff000020000600e6ff,eeff5800e8fff8ff0e000e00d4ff0400a09b966e7034da9c5610c0328ab14211
376,376,0,bcff0a00eeff00004e0010002c00fcfffafffaff2c001c00220002002e000e00,02000200eaff0c00f2ff1000faff0a00f2ffe2ffaafff8ff2c000c00fcfffcff,0e00fcff040004001000eeff14000400f8ffcaffeeff0c00deffeeff0600f6ff,10000000caff06001e00fcff140014006610183394b07a11986e8cb1329c506e
377,377,0,fcfffcffeeff0000200000000c00fcffdafffaff0c00eeffd4ff22000e001e00,020022000c000c00f2ffe2ffeaffeaff1400e2ffc8ffc8ff0c001c005c001c00,0e000e000400d8ffdeff000004003400f8fff8ff0c00eeffdeffdeff16000600,3000eeffe8fff8fffcffecff04001400b66e9cb1ac9bea6d2234429bd80fa633
378,378,0,fcffdcff0000000010002000fcfffcfffaff0c00eeff0c00e4ff0200feffeeff,f4ff1200eaff0c000000f2ff0a000a00e2fff2ffe8ffe8fffaff1c00dcff2c00,fcfffcff1400f6ffeeff00000400f4ffe8fff8ff0c000c000000cefff6ffd6ff,0000eeff0600f8ffecff1e001400d4ffa833509bca104e3530b2e20ef06dbab1
379,379,0,fcff0a000000eeff00001000fcff0c00dafffaffe2fe1c00e4fff4fffefffeff,f4fff4ff0c000c00000000000a001a00e2ff0400f8ffc8fffaff0c00ecfffcff,0e000e00f6ff04000000deff14001400f8ffe8fffefffeffeeff200006000600,eeff20001600dafffcff1e00e4ffe4ff46b2700fda6da4b0529b686e4634d29b
380,380,0,fcff1a00000010003000f2ffecffecfffafffaffeefffeff0200f4ff0e000e00,1200f4ffeafffaff3e00d4fffafffafff2ffe2ff0600c8ff1c000c001c00ecff,0e00dcff04001400eeff00001400f4ffe8fff8ffeefffeffeeff1000f6ff0600,00003000daff06000e00fcffd4ff0400009b466ebe358c9bc20ee2345ab2880f
381,381,0,0a00ecffceff0000e2ffe2ffecffecff3c003c00eeff1c0002000200feffdeff,02001200eaffeaffe2ffc4ff1a001a00f2ffe2ffd8ff06000c002c001c001c00,dcff1e001400f6ff0000eeff14000400e8fff8fffeff0c00eeffeeff0600f6ff,3000eeffcafff8ff0e00dcff24003400ce0e763572b10410386e60b2109b106e
382,382,0,ecffecff100020000000f2fffcffecfffaff0c00feffeeff02001200feff2e00,020012000c001c00f2ffd4fffaffeaffd2ff040026000600faff0c000c000c00,0e00fcfff6ff0400eeffeeff04001400e8fff8ffeefffeffdeffeeffe6ff1600,3000deffdaff64001e00fcff04000400266ec6b22c9b1a6ec235429ad80e3e35
383,383,0,ecffbcff00001000e2ff10002c00ecfffafffaffeeff0c00e4ff1200defffeff,1200f4fffafffaff000000000a00faff14002400b8ffd8ffeaff0c00ccff0c00,0e001e00f6ff1400000020001400040006002600feff0c00deffeefff6fff6ff,eeffeefff8ffdaffecff3000e4ffd4ff4236d09a640f7c3610b3920ef06d8ab2
384,384,0,fcffbcff0000ceff4e002000ecfffcffdaffcaff1c001c00d4ff0200feff3e00,f4fff4fffaffeaff0000f2ff0a000a000400f2ffd8ff36003c002c000c00ecff,0e000e000400f6ff000042002400f4ffd8ffe8fffeffeeffceffeeff0600e6ff,eeff20005400cafffcff0e00e4ffd4ff06b34e0e546dc2b1529a086e3e36d09a
385,385,0,0a00fcff10000000f2fff2ffecff0c001c00fafffefffeff0200e4ff2e002e00,22003000fafffaffb6ffe2ff1a00fafff2fff2ffe8ffe8ff0c001c00ccffecff,1e00fcff0400f6ff0000eeff04001400e8ff0600eeff0c00deffeeff06003600,eeff3000f8ffe8ff3000caffc4ff3400b09a266eac370c9bb20d0236a6b3b20d
386,386,0,ecfffcffdeff10003000e2fffcfffcff1c00faffeeff0c00e4ff2200feff0e00,f4ffe4ff0c001c003e000000faff0a00e2fff2ff160036000c000c00fcfffcff,fcff0e00220022000000100004000400baffbaff0c001c0020000000c6ff0600,00000000daff46001e00dcffd4ffd4ff520da236c6b2e40ee86d32b4509ac06d
387,387,0,fcffdcff100010000000f2fffcffecffcaffcaff0c00defff4ffe4ff0e00feff,2200f4ff0c00faff2e00f2ff0a000a00f2ffd2ffd8fff8ff1c000c00fcfffcff,0e002e0004001400eeff000014005400e8ffcaffeefffeff00000000f6fff6ff,2000eeffdaff06000e001e001400d4ff9a6de6b3ec9af46c1237629ac00c3e36
388,388,0,fcff0a002000000000002000fcff1c00daffdaff2c001c0002000200feffeeff,1200f4fffaff1c00f2ff2e000a00fafff2ffe2fff8fff8fffaff0c00fcffccff,1e00fcff0400e6ffeeff1000140004000600d8ff1c001c00deff000016000600,1000eeff0600f8ff0e0030002400e4ff7237c699560e6c3732b4220c906d16b4
389,389,0,0a001a00100000004e000000ecff0c002c001c00feffeeff0200d4ff0e00eeff,120012000c00faffd4ff00000a002a000400f2ff160006000c00fafffcff0c00,0e000e001400f6ff00000000140024002600f8fffefffeff2000eeffc6ff1600,eeff68004600f8ffdcff0e00d4fff4ff94b4720cd46c16b38e99c86da637009a
390,390,0,fcfffcff1000000000000000fcfffcffeaff0c00eeff1c00f4ffe4ffeeff0e00,f4ffe4fffaff1c002e00e2fffafffaff1400f2ffd8ffe8ff0c003c000c002c00,0e000e00140014000000eeff1400f4ff0600f8ffeefffeff30001000f6ff0600,eeff20000600f8ff3000ecffa4fff4ff76996a6dc238fe99220c9638deb4d80b
391,391,0,ecff0a00eeffdeff2000f2ff0c000c00daffcaffeeff0c00e4ffd4ffeeff0e00,1200e4fffaffeaff2e002000fafffafff2fff2ffe8ffe8ff1c001c00fcff0c00,1e001e0004000400eeff000004002400d8ffe8ff0c00feff3000eeffe6fff6ff,0000eeffdaff16003000fcffe4ff44007e0b28380eb6580a666dc2b4c099906d
392,392,0,fcffdcff0000eefff2ff1000fcffecff0c00faffceffdeff1200d4fffeff2e00,12000200eafffaffc4ff2e000a00faff2400d2ffe8fff8fffaffeaffdcfffcff,fcffdcff04001400100010000400f4ff1600d8ffe0ff0c00eeffdeff2600f6ff,2000ceffdafff8ffecfffcff1400e4ff6a6dc4b59e99866c56383e99080b6838
393,393,0,fcff0a0020002000100020001c001c000c002c001c001c000200f4fffeffeeff,e4ff12000c00eaff0000e2ff0a000a00f2ffe2ff0600d8ffcaff0c00ecfffcff,8cff2e001400f6ff20000000f4ff2400d8fff8ff0c000c00deffcefff6ffe6ff,000010001600e8fffcff1e001400f4ffe83826994009923952b5b20a406dceb5
394,394,0,ecfffcff0000deff4e00f2ff0c00fcff1c001c00feff1c00e4ffd4ff2e00eeff,12000200faff0c002e00f2ffeaff0a00f2fff2fff8ffd8ff2c001c00ecfffcff,0e00fcff040014001000eeff04001400e8ffcafffeff0c0020002000f6ff0600,deff20004600f8ffecff1e00f4ffe4ff60b6e409366c0ab72e99466df8384099
395,395,0,dcffecffeeff100000000000fcff0c00fafffaffeeffeeff0200f4ffdeff4e00,f4ff0200eaffeaffe2ffe2ff1a00fafff2fff2ffe8ffb8ff0c000c00dcff1c00,0e00dcff04000400eeff2000f4ff1400cafff8ffe0ffeeff200000000600f6ff,deff3000f8ffe8ff0e00fcffd4ff0400f6982a6de8397e999e0936394eb6cc09
396,396,0,fcffecff0000eeff1000f2ff0c000c000c003c001c00eeffb6fff4ff0e00deff,02001200faffeaffe2ff20001a001a002400f2ffd8ffd8ff0c000c00fcffccff,0e00fcff040004001000deff3400e4ffd8ffcaffeeffeeff0000eefff6ff2600,20000000daff06003000ecfff4ff2400b40948396ab7a208466d04b71099306d
397,397,0,ecfffcff10001000100000000c00fcff0c00faffeeff0c00f4ff0200deff0e00,020012000c002c00f2ff00001a000a0004001400d8ff16000c00eaff0c000c00,fcfffcff1400040000000000f4ff04000600f8ffe0ff0c00eeffcefff6ff2600,6800cefff8ff5400ecff1e004400d4ff0a6d10b70099366c1a3afe984c09a839
398,398,0,ecffecffeeff10001000f2ff0c00fcfffaff0c00eeff0c0012000200eeffeeff,02000200faff0c002e00f2ffeaffeafff2ffe2ffc8ffd8ff0c002c00fcffdcff,0e001e00140014002000eeff04001400caff2600fefffeff2000200006000600,1000eeff5400e8fffcff1e00e4ffd4ff123ac6988208d63a44b70e08e06c16b7
399,399,0,1a000a001000beff00004e00fcfffcff0c00faff2a00eefff4fff4ff0e00deff,02000200daffeafff2fff2ffeafffaffd2fff2ffe8ffaafffaff0c00fcffecff,dcff0e00040004001000eefff4ff2400caffe8fffeffeeff0000000026001600,deff30001600daffecff3000d4ffe4ff70b7e408166ccab77e98f66c583ac098
400,400,0,dcff0a001000eeff00002000fcff2c00fafffaff2a002a01f4ff3000eeffeeff,12002200eaffdaffd4ff2e00fafffaffe2fff2fff8ff06000c000c00fcffecff,1e000e001400f6ffeeffeeff040014000600f8ff1c000c00deff000006004600,eeff1000e8ff16000e001e00d4ff14008698ea6c363bf098ca075a3b86b79208
401,401,0,fcffecffeeff10005c001000ecfffcff0c000c00eeffeeffe4fff4fffeff0e00,e4ff02000c00eaffd4ff00000a000a00f2ff0400f8fff8ff0c00daffdcffdcff,9cfffcff040014000000eeff040024000600f8ff0c000c00deffeeffe6ff1600,0000eeffe8ff16001e00fcffe4ff04002407c23aaab8e206b66c74b74e98e06c
402,402,0,dcfffcff1000eeff0000f2ff0c00fcfffaff0c00feffe0fff4ffd4ffeeff2e00,e4ff0200fafffafff2ffe2ff0a000a00e2ffe2ffe8ffd8ff2c000c00ecffecff,0e001e00040022000000eeff04002400d8ffd8ffd0ffeeffeeffeeff06001600,5800ceff060016000e00fcff2400d4ffca6c16b85098e66b7a3bda97a2071a3b
403,403,0,fcff0a000000eeff20001000fcffecfffafffaff1c002a00f4ffe4ff0e000e00,02001200faff0c004c000000faff0a00f2ffd2fff8fff8fffaffeaff0c00dcff,0e000e000400f6ff00001000f4fff4ffe8ff0600fefffeff0000100006000600,1000eeff0600f8ffecff1e0004000400b63c3698a206a63ca8b85a07c06c26b8
404,404,0,dcfffcff0000eeff1000f2ff0c00ecffdaffdaff2a002a0002001200eeff2e00,1200e4fffaff0c00f2ffe2ff0a000a00f2ffe2ffe8ffc8ff0c000c00fcff1c00,0e001e00040004002000deffe4ff0400f8ff26000c000c00eeff0000e6fff6ff,ceff20001600baffdcff1e00f4ffe4ff16b99406c66b1ab99a97b66cfa3b3e98
405,405,0,bcffdcffeeff200020001000ecfffcff1c000c002a012a00f4ffd4ffceff1e00,e4ffd4ff1c00faffe2ffd4ff0a00fafff2ff04002600e8ff0c00eaffecffecff,0e000e001400320020001000f4fff4fff8ffe8ffe0ff76000000deffe6fff6ff,eeff10000600f8ff4000fcffd4ff040090979a6c263d00984a061c3c08b98006
406,406,0,0a00fcffeeffeefff2ff00001c000c000c00dafff2feeefff4fff4fffeff1e00,f4fff4fffafffafff2ff2e000a001a0004000400f8fff8ff0c00eaffecffccff,fcff9cffe6fff6ffeeff0000140004003400d8ff0c000c00200010000600f6ff,30001000daff16004000caff140054002406c63c8ab95605666c78b9ee97286c
407,407,0,0a00fcffeeffeeff3000f2ff1c000c000c00baff2a00eeffd4ffe4ffdefffeff,12000200faffeaff0000f2fffaff0a000400f2ffc8ffe8ff0c001c001c00ecff,8cfffcfff6fff6ff3000eefff4ff1400d8ff2600eeff1c00000000000600f6ff,3000deffdaff6400ecffecff34001400266c76b90098466b3c3d4a97c005023d
408,408,0,ecffecffeeff000000001000fcffecfffafffaffd0ff0c01e4ffe4fffeff2e00,f4ff12001c00daffe2ffd4ff0a000a0014000400e8ffe8ff1c000c000c00fcff,1e002e0004000400eeff100004001400160006001c00d0ffeeffdefff6ff0600,100010005400e8ffcaff1e0044000400363d8097f604563d0cba3c04286cf8b9
409,409,0,ecffecff00000000f2ff0000ccffecff1c000c00e0ffe0ff40000200eeffdeff,f4fff4ff0c001c003e00e2ffdaff0a00f2fff2ffd8ff26000c000c00ecffccff,dcfffcff04001400eeffeefff4ff0400f8ffe8ff1c00eeff00000000e6ffd6ff,eeff10004600daff0e001e00e4fff4ff10ba3805266ba6ba3a97666c223d9e97
410,410,0,fcff0a0000000000f2ff0000fcff0c00cafffaff1c00feffe4ff12001e003e00,2200f4ffeafffaff0000d4ff0a000a00140014003600f8ffeafffaffccfffcff,1e001e00f6ffe6ff2000000014001400e8ff1600fefffeff00000000f6ff1600,00002000e8ffdaff0e00ecffe4ff24004097686b523e80973c04dc3e38ba4005
411,411,0,fcfffcff00000000e2ff00000c00fcffdaffdaff2a001c00f4ff0200deff1e00,f4ff02000c001c0010003e00eaffeaffe2ffe2ffd8ff06000c00faffecffdcff,fcff2e00040014000000000014000400d8ffd8ffeeff0c00eeffeeffe6fff6ff,1000eeff060016000e00ecfff4ff04007804823e16bb9604366c3cba1e97d86b
412,412,0,ecff1a0000000000100010002c002c000c00faff0c012a00f4ffe4ff0e000e00,020012000c00eaff0000d4ff1a00faff040014002600f8ffcaff0c002c001c00,1e001e001400f6ffeeff000014001400e8ffd8ff0c00eeff1000eefff6ff0600,30000000f8ff0600fcfffcfff4fff4ff386bb0ba9097166bfc3eea964804223e
413,413,0,ecffecff0000100020000000fcff0c000c00fafffeff1a0122001200beffbeff,f4ff0200faff0c002e00f2ff0a00faffe2ff14002600f8ff0c001c00ccffecff,0e008cff140004001000eefff4ffd4ffe8ffd8fffeff2a00eeff20000600f6ff,0000deff06000600fcff1e001400b4ffe23ed096e802f23e3cbb0c04a86b78ba
414,414,0,fcffecff1000eefff2fff2ff1c001c00faff0c001c00eefff4fff4ff2e000e00,2200f4ffeafffaffe2ffd4ff0a000a00e2fff2ff3600b8ff0c000c00fcfffcff,0e001e000400e6ffdeffceff04001400d8ffe8ff2a00feffeeff10000600f6ff,ceff20000600cafffcff3000f4ffe4ff90bbe202c66a96bb6a96066c1a3fb696
415,415,0,fcffecff1000100010002000fcff0c00faff0c000c001c00f4ff02000e00eeff,f4fff4fffaff1c00e2ffd4fffaff0a000400040006002600faff0c00dcffecff,0e00fcff040014000000eeff34000400d8ffcaffeefffeff1000eefff6fff6ff,eeff3000f8fff8ff1e00ecffd4ff0400a096286b423f60972a03dc3e38bbf802
416,416,0,ecfffcff00000000f2ff10001c000c000c00eafffeffeeff02001200eeffdeff,3000f4fffaff0c00c4ff3e001a001a000400040006004600faff0c00ecfffcff,0e00fcff32000400eeff200014000400caff0600eeffeeff200020000600f6ff,10001000f8ffe8ff1e00fcfff4ff14003202623fd4bc8802066c7ebc4696686b
417,417,0,ecfffcff1000deff0000f2ffecffecff0c00daff0c00feff12002200ceff0e00,f4fff4ff1c000c0020002e00faff0a0014002400f8ff16000c000c00acfffcff,ecfffcfff6ff22001000eeff04000400f8fff8ffeeffeeff1000eefff6ffe6ff,5800deff060016001e001e000400f4fff86af0bb0097d66a6040ba969c026a3f
418,418,0,fcffdcff00001000e2ff10003c00fcff0c00faff1c00eeffe4ff0200eeff0e00,02000200faff0c002000f2ff0a000a000400f2ff3600f8ffeaffeaff0c002c00,0e002e0004001400000020002400f4fff8ff2600fefffeff0000deff16001600,2000eeff0600f8ffdcff30001400e4ff88406e96920102404ebc8601786b4abc
419,419,0,ecffbcff10000000f2ff00001c000c00faff0c00eeff0c0102000200eeff0e00,0200e4fffafffaff0000e2fffafffafff2ff0400f8ff16000c00faffdcffecff,fcfffcff2200e6ff00001000f4fff4ffd8fff8ffeeff1c0000001000f6ff2600,eeff30001600daff0e000e00e4ffd4ff44bd3801b66ae4bcaa95b66b6c402696
420,420,0,fcff0a000000deff10001000fcff0c00eafffaffd0ff2a01f4ff3000fefffeff,12001200eafffaff0000e2ff0a00fafff2ff04000600e8ff0c00faffecffdcff,ecfffcff2200f6ff0000000004002400d8ffe8ff1c00feff100000000600d6ff,eeff48001600f8ff1e000e00e4ff24005e96a86ab04000972601504122bd8c01
421,421,0,ccfffcff0000200000000000fcffecfffafffaff2a00eefff4ff02000e00eeff,f4ff02000c000c002e0000000a004a0004000400f8fff8ff1c001c00fcff0c00,fcff0e00f6ff32000000eefff4ff1400e8ffe8fffeff1c003000eefff6fff6ff,0000deffdaff06001e00dcffc4ff0400a8002841b4bdd200c66bbebcf695086b
422,422,0,ecfffcffeeffeefff2fff2ff2c001c001c000c002a002a0012000200deff0e00,f4ff12000c00faff3e00f2ff0a000a00e2fff2ffc8ffd8ff0c000c00dcffdcff,0e000e001400140010000000240044000600d8ff0c00e0ffdeffceff16000600,3000defff8ff1600fcfffcff2400e4ff786ab4bd4496166ae0406a956c001c41
423,423,0,0a00ccffeeffeeff0000f2ff0c00dcffdaff0c00e0ff0c0030000200eeffeeff,f4ff12001c000c00f2ffd4ffdafffaffe2ff040006001600caffeaff1c00acff,8cff0e0014000400eeff200014002400e8ffe8ff1c00feff00000000f6fff6ff,000010001600dafffcff1e00f4ffe4ff6841d295d6ff8e418ebd36009c6ac2bd
424,424,0,2a000a00eeff0000100010001c00fcfffaff0c001c01eeff02004000eeffeeff,12000200faff0c00d4ff0000eaff0a00f2fff2ffe8ff1600eaff2c001c00ecff,dcff1e0022001400ceff100004000400e8ffd8fffefffeff000000000600f6ff,eeff10000600e8ff0e005000f4ffe4ff70be80ffe66924be5a95666a1c42c695
425,425,0,dcfffcff000010004e002000ecffecfffafffaff1c00deffe4ff1200feff0e00,020012000c001c000000e2ff0a000a00f2ffe2fff8fff8ff0c00eaffdcffecff,9cff0e0004001400eeffdeffa4fff4ffe8ffe8fffeff0c00200020001600e6ff,eeff2000daff16003000fcffe4ffe4ff8295286a9442f49570ffa04182be9aff
426,426,0,0a00fcff0000eeffe2ff10000c000c00faffdafffeff0c0002000200eeff0e00,12000200eaffeafff2ff3e001a001a0014002400aafff8ff0c00faff0c00fcff,2e00bcff1400040000001000140014001600f8fffeff0c000000000026003600,68001000baffe8ff1e00ecffe4fff4fff0fe724212bf06ff466a4ebf76956c6a
427,427,0,bcfffcffeeff0000000020001c000c00fafffaff2c000c001200f4ffdeffdeff,f4fff4ff2c002c003e00e2ff0a00faffe2ff04000600f8fffaffeafffcfffcff,fcffecff1400220000000000f4ff1400e8ffaaffeefffeffdeffeeff2600f6ff,2000eeffe8ff46001e00fcff0400e4ffae6930bff495e669c4424a95c2fe5c42
428,428,0,fcffbcff1000eeffe2ff10001c00fcfffafffaffdeffceff02001200deffeeff,f4ff22000c00daffd4ffd4ff1a000a00f2ffb0ff06003600eaff2c000c00ccff,0e002e00f6ff04001000100024001400caffaaffeeff0c000000000016001600,1000000006000600fcff0e003400f4ffb242329518fef4427ebff0fdfc692abf
429,429,0,fcfffcffeeff1000300010000c000c00baff0c00eefffeff2200f4ff0e00eeff,020012001c001c002e000000fafffaffe2fff2ffe8ffb8ff1c00eaffecffdcff,fcff0e0004000400100000002400240034000600feffeeffeeff2000e6ff1600,eeff10001600dafffcff30000400e4ff26c010fe726962bfea94266a28435695
430,430,0,fcffdcffeeffeefff2ff10001c001c00fafffaff0c00deff12001200ceff0e00,22002200eafffaffd4ff2e002a00eaff04000400f8ff06000c000c00fcffdcff,ecff0e00f6fff6ffeeff100004001400d8fff8fffeffe0ff0000000026000600,eeff5800daffe8ffecfffcffe4ff240074948e69a243b495e0fd1644eabf92fd
431,431,0,ecfffcff000010000000e2ffecffecff0c00dafffeff2c000200e4ffeefffeff,e4ff12001c000c000000e2ff0a000a00e2ff1400260016001c000c00acff0c00,0e00fcff040004001000deff04000400f8ffcafffefffeff0000deffe6ffe6ff,10000000f8ff16000e00dcfff4ff040044fd524340c078fdb2695ebff694bc69
432,432,0,2a00bcff0000eeffe2ff20000c000c00faff1c001c00feffe4ff1200deffeeff,22001200fafffaffe2ffe2fffaff0a000400e2ffb8fff8fffaff1c001c000c00,0e00fcff04000400eeff42000400f4ffe8ffe8ff0c00eeff400000001600f6ff,1000cefff8ff0600fcffecff0400d4ff4c6966c04495f2681644da9442fde843
433,433,0,ecff2a00000010000000e2ff0c000c00daffcafffeff0c0030000200eefffeff,e4fff4fffaffeaff3e000000eafffaff1400f2ff0600e8fffaff1c00dcff2c00,dcff0e00f6ff0400eeffceff0400e4fff8fff8ffeeff0c00eeff100006000600,eeff10001600f8ffbaff400004000400aa4426940afc6244a2c070fc7c69ecc0
434,434,0,fcffdcff1000eeff000020000c00ecff1c00faffeeff0c00e4ffe4ffeeff0e00,1200f4fffafffaffd4ffd4ff0a00fafff2ffb0ff1600d8ff0c002c000c001c00,fcff0e0014001400eeff00001400e4ffe8ffd8ffeeffe0ffdeffeeff1600f6ff,eeff00005400baffecff3000e4fff4ff36c174fcd26880c17a942269c044ae94
435,435,0,fcffecff10000000f2ff2000fcff0c00faffcaff2c000c00e4ff0200fefffeff,d4ff1200faff2c00f2fff2fffafffaffe2ff1400d8ffe8fffaffeaff0c000c00,ecff1e00220014000000ceff04001400baffd8fffefffeff30000000e6ff0600,deff3000160016001e00fcffc4ff14001694dc68e244249530fca6442cc10afc
436,436,0,fcffecff0000eeff00000000ecff1c00fafffaff2c002c00f4fff4fffeffdeff,0200f4ff1c00eaffe2ff00000a00eafff2fff2fff8fff8fffaff1c002c00fcff,fcff8cfff6fff6ff2000100014000400f8ff0600eefffeff20002000f6ff2600,20000000daff06001e00fcff04000400d0fb1a4560c1fafb2269c2c15e943c69
437,437,0,ecffdcff1000200010000000dcffecffdafffaff2c01feff02000200eeffdeff,e4ff02000c00eaff3e00e2fffaffeaffe2fff2fff8ff06002c00faff0c001c00,0e00dcff040014000000000014000400e8ffd8ffeeff0c001000000016000600,1000eefff8ff16004000fcfff4ffe4ffcc6820c24495c2686645fa932afb9045
438,438,0,0a00dcff10001000f2ff5c001c000c000c00faffeeffeeffe4fff4ffeeff0e00,0200f4ff0c00faffd4ff20000a000a00f2ff0400e8ffe8fffaff1c001c001c00,2e00fcff0400d8ffeeff000004002400d8ffe8ff1c00e0ffeeff300006000600,1000eefff8ffe8ffecff3000340004005646c6934afb924546c22efacc680cc2
439,439,0,dcfffcff0000000000000000fcff1c00baff0c000c001c00f4ff0200defffeff,e4ff12001c001c00f2fff2ffeaffeafff2ff1400f8ff1600faffeaff1c00dcff,dcff0e00140022001000eefff4ff0400e8ffbaff0c000c00deff1000f6ffe6ff,ceff20006400e8ff0e0030000400e4ffc0c242fa00689ec20a94e26890452e94
440,440,0,ecffbcff1000deff0000f2ffecff1c000c00faff0c00defff4fff4ffcefffeff,0200f4ff1c00faffe2ffe2ff1a00faff14001400c8ff06001c000c00fcff1c00,1e001e001400f6ff0000deff04001400e8ffe8ff0c00d0ff0000100016000600,eeff3000f8ffdaff1e001e0004002400b6937c685046f4942efad446bcc20afb
441,441,0,dcffecffeeff0000e2ff1000dcfffcfffafffaff0c002c0002001200beffdeff,f4fff4ff1c000c003e00e2ff0a00fafff2ff0400d8ff26002c000c00fcff1c00,0e001e00f6ff04000000deff14000400cafff8ff0c00feff2000eeff0600f6ff,10000000daff46004000dcffd4ff240098f9e646fec25afaa26876c20e949268
442,442,0,fcfffcff0000defff2ff0000fcff1c001c002c000c00fefff4fff4fffefffeff,22000200faffeaff0000e2ff1a000a00140004000600d8ff0c001c00fcffdcff,0e00fcff3200f6ffceffceff140014000600baffe0ff0c00eeff0000f6ff1600,5800eeffdaff06000e001e000400f4ff2c6850c384949067a446189388f92046
443,443,0,ecffecffeeff10001000f2fffcff0c002c00faff0c002c001200e4ffeeff1e00,e4ffe4ff1c000c003e00f2ff0a000a00f2fff2ffd8ff36000c00eafffcffecff,fcffdcff040014000000eeff2400d4fff8ff06000c000c000000eefff6ffe6ff,deffceff06001600dcff30002400b4ff06475693d6f80e4790c4aaf92268c8c3
444,444,0,fcff1a000000deff000000000c00fcff0c00faff0c000c0012001200eeff0e00,02001200faff0c000000d4ff0a00eaff0400f2fff8ffd8ff0c000c001c00fcff,0e00fcff14000400deff1000f4ff0400e8ffbafffeffe0ffceff000006000600,100000006400caff1e005000c4fff4ffe2c3b8f8a067d2c37893ae677247ce93
445,445,0,0a000a00eeff10001000e2ffccfffcff0c00faff0c000c004000d4fffeffdeff,e4ff12000c00eaff20002e000a00fafff2fff2ffe8fff8ff0c00faff0c000c00,fcffecff1400140010001000d4fff4ffcaffd8ff0c000c000000eefff6ff0600,eeff0000f8ffcaff30001e00e4ff040016932c68ae4794949af82447b0c4e6f7
446,446,0,fcfffcff000000001000e2fffcff0c00caffdaff0c002c000200f4fffeffeeff,0200f4ffeafffaffd4ff20000a005a0024001400f8ffc8fffaff1c00fcfffcff,1e000e00040004000000200014001400f8ff06000c00feffdeffeeff06000600,eeff0000daff06001e00fcff0400040006f80c48f2c4f6f85e6730c68e93d267
447,447,0,0a00fcff000010002000f2fffcffecff2c00faffeefffefff4ff0200ceffaeff,f4ff1200eaff2c002e00f2fffaff0a00040014000600e8ff0c00fafffcff1c00,dcfffcff2200f6ff10001000d4ffd4ffe8ffe8fffeffeeff00000000f6ff0600,1000eeffe8ff5400fcff0e002400c4ff666750c49494506728485893b6f72248
448,448,0,1a00fcff1000deffd2ff00000c001c00faff0c001c00eefff4fff4ffbeffeeff,020012001c00eaff200020000a000a00040004000600f8fffaff0c001c00dcff,fcfffcff04000400deff100004002400e8fff8ffeeff0c00eeffceff0600f6ff,0000deff4600e8ff0e001e002400d4ff7c4826938ef7ae47d0c556f7b26700c5
449,449,0,ecfffcffeeff0000000000000c000c000c00faff0c000c00f4ff2200ceff8eff,f4ffd4ff0c001c00d4ff2e005a000a00f2fff2ff160026000c000c00fcff0c00,dcffecff0400140000000000140014002600f8ffeeff0c00eeff00001600e6ff,deff30001600dafffcff3000f4ffc4ff98c560f7f06670c548936e67ec487e93
450,450,0,0a001a0000000000d2ff00001c001c00dafffafffeffeeff0200e4ffdeffdeff,02002200fafffaff00000000fafffaff040004001600f8fffaff0c00fcff4c00,1e000e001400f6ff1000100004002400f8ffd8ff0c00eeff2000eefff6ff0600,eeff78004600f8ff1e00fcffa4ff1400d69246679e48249406f70849c0c536f7
451,451,0,ecffecffeeff0000e2ff0000fcffecff0c00faffeeffeeff40001200fefffeff,f4ff12000c000c000000e2ff2a001a00f2ff1400260006000c00eafffcffccff,0e00fcff14001400100010000400f4ff0600e8ffeeffeeff00002000d6ffd6ff,0000eeffdaff46003000ecffe4ff240040f63c49f0c500f72e6740c63e935267
452,452,0,fcff1a00eeff0000f2ff10001c001c00faff0c00feffeeff0200e4ffdeff2e00,1200e4ff0c00eaffe2fff2ff0a00faff0400f2ff1600f8fffaff1c000c00fcff,fcff9cff140014000000eeff04000400f8fff8ffd0ffd0ffeeff0000f6ff0600,2000deffe8ff1600fcfffcff04001400d666acc62494d0666a49c892def52c49
453,453,0,ecff0a0000001000200000001c00ecff0c000c003a00eeff12001200eeffeeff,e4ffe4fffafffaff0000f2fffafffafff2ff0400e8ff06000c001c00ecffdcff,0e000e000400220010000000f4ff0400e8ffe8ffeeffe0ff0000eeff1600d6ff,eeff00000600f8ffecff0e00e4ffc4fffc48d692e0f6fe4830c796f6426770c6
454,454,0,0a000a001000defff2ffe2ff1c000c001c003c00eeffe0ff120002002e00deff,120022001c000c00f2ff00000a00faff1400040006000600caff0c001c00fcff,fcfffcfff6ff14000000eeff140014003400e8fffeffe0ff0000defff6ff0600,beff68004600daffdcff30000400f4ff1cc730f60067cec6f892ce66cc490293
455,455,0,fcfffcff00002000f2ff00000c000c00eaff0c000c001a0140000200eeff0e00,120002000c001c00200020000a00faff0400d2ff360026000c000c00dcffdcff,9cffecff140004001000deff0400f4ffe8fff8ffeefffeff0000eefff6fff6ff,beff0000e8ffdaff1e000e00d4ffe4ff86928666344ab49326f52e4ae8c60ef5
456,456,0,0a000a0000001000f2ff0000fcff0c00daff2c00eefffeffe4ff1200feffeeff,f4fff4ff0c00eaffe2ff2e001a00faffe2fff2ff2600f8ffeaff0c001c000c00,fcff3e00040014000000defff4ff2400f8ff1600feffeeff10000000f6ff2600,20000000dafff8ffecffecfff4ff4400c4f4664a4ec782f5ce66e4c8c292f266
457,457,0,ecfffcff1000ceff20000000fcffecff0c000c00feff0c000200e4ffdeffeeff,120002001c00faffe2ff00000a00fafff2ffc0ff260026000c00faffecfffcff,1e000e00f6ff040000000000f4ff14002600f8fffeff0c00000000002600d6ff,3000eeffe8ff46000e00dcff2400040076668cc7849362665e4a9892cef46c4a
458,458,0,dcfffcffeeffeeffe2ff20000c001c000c001c00eeff2a00f4ff0200beff0e00,120012000c00daffe2ff2000eaff1a0014001400f8ffe8ff0c00fafffcff0c00,1e00fcff0400f6ff1000ceff04000400caff26000c000c00eeffeeff06001600,1000000016000600fcff1e004400e4ff984b8692d2f4744a74c816f43c6622c8
459,459,0,ecfffcffeeff10000000f2ff0c001c00fafffaff1c002a00300050002e003e00,1200f4fffaff0c002e00e2ff0a00dafff2ff04001600f8ff0c00eaffdcfffcff,fcffdcff0400140010000000f4ff0400f8ffe8ffeefffeffeeff000006000600,deff300006000600fcff30000400f4ffc2c888f302661ec888928e663e4b8292
460,460,0,ecff0a0000000000100010000c000c00caff0c000c00d0ffd4fff4ffeefffeff,12001200eaff1c00d4ff2000daff0a00f2ff3600160026000c001c00ecff1c00,0e00fcff0400f6ffceff100004000400d8ffe8ffe0ffeeff0000eefff6ff1600,deff3000f8ffe8ff1e00dcffd4ff140056922666344b749374f33e4cb2c806f4
461,461,0,fcffecff000010001000f2fffcff0c00fafffaffeefffefff4ff02000e001e00,e4ff0200faff0c00f2ff3e00eaffeafff2fff2ff060016000c00eafffcfffcff,fcff0e0004000400eeff000014000400f8fff8fffeff0c002000eefff6fff6ff,10001000daff54005000caffd4ff1400e8f2b84b2ec804f43e66a4c852920066
462,462,0,fcffdcffceff0000e2ff10001c001c00daff1c0048001c000200f4ff0e00feff,2200f4ffeaffeaffe2ffe2fffaff0a00f2ff14003600f8ff1c00caff2c001c00,fcff1e00140014001000eeff24002400d8ffbafffefffeffeeff2000f6fff6ff,5800eeffdaff4600fcff0e000400f4ff9a6552c9569384655e4c4892aaf2ee4b
463,463,0,fcff0a000000eeff20001000fcfffcff0c00baffeeff2a0112000200eeffdeff,120012000c00faffd4ff4c000a00faffe2ff0400060064000c00eaff0c00fcff,2e00fcff14000400eeff200014001400d8ffd8fffeff0c000000200046001600,0000deff06000600dcff0e00e4ffc4ffac4c469224f3544b18ca84f2a0655cc9
464,464,0,2a00fcffdeff0000f2ff10001c002c00daff0c00eeffeefff4ffe4fffeffeeff,0200e4ff0c00eaff20003e000a005a000400140046003600faffeaff2c00ecff,9cff1e000400f6ffdeffcefff4ff14001600f8fffeffe0ff00001000f6fff6ff,deff10000600e8ffdcff0e00e4ffe4ff5cca08f214656cc9d2912e653e4c5292
465,465,0,fcff0a00eeffeeff0000f2ff1c000c00daffdafffc000c01f4ffd4ff0e00feff,020002000c00faff4c00e2ff0a00faffe2fff2ffd8ffe8ff1c002c00ecff1c00,dcff1e00140022001000eeff04000400caffe8ffe0ffeeff2000deff16000600,ceff5800060046001e000e00f4fff4ffbc911a65044c169314f2ae4cccc924f2
466,466,0,1a00ecff00000000e2fff2fffcff1c000c001c000c000c00e4fff4fffefffeff,12001200eaffeaffe2fff2ffeaff1a00f2ffd2ffe8fff8fffaff0c001c002c00,ecfffcff1400f6ff0000deff140014003400f8fffeff0c00eeffdeffe6ff0600,20000000f8ff06001e00caffe4ff14001ef13c4daccac8efd06448cb12923065
467,467,0,fcffecffeeff0000f2fff2fffcffccff0c000c00feffeeff12000200feffdeff,e4fff4ff1c00faff2e00f2fffafffaff0400d2ff060046000c000c00ecfffcff,fcffdcff14001400eeffdeff240014001600f8ffeeff1c00200000000600f6ff,1000deffdaff54001e00caff0400e4fffa64fcca0693a4641e4dd29134f1464d
468,468,0,fcffdcff000000001000e2ff0c00ecff0c00eaff02ffe0ffc6fff4ffeeff0e00,120012001c00faffd4ff2000eaff5a0014000400f8ff0600caff0c00fcff1c00,dcfffcff04000400eeff000014000400e8fff8fffeffeeff0000deff1600e6ff,3000eefff8ff0600caff0e00f4ff0400384ebc91b8efe24c48cb30f00065bcca
469,469,0,fcfffcff1000eeff000000000c00fcff0c00daff1c002a00f4ffe4ff2e00deff,f4ff02000c001c002000e2ffeafffafff2ff0400260006000c000c00fcffccff,ecff1e0014001400eeff10001400f4ffe8ffcafffeff1c0000001000e6ff1600,deff10000600e8ffecff3000c4ffb4ff3ecb2cf084640ccbc2913e65ba4dc291
470,470,0,fcff0a000000ceff20000000fcff0c000c003c00eeff0c000200f4ff0e00eeff,020022000c000c00f2fff2ff0a00eaff04000400060026001c00cafffcffdcff,0e000e000400e6ffdeff000014000400caffcaff1c00feff0000200016000600,eeff3000dafff8ff0e00fcffd4ff0400ac91ba64424dc69210f09e4ec8cb1af0
471,471,0,fcfffcffeeffeeff0000f2ff1c00dcfffafffaffc2ffeeff12000200defffeff,f4fff4ff1c001c00e2ff2e00eafffaff0400040006001600eaff0c00fcfffcff,fcffdcfff6ff140020000000040024000600f8fffeff1c00eeff0000d6ff1600,0000deffbaff06001e00ecffd4ffe4ff36efa84ee2cbd0ee206428cbc2919064
472,472,0,0a00ecff1000eeff200020000c000c001c00fafffefffeffe4ff02000e00feff,120002002c000c00d4ff3e00fafffaff0400f2ff260036001c000c000c001c00,0e000e001400f6ff0000eeff04002400e8ffd8fffefffeff0000eeff1600d6ff,3000eefff8ff1600dcffecff240004006a64b2ccb69214646e4e529120ef4a4e
473,473,0,0a00fcffdeffdeff10001000fcfffcfffafffafffefffeff1200e4ffcefffeff,f4ffe4ff1c00eaff20000000faffeaff1400e2ff0600f8ff2c000c00fcfffcff,dcfffcff220022001000100014000400e8fff8ff0c000c00eeff0000e6ff0600,1000deff06000600ecfffcff1400e4ff284f7c9164eda04e2acd10f0c863b0cc
474,474,0,0a000a000000eeff10001000ecff0c000c001c00ceffd0ff2200e4ffeeff0e00,f4ff12001c000c00c4ffd4ffeaff5a0004001400060006000c00faff1c000c00,9cff0e001400f6ff0000deff24002400d8ffd8ff0c00e0ffceffdeff36000600,eeff00001600bafffcff30000400d4ff52cd86eee463f2cc32916e63304fc291
475,475,0,fcfffcff0000000020002000ecfffcffcafffaffe2feeefff4ffe4ffdeffdeff,020012000c000c00f2ffd4fffaffeaffd2ffe2ff060006000c000c001c000c00,ecff1e00040014000000deff2400e4ff1600e8ff1c00feff2000eeff16000600,deff6800060006003000fcffd4ff04004c91b663804ec6926ceeae4e00cd08ee
476,476,0,0a001a000000000010002000fcfffcff0c002c000c000c0002001200eeffeeff,12000200fafffaffe2ff3e000a000a000400f2ff36001600faff0c00dcff0c00,fcfffcff1400f6ff0000deff040014002600f8ff0c00feffeeffceff26002600,eeff1000e8ff06003000dcffe4ff1400a6ee584ff2ccd4ec5e633acea291a863
477,477,0,fcfffcffdeff0000f2fff2fffcff0c000c000c00deffdeffe4fff4ff3e00eeff,22000200fafffaffe2ffe2fffaffeaffe2ffe2ff460016002c00eafffcffecff,1e008cff040004000000deff14001400f8ffe8ffeeffeeff00000000e6fff6ff,1000cefff8ff06000e00cafff4ffe4ff046392cdc69296632e4f3291e8ed604f
478,478,0,fcff0a0010001000d2ff10000c00fcfffaffdaff1c004c00c6fff4fffeffdeff,120002001c00eaff000000000a001a00f2ff04003600e8fffafffafffcffecff,fcffecff0400f6ffeeff000014002400e8ffe8ffeefffeff00000000f6ff0600,1000ceffe8fff8ffdcfffcff2400f4ff5e503c9174ece04e1aceecec4863a0cd
479,479,0,ecffdcff00002000100010000c000c00faff0c001c001c0030004000befffeff,f4fff4ff1c00faff4c00f2ffeaff0a00f2ff0400160006000c000c00fcfffcff,ecfffcff0400140010000000140014001600e8fffeff1c0000001000f6fff6ff,deff20000600e8fffcff3000d4ffd4ff9ece00ed6663b2cd4291ee6200506291
480,480,0,fcfffcff0000000010001000ecff0c00faff1c002c002c0002000200feff0e00,e4ff12000c000c00f2ffe2fffafffaff1400f2ff0600e8fffaff0c00ecffdcff,1e000e00040014000000200004000400f8fff8ff0c000c000000eeff06000600,eeff10000600f8ff1e000e00e4ff24003c91b462e64f1092bcec625090ce90ec
481,481,0,1a00dcff0000eeff1000f2fffcff0c001c00faffeeff1c00120022000e00eeff,f4ff1200faffeaff00000000faffeaffe2ff0400f8ff06003c001c00fcffccff,fcffdcff1400f6ffeeff000004001400e8fff8ff0c00feff00000000f6fff6ff,2000eefff8ffe8ff4000dcffd4ff04008eeb5e50dece56ebce62eace7291d862
482,482,0,fcff0a000000eefff2ff10000c000c00faffdaffeeff2c00e4ff40000e00feff,0200f4ff0c000c00f2ffe2ff1a00faffe2ffe2ffd8ffd8fffaff2c001c001c00,1e009cff14000400deff0000f4ff04000600f8fffeff1c000000cefff6ff0600,30000000caff1600fcffdcff14000400546244d04092b662c250f290d0ebd050
483,483,0,fcfffcff000000005c000000fcfffcfffafffaffdeffdeff3000d4fffeffdeff,f4fff4ff0c00faff2e00f2ff0a00fafff2ffe2ff260016000c000c00fcffecff,0e00fcff2200140010000000140004000600caff0c002a00eeffdefff6ff0600,0000deff1600f8ffecff0e002400d4ff1e511c910eea9252cacf2cec8c6298cf
484,484,0,0a000a00100000002000f2ff1c00fcffbaff1c000c00feff02003000ceffdeff,1200e4fffafffafff2ffe2ff0a000a000400e2ff36001600eaff0c000c00ecff,0e00ecff140004000000100004000400baffe8fffefffeffeeffeefff6fff6ff,deff30006400f8ffecff1e00e4ff040054d0eeea86624ecf0291ca613a514291
485,485,0,fcfffcffdeff00002000f2fffcfffcff1c001c00ceff1c01f4ff3000beff2e00,12000200dafffaffd4ff2e00fafffaff14000400f8fff8ffeafffafffcff0c00,fcfffcff0400040020000000f4ff0400f8fff8ff0c00c2ff0000000016000600,deff58000600daff1e00fcfff4ff1400ec908861e25210927cebf25018d0c4ea
486,486,0,fcfffcff00001000000010000c000c00eafffaffdeffdeff1200c6ff0e000e00,02000200eafffaffe2ffe2fffaff1a00f2ffd2ff0600b8ff0c001c00ecff1c00,2e009cff14000400eeffeeff14001400e8ff2600feffeeffdeffeefff6ff1600,20000000dafff8ff1e00caffe4ff24003eea8e514ed08ee9ca614ed0f8902c62
487,487,0,fcffecff00001000f2ff20000c000c00faffeaff0c001c0030000200ceffeeff,1200f4fffaff0c00e2ff3e00eaffeaff1400e2ff2600f8ff0c002c00dcffecff,fcff0e00040004000000000024001400160044000c000c00eeff1000f6fff6ff,1000cefff8ff2400ecffecffe4ffe4ff986104d10092a0618251f29064eaea51
488,488,0,dcffecffeeffeeff100010000c000c00baffdaffeeffeeff22001200eeffdeff,f4ff0200eaffeaff0000f2ff0a001a00e2ff1400f8ff0600faff0c000c002c00,8cff1e00140022000000eeff14000400e8ffcaff1c00eeffceff00002600f6ff,eeffceff06001600fcff30001400e4ff5852dc901ee992532ed196e97c611cd1
489,489,0,fcffecffeeffdefff2ffe2ff1c001c00caffcaffeeffeeffd4ff40001e00deff,1200f4ffeaffeaff00000000eafffafff2fff2ff06003600eaff0c000c00dcff,0e009cff0400f6ffeeffdeff0400d4ff0600f8ffeeff0c00ceff000006001600,eeff00001600f8ffecff1e00f4ff04001ed252e9a061ecd0b290aa617a52e890
490,490,0,fcfffcff10000000f2fff2ff0c001c000c00daffeefffeff12001200beffeeff,12000200eafffaff0000e2ff1a00faffe2ffe2ff0600d8ff0c000c00dcfffcff,fcfffcff2200f6ffdeffceff040024000600e8ffe0fffeffdeffdeff0600f6ff,00001000e8ffe8ff1e00fcffe4ff0400ac9028615254f09146e9d652dcd1b4e9
491,491,0,ecff0a00eeff10000000f2fffcffecffbafffaff3c01eeff120002000e00eeff,e4ff0200eafffaff3e000000eaffeaff14000400e8ff26000c000c001c000c00,dcfffcff1400220000001000f4ffd4ff260006000c00e0ff00000000f6ff1600,0000eeffdaff0600fcffecffe4ff0400a2e8c8524cd110e83a617ed1d8902c61
492,492,0,fcff0a000000eeff20000000fcffecfffaff2c000c00feff12000200deffeeff,02000200faffdaffe2ff10000a00eafff2ff1400260006000c000c00fcffecff,dcffecff140014001000cefff4ff0400d8fff8ffeefffeff200000000600f6ff,4000deffdafff8ff0e00ecffb4ff04007860aed2f0913061265382903ae80653
493,493,0,fcfffcff0000eeffe2ff10000c00ecff0c001c00eeff0c0002001200deffeeff,120012000c00daffe2ffe2ff0a000a00f2fff2ff0600e8ff0c00eaffecff0c00,0e00fcfff6fff6ffdeff00000400f4ff0600e8fffeffeeff2000eeff06001600,eeffdeff0600f8fffcff0e001400e4ff5a539c9080e7f254d2d24ce862604ed3
494,494,0,fcff0a00eeffeeff10001000ecff0c00dafffafffeffdeff300002000e00feff,f4ff0200eaff1c00e2ff0000eaff0a00f2ff1400260006001c000c00fcff0c00,0e000e00f6ff04001000bcff040014000600e8ff0c000c0000000000f6ff0600,ceff20001600caffdcff3000e4ff0400d0d202e8826070d292905a60a653d890
495,495,0,fcfffcff0000eeff10001000ecfffcffcafffaff2c001c0022000200eeff0e00,02002200faff0c00e2ffd4ff1a000a000400040016000600faff0c000c00dcff,dcfffcff14001400eeffeeff04001400f8ffcaff1c00feff00000000e6ffe6ff,ceff00001600f8fffcfffcffe4ff1400ac9038607055f09108e7ec539ed3bae7
496,496,0,1a00ecff00001000300010000c00ecfffaffcaff0c001c0022003000eeffaeff,1200f4fffaffeaff0000d4fffafffafff2ffe2ff16001600faff2c00dcffecff,1e00dcffe6ff1400eeffeeff2400f4ffd8fff8ffeefffeff000000000600f6ff,1000eeffdafff8ff0e00fcffe4ff34003ce72254a0d290e63a6084d4b8904260
497,497,0,fcff0a0000000000000010001c00fcffbaffdaff0c000c0030004000feffeeff,22001200faffeaffd4ffe2fffaff0a00f2ffd2ffc8ffb8ff0c000c00ecfffcff,2e000e000400e6ffeeff000014001400f8ffd8ff1c00feff0000000006001600,5800defff8fff8fffcfffcff0400f4ff4860e0d3d091c2605c5492904ae74654
498,498,0,fcffecff10000000e2ff2000fcfffcff0c00daff1c002c00020012002e000e00,c6ff1200fafffaff0000f2ff0a000a00f2ffc0ff16000600fafffaff0c00dcff,0e009cff0400f6ffceff0000f4ff2400caffd8ffeeff0c00eeffeeff06001600,1000deff16000600dcffecff3400040006559c90b2e5d055a4d4cae58a5f6ed4
499,499,0,fcff1a0020000000100010001c000c00cafffaff2a00feff30001200feff1e00,f4ff22000c000c003e00f2fffaff0a000400f2ff0600d8ff1c000c000c00ecff,2e008cff1400f6ff0000deffe4ff0400e8ff2600feffeeff00001000e6ff0600,deff20005400daffecff3000e4ffe4ff7ed45ce6845fd0d572903a60ce54b890
500,500,0,fcfffcff0000100000005c000c001c00faffcafffefffeff0200e4fffeff0e00,f4ff0200fafffaffe2ffd4ffeaff0a00c0fff2ffc8ff06001c000c00ecffecff,dcfffcfff6ff04000000100004000400d8ffe8ffeefffeff20000000f6ff0600,eeff20001600daff0e00fcffd4ffe4ff8c90525f7e568091cae41c5626d5b8e5
501,501,0,fcff0a00eeff00000000e2ffecff0c00dafffaff1c001c0002001200aeffeeff,120002000c001c0020002e000a002a00b0ff1400d8ffe8fffaff0c000c00ecff,fcff0e00f6ff0400deff0000e4ff1400e8ffe8ff1c00feffdeffdeffd6ff1600,4800eefff8ff16000e00baffd4ff240030e54655ced6f4e4465f14d598907a5f
502,502,0,0a00fcffeeffeeff000030000c001c000c00faffeefffeff12001200eeffbeff,f4ff0200faff0c00e2ffd4ff1a00eafff2ffe2ffe8ffc8ff0c000c002c000c00,fcffdcff1400f6ff0000eeff04000400f8fff8ffe0ffeeffeeff2000f6fff6ff,1000ceffdaff4600fcffecffd4ffd4ff225fbcd57091245f0c56729058e51e55
503,503,0,fcff0a000000eefff2ffe2fffcfffcfffaffcaff1a012a0012000200feffceff,e4ff0200faffeafff2fff2ff2a001a00e2ff14000600d8ff2c000c00fcffecff,0e000e0032001400eeffeeff04000400f8ff1600fefffeffeeffbefff6fff6ff,eeffdefff8ff0600caff1e001400c4ffc6557c90e4e48e5684d6cae4ea5ef6d5
504,504,0,ecfffcffeeffceff200000001c00fcff0c00faffc2fffeff020002001e002e00,120002001c00daffd4ff3e000a00eaffe2fff2ffc8ffc8ffeafffaffecff2c00,ecfffcff0400f6ff1000200004000400f8ffcaffeefffeff20002000f6fff6ff,ceffceff1600daff0e001e000400e4ff78d6b0e4e45e3cd75290a65eee555890
505,505,0,fcffdcff100010000000f2fffcfffcffeaff0c00feff0c0050000200eeffdeff,f4ff22001c001c002e00d4ffeaff0a0004001400d8ff1600faff0c00fcffecff,0e000e002200140010002000f4ff0400d8ff06002a00feff10000000d6ff0600,ceff5800f8ffdaff0e00fcffe4ff14007c90f25ece567091fae33c5696d6e8e4
506,506,0,0a00ecff0000eeff10000000fcff0c00dafffaff0c000c00f4ff0200feffbeff,1200f4ffeaffeaffe2ff10001a000a00f2ff0400c8fff8ffcaff0c00fcff0c00,1e00dcff04001400eeffeeff14000400d8ffd8fffeffeeffeeffdefff6ff0600,eeffdeffcaff16001e00dcffd4ff14005ae39256ccd794e3665ea4d77890925e
507,507,0,fcff0a000000eeff100010000c001c000c000c000c002a00f4ff0200eeffeeff,f4ffe4ff2c001c002e00d4fffaff0a0014000400260016000c00fafffcff0c00,fcff1e001400220000000000f4ff04001600e8fffefffeff2000eefff6fff6ff,1000deffe8ff4600fcfffcfff4fff4ff625e88d78091745eec565290a0e3fe55
508,508,0,0a00fcff0000eefff2ff10001c000c00fafffaff2a00eefff4ff1200feff0e00,0200f4fffaff2c00f2ffe2ff4a00faff1400d2ffb8ff9aff0c002c005c00fcff,2e00fcfff6fff6ffdeff00000400f4ff0600e8fffefffeffdeff0000f6ff3600,1000defff8fff8ffdcff1e002400d4ff22573c90d4e2ae57b4d768e2225e2ed7
509,509,0,dcff0a000000eeff100000000c003c00faffcaff1c00eeffe4fff4fffeffeeff,0200e4ff0c001c00d4ffd4ffeaff0a0014000400d8ffb8ff2c00eafffcff2c00,fcff1e00f6ff14000000deffa4ff0400caffe8ffeeff6600eeffdefff6fff6ff,eeff20005400dafffcff1e00f4ffe4ff0ed87ae2645e7cd85290765e16577890
510,510,0,ecfffcffeeffdeffe2fff2ff0c000c00dafffaffeefffeff3000e4ff2e001e00,2200e4fffaffdaffe2fff2ff1a000a0014001400f8ffc8fffafffaff2c00ecff,fcff0e0004000400eeff000004002400f8ff0600eeffe0ff0000eeff06000600,eeff5800f8ffcaff0e00ecffe4ff14005c90665d1e58b091b4e1bc57d0d864e2
511,511,0,ecfffcffeeff00002000e2fffcff1c00caff1c000c000c001200d4fffeffeeff,f4fff4ff1c000c00e2fff2fffafffaffe2ff1400e8ff06000c002c00fcfffcff,ecfffcff14000400eeffdeff34000400caffd8ffeeff0c002000eeff16000600,eeff2000f8ff46005000caffd4ff04002ee1625732dab0e1565d78d83890925d
512,512,0,fcfffcff0000eeff000010000c000c000c002c00eeffeeff020012003e002e00,220002001c00eaffd4ffd4ff0a00faff04000400d8ffe8ff0c002c002c000c00,fcff0e0014000400eeff000014000400e8ffd8fffeffeeffdeffeeff06002600,5800beffdaff16000e00dcff24000400265d3ed99091585d50586290d4e19657
513,513,0,0a00ecff0000100030003000ecfffcfffaff1c000c00eeff12001200ceff0e00,d4ff0200eaffeafff2ffd4fffafffaff040004001600d8ff0c000c00dcff1c00,8cff0e0014000400eeffeeff04000400e8ffaaffe0fffeff2000eeff06000600,eeffdeff16000600ecff0e001400d4ff28586c9032e1a45838d924e1025d40d9
514,514,0,1a000a0000000000e2fff2fffcff0c00fafffafffeffe0fff4ff02000e00feff,120002000c00eaffd4ff2e000a00eaff140024003600f8ffeaff2c001c00ccff,1e000e0032000400eeff200004000400f8ffe8ff0c00feffeeff00000600e6ff,deff20004600f8ffdcff30001400f4ff4ed90ee1f85c48daa290d65cd6572890
515,515,0,fcff0a00100000001000f2ffecfffcfffaff0c001a013a00f4ff0200deffeeff,2200e4ff0c001c00e2ffe2ffeaffeaffe2fff2ffd8fff8ff0c00faffecffccff,1e00fcff140004000000000004000400e8ffcaffe0fffeff0000defff6fff6ff,deffeeff0600caff1e000e00c4ff04003c90265d04596091e4e0bc5750d984e1
516,516,0,fcff1a000000eefff2fff2ff0c001c00cafffaff1c00feff1200e4ffdeff0e00,e4ff0200eafffaffd4fff2ff0a00fafff2ff14003600e8ff0c000c000c00ecff,fcff2e0022000400deff10000400440006002600feff0c00deff000006000600,10000000caff46003000dcfff4ffe4ff0ee0585838db72e0c65c6cda5890f25c
517,517,0,fcfffcff000020000000f2ff0c00fcff0c000c00eefffefff4ff1200feffbeff,e4ff12002c000c000000e2fffafffaffe2ffe2fff8ff1600faff1c00dcff0c00,0e00dcfff6ff04000000deff240004002600d8ffeeff2a000000deff06000600,0000ceffdaff6400ecffecff2400d4ff865c5ada7091b85cf058ce8fd2dfc858
518,518,0,0a000a001000eeffe2ff10000c00ecff1c00fafffeffeeff0200e4ff0e00feff,020002001c00eaffd4ffd4ffeaff0a0014001400d8fff8ffeaffeafffcffdcff,1e001e00140014000000deff14001400f8ffd8ff2a00e0ff0000eeff16000600,0000ceffe8ff1600fcff1e002400f4ffc8584c9094df0a5a2cdbd0deda5b60da
519,519,0,fcfffcff00000000200010001c00fcfffaff0c000c00eefff4ff0200cefffeff,2200f4fffaff1c00d4fff2fffafffafff2ffd2ffc8fff8ff0c000c00ccffecff,ecff0e0004000400eeff0000140014000600e8ffe0ffeeff0000eefff6ff0600,eeff10004600caffecff40001400f4ff4adb58df285c38dcde8fb65c28595890
520,520,0,fcfffcffdeffeefff2ff2000ecff1c00dafffaff0c00eeff1200f4ffceff1e00,12002200faffeaffd4ff0000faff1a00f2fff2ffd8ffd8ffeafffaffecffecff,fcfffcff04002200deffeefff4ff2400f8ffd8ff1c00eeff00000000f6ff1600,20003000f8ffbafffcfffcffd4ff24004c90225c8a5a7091b0de9059c2db32df
521,521,0,0a00fcff000000001000f2ff0c001c00fafffaff2a00eeffe4ff12000e00feff,e4fff4ff2c003c00f2ffd4ff0a00eaffd2ffe2ff2600f8ff0c000c00ccffccff,ecfffcff22002200000010000400f4ffcaff2600e0ff0c0000000000d6fff6ff,10000000f8ff06004000fcffe4ff040078de4859c8dcf4de645b2cdb18904a5b
522,522,0,0a002a000000eefff2ff10001c001c000c002c000c002a00e4ffc6ff0e000e00,f4ff22001c00eaffd4ff4c00faff1a000400f2fff8ff0600eaffeaffecff0c00,fcff0e0004000400eeffeefff4ff0400f8ffd8ffeeffe0ff0000deff06000600,4000deffe8ff5400fcffecfff4fff4ff625bbcdcea90785ba059de8f8adeb859
523,523,0,0a00fcffdeffeeff00000000fcff0c00fafffaffeeff1c000200f4ffeefffeff,020012000c00fafff2ff00000a00faff0400f2ff0600c8ffeaff0c00dcffdcff,0e00dcff14001400eeff0000e4ff04000600d8fffeff1c001000100016001600,1000ceff06000600ecffecff1400e4ff325a3c9026de8a5ad0dca0de2a5b62dc
524,524,0,dcff0a001000000000001000ecff0c00faff2c002c00eefff4ff12002e002e00,e4ff22001c000c00f2ff20001a002a00f2ff0400e8ff2600faff0c00bcfffcff,1e001e00140014000000eefff4ff0400e8fff8ff1c00feffeeff0000f6ff1600,deff200046000600ecff1e00e4ffd4ffecdc68de185b66dd3290a45a185a3890
525,525,0,fcfffcff0000deff10000000fcffecfffaffeaffeefffeff3000f4ffceffdeff,020002000c001c0020002e002a00faff0400e2ffe8ff06000c000c00dcffdcff,ecfffcfff6ff2200000000001400f4ff0600d8fffeff0c000000eeff1600f6ff,deff0000f8ffe8ff1e00fcfff4fff4ff3c90945a285b1a9130dda0594addeadd
526,526,0,0a00fcff000000000000e2ffecfffcffcaff1c00feffceff2200d4ff0e000e00,f4fff4fffaffeaffe2ffd4ff0a000a000400e2fff8ff0600faff0c00ecffecff,fcff1e000400f6ff0000eeff14002400e8ffe8ffe0fffeffdeff100006002600,00001000e8fff8fffcffecffe4ff34001cdd745ae6dde6dce45ab0dd3890be5a
527,527,0,bcffecff0000eeff00002000fcffecffcafffaff1c00cefff4ff02000e00feff,e4fff4ffeaff0c00e2ff00000a00faff1400d2ffe8fff8fffafffaffdcff1c00,0e00dcff0400f6ff000000001400040006000600eefffeffeeffdeff1600f6ff,eeffceffdaff5400ecffecfff4ff1400525accdd5091da5af45ace8f3add9e5a
528,528,0,ecffecff2000100000000000ecfffcffdaff1c002c00feff1200e4fffeff0e00,f4ff12001c000c00e2ff00000a000a00f2ff3600260036000c000c00fcffecff,fcff0e0014001400eeffdeff04001400d8fff8ff0c001c000000eeff16000600,0000eeff06004600dcfffcff1400e4ff045b4c90c8dcb85bc0def0dbc859dadd
529,529,0,0a00fcff10000000f2ff30001c00ecfffaff0c00eeffeeff02001200deffdeff,f4ffd4fffaff2c000000e2ff0a00faff14001400d8ffe8fffafffaff0c00fcff,0e00fcffe6ff04002000100004001400e8ffe8ffe0fffeff000000001600f6ff,0000eeff6400f8ffecff1e000400e4ff58dff8db6a5a34dfee8f645a1a5b2890
530,530,0,fcfffcff0000000020001000fcfffcff1c00faff3c012c000200f4ff0e002e00,e4ff1200faff0c00e2fff2ff1a00eafff2ffd2ffd8ffaaffeafffafffcff1c00,0e000e00f6fff6ffceffeeff04002400d8ffe8fffefffeff0000deff16001600,000020000600daff1e000e00140004005c90a859585cda906edb165c32df42dc
531,531,0,fcffecffdeffeefff2fff2fffcff1c00daffcaff0c002c000200f4fffefffeff,1200f4fffaff0c00e2fff2fffaff0a00f2ff0400060006001c001c00dcffecff,dcff0e000400f6ffeeffdeff14001400e8ffd8ffeeff0c00000000000600f6ff,0000deffdaffdaff1e00ecff04003400fadab25bc2dfa8db8059a0de2890c859
532,532,0,fcff0a000000000010001000fcfffcfffaff2c00feff1c00f4ff0200eeffeeff,f4ff12000c002c00f2ffd4ff0a00fafff2fff2ff160006002c000c000c00fcff,fcff0e00040004000000eeff140014002600f8ffd0ff0c0030001000e6fff6ff,2000deffdaff1600fcffecff24001400c85838df70913a5aa45bbe8f52dbaa5b
533,533,0,0a00fcff0000eefff2ff00001c00ecffdaffdaff0c001c00f4ff4000defffeff,f4fff4ffeaff0c00e2ffe2ff0a000a002400e2ffe8ffd8ffeaff0c00ecffecff,fcfffcfff6ff1400eeff00001400040016002600eeffe0ff200000001600d6ff,0000ceff0600f8ff0e001e004400c4fff25b3c9028dbb85ca0df1cdbd85862df
534,534,0,fcffecffeeffceff000010000c00fcff2c00baffeeffeeff02001200fefffeff,02000200eaff1c00d4ff0000faff0a00e2ffe2ff2600aaff0c001c00fcffccff,0e00fcffe6ff04000000000014004400e8ff16000c00feffeeff10000600e6ff,eeffeeff1600daffecff4000040004007ee07ada245992e0ce8fd0581a5c2890
535,535,0,0a000a00eeffeeff00001000fcffecffdafffaffcefffeff220002002e002e00,02001200faffdafff2ffe2ff0a00fafff2fff2fff8ff06000c000c000c00dcff,0e001e00f6ff2200eeffdefff4ff24000600f8fffeff0c003000eefff6ff1600,deff68002400f8fffcff1e00e4ff04006c908858285dfa900cda065c22e030da
536,536,0,ecfffcff0000eeffd2fff2ff0c00fcffdafffaff1c00ceff0200e4fffeffeeff,e4ff12000c00faffd4ff3e00eafffaffe2ff0400f8fff8ffeaffeaffecffdcff,fcff0e0014002200eeffeefff4ff04000600d8ff1c001c0010000000e6ff0600,10002000daff46003000fcffd4ff34008ed9865c12e112da005944e128908858
537,537,0,fcffecff0000eefff2ffe2ff1c002c00fafffaff1c000c00f4fff4fffeff2e00,1200f4fffaff0c00e2ff2e00faffeafff2ffe2ffe8fff8ff0c00faffecff0c00,1e00ecff14001400eeffdeff0400f4ffd8ffe8ffeeff1c00eeff0000f6fff6ff,5800eeffcaff16001e00ecfff4ff040028580ee14091c458a65c629090d9c25c
538,538,0,dcfffcff00000000e2ff4e000c000c000c00faff0c000c0030001200fefffeff,1200f4ffcaff1c000000f2fffafffaff0400d2ff0600d8ffeaff0c000c00ecff,9cff1e00f6ff0400deff00001400240006000600feffeeffeeffeeff06001600,1000deff0600e8fffcff300004000400265d3c9044d9085d54e1c8d8a65744e1
539,539,0,fcff0a00eeffeeff100020000c00fcffdafffaffdeffeeffe4ffe4ffdefffeff,020012001c00fafff2ffe2ff0a000a00040004001600d8ff0c000c000c001c00,0e001e00f6ff0400eeffeeff04001400e8ffe8ffe0ff0c00eeffdeff06001600,ceff10004600daffecff30002400e4ff9ee1eed8f057a2e1de8fcc57025d5890
540,540,0,fcffdcff0000deff00000000ecff0c00faff1c003c001c001200f4ffeeffeeff,1200f4fffafffaffd4ff2e00eaff0a0024001400d8ff16000c00faffecff0c00,0e00fcff04001400deff100014002400d8ffe8ff0c00feffeeffeeff0600f6ff,eeff30000600daff1e000e00f4fff4ff6c909257985d609198d8f65d84e220d9
541,541,0,fcfffcff000010002000f2fffcff0c001c00daffe2fe2c00f4ff02000e00feff,f4ff12000c00faffe2ffe2ff1a000a00f2ff04000600e8ff0c000c000c000c00,fcff8cff040014000000eeff24001400f8ffd8fffeff0c00eeffeeff06001600,10001000baffe8ff1e00fcffe4ff14002ed8365d92e254d99c5794e158904657
542,542,0,fcffecff0000eefff2ff3000ecff0c00faff0c00e2fe2c00e4ff02001e00feff,22000200eaff0c00e2fff2ff0a000a00f2fff2ffe8ffb8ff1c000c001c00ccff,1e00ecffe6ff1400deff000034001400f8ff2600d0ffeeffeeffdeff36002600,5800defff8ff1600ecffecff4400f4ffc256bae20a91b057365ece8f78d7a25d
543,543,0,fcfffcff2000100020000000fcffdcfffafffaff1c001c0002000200deff0e00,1200f4fffafffaff0000f2ffeafffaffe2ff0400d8ffe8ffeaffeaffdcfffcff,dcff0e00040014001000eeff1400b4ff06002600eefffeff100010000600d6ff,0000eeff0600e8ffdcff0e001400f4ff425e6c90acd7645e28e394d77e5640e3
544,544,0,fcfffcff0000eefff2ff1000fcfffcff0c00faffeeffeeff020002000e00deff,020002000c00faffe2ffe2ffeafffaffe2fff2fff8ffc8ff0c00faffecffdcff,9cffecfff6ff1400eeff00001400a4ff340006000c00e0ffeeff20000600e6ff,eeffdeff4600dafffcff0e00e4ffe4ff4ae378d7505704e44290ec56125e8890
545,545,0,ecffecffeeff000010002000fcff1c00faffbaffe2fe0c00020012000e000e00,e4ff1200faff0c00e2ffd4fffafffafff2fff2ffe8fff8ffcaff0c000c00dcff,1e000e0022001400eeff00001400140006003400fefffeff1000eeff26001600,ceff30004600baff1e000e00140034009c90c256e45e609144d7465e00e4e8d6
546,546,0,fcfffcffeeffdefff2ffe2ff1c00fcfffaff0c00e2fedeffd4ff1200feff2e00,220002000c000c00d4ff2000faff5a00e2ff140016009afffaff0c001c000c00,2e00fcff04000400000010000400140034000600feffeeffdeff2000f6ff1600,10002000cafff8ff0e00ecfff4ff4400c8d6a25e84e4bed63c5642e578901e56
547,547,0,fcfffcff0000100020000000fcff0c00daffcaffdeff0c00f4ff2200feffeeff,020022001c001c00e2ffc4fffaff0a000400f2ffb8fff8ffeaff0c00ecfffcff,ecff0e00220014001000eefff4ff040006000600feff1c00300010000600f6ff,1000deffdaff46000e00caff0400240032561ae480910057165fde8f00d6725e
548,548,0,fcffdcff100000001000f2ff1c000c001c00faff0c002c0002001200feff0e00,1200e4ffeaff1c00f2ff2000faff1a00f2ff1400f8ff9aff0c000c00ecfffcff,0e00dcfff6fff6ffeeff00000400f4ffe8ffd8ffeeffeeffeeff0000f6ff1600,0000beff16000600ecff1e0014000400f25e6c9010d6645fc2e5f4d4ae55d8e4
549,549,0,fcff0a00deff00003e005c001c00fcfffaff0c00f2feeeff020002002e00feff,02000200faffdafff2ff00000a000a00e2ff0400060036001c00eafffcff1c00,9cfffcfff6ff040000000000a4fff4ff0600f8ff0c00feff2000deff26002600,ceff0000f8ffcaffecff3000f4fff4ff60e59cd52e5654e56290fc551a5f7890
550,550,0,0a00ecff00000000f2fff2ffecff1c00faffeaff0c0002ff12000200fefffeff,f4ff2200eafffaffd4fff2ff0a00faff1400f2ffd8fff8fffafffafffcff1c00,fcff2e00f6fff6ffeeff10002400240026000600fefffeffdeff200016000600,eeff1000e8ffdaff0e001e00f4ff14006c907655545f8091e4d4b65fe8e520d5
551,551,0,fcff1a0000002000000010000c00fcff1c00faffeeffeeffe4ff0200feff0e00,e4ff02000c000c002000f2ffdaff0a0004002400e8fff8ff1c000c00fcfffcff,fcffdcff1400f6ffeeffeeff2400f4fff8ff2600eefffeff100000000600f6ff,10000000e8ff16001e00ecffe4ff2400ccd4d85fc2e570d52c5532e678902e55
552,552,0,fcffdcff0000eefff2ff20001c001c000c000c00feffeeff1200e4ffeefffeff,02001200eafffafff2ffe2fffafffaff04001400f8fff8ffcaff2c00ecfffcff,fcff0e0014000400deff0000040004001600f8ff0c000c00eeff100016000600,1000ceffdaff16000e00fcff04000400c654bce6a0918055965f9290b0d47a5f
553,553,0,ecffecffeeffeeff30000000fcfffcfffaffcaffeeff0c00e4ff1200deffdeff,f4ff0200eaffeaffd4ffd4fffaff1a00f2fff2ffd8ffe8fffafffafffcffdcff,ecfffcff04000400eeff1000f4ff04002600d8fffefffeffdeffeeff1600e6ff,eeffbeff1600e8ffdcff0e004400d4ffd85f7c90e0d4446032e7c4d4ae5408e6
554,554,0,fcfffcff1000eeff0000f2fffcff0c00faff0c002a00e0ffe4ff2200eeffeeff,12000200eafffafff2fff2ff0a00faff1400f2fff8ff06000c000c00fcff1c00,0e00fcff04000400eeff000004000400e8fff8ff1c00eeffceff10001600f6ff,000000000600e8ffdcff30002400f4ff4ce760d3205510e79290e853ba5f8890
555,555,0,ecff1a00eeff100010001000ecff0c00eaffeaff0c000c000200d4ff2e00eeff,120022000c000c002e00d4ffeafffaff04000400d8fff8fffaffeaff0c00dcff,dcff0e000400140000001000a4fff4ffcafff8ff1c00feffeeffdeff0600f6ff,beff48000600f8ff0e000e00d4ffd4ff9c904254b2609091a2d3965f40e7d8d3
556,556,0,0a001a00000010002000f2ff0c00fcfffaff0c002a001c00020012000e001e00,e4fff4ff0c00fafff2ff2e00eafffafff2ffe2ff160006001c000c001c000c00,ecffdcff04000400deffceffd4ff0400e8fff8ff1c00feff20000000e6ff1600,00001000f8fff8ff3000ecffc4ff2400d0d2786080e7e2d3c652b6e898901654
557,557,0,dcfffcffeeff10002000f2ff0c001c00faff0c00e0ff0c0030000200eefffeff,1200f4ff0c001c00e2fff2fffafffaff140014000600e8ff0c001c00dcfffcff,1e00fcff04000400deffdeff0400f4ffbaffbaffeefffeff3000eeff16000600,6800deffcaff16000e00fcff24000400d25332e88091a2548a60929068d39c60
558,558,0,ecffecff0000cefff2ff1000fcfffcffdafffaff0c00e0ff02001200eeffeeff,0200f4ffeaffeaff3e00f2fffafffaff2400c0ff26000600faff0c000c00fcff,0e000e00f6fff6ff1000eeff140014000600f8fffeffeeff0000eeff06000600,eeffeeffe8ff0600ecff0e002400f4ffe8609c90a2d3f06006e942d276532ae8
559,559,0,ecfffcff10000000f2ff0000fcff1c00daffdaff1c00e0ff1200e4ffdeff0e00,020002001c001c00e2ffd4ff0a000a00f2fff2ff0600e8ff0c00fafffcffecff,3e007cff32000400eeff0000f4ff040006000600feff0c00000000001600f6ff,eeff20000600daffecff40001400e4ff72e83ed2e25300e8c29056531c619890
560,560,0,fcffdcff1000eefff2ff00000c000c000c001c000c00f2fe3000e4ff0e00ceff,1200e4fffaff1c002e00e2fffaff1a00f2ff040026000600faffeafffcff0c00,fcfffcff040014000000200014002400e8ffe8ff1c001c00eeff1000f6ffe6ff,deff3000e8ffdafffcff1e00c4ff2400cc90ea523061d09122d24a6164e96cd2
561,561,0,bcffbcff000010000000f2ff0c00fcfffaffeaffeeff3a00220002000e00feff,f4ffe4fffaff0c00e2ff20000a001a00f2ff04000600e8ff0c00faff1c001c00,1e008cff04001400eeffeeff14001400e8fff8ff0c00eeff00000000f6ff0600,2000eeffe8fff8ff3000ecffe4ff340044d1f8608ee966d0865236e9d890ba52
562,562,0,0a000a000000eeff100000001c000c00fafffaff02fff2fe1200f4ff0e000e00,02001200fafffaffd4ffd4ffeaffdaff14001400f8fff8ffeaff2c002c00fcff,0e000e00d8fff6ff0000eeff1400040034002600e0ff0c00100010000600f6ff,30000000e8ff06000e000e00f4ff1400485264e9f09142532a6102915cd17c61
563,563,0,ecffdcff100010000000e2ff1c001c000c00fafff2feeeff02002200eefffeff,e4ff0200faff0c002e0000000a00faffe2ff0400e8ff3600eaffeafffcff1c00,fcffecff1400040010001000f4ff2400f8ff06003a00d0ff00001000e6ffc6ff,0000deff16001600dcfffcff240004007861ec9006d0b061baea9ed1fa5134ea
564,564,0,fcffecffceffeeff100020000c000c000c00daffeeff0c00e4fff4ff0e00eeff,2200f4ffeaff0c002e00f2ff0a001a00f2ffc0ffaaff06001c002c000c00fcff,0e008cff0400f6ff1000300014001400f8ff1600e0fffeff0000eeff0600f6ff,0000eeff0600daff1e001e000400d4ff4eea04d1d252fee9c2907251fc61e890
565,565,0,0a000a000000eeffe2ffe2ff0c001c000c001c00f2fe2a000200d4ff0e003e00,f4ff2200fafffaff0000e2ff0a001a00f2ff1400e8ff1600faff0c002c003c00,9cffdcff14001400eeff000014000400aaff2600feffeeffceffeeffe6ff2600,eeff1000f8fff8ff1e001e00e4ff04001c919e513662a0916ed09a61d4ea62d0
566,566,0,1a00fcff00002000e2ff10001c000c001c00daffeeffeeffc6ff3000feffeeff,f4ffe4ff0c001c00d4ff3e001a000a001400f2ffc8ffd8ff0c002c000c000c00,1e002e0022001400eeffeeff0400040006000600eeffeeff0000eefff6ffe6ff,20001000e8ff06003000dcfff4ff240014d0b8618eeaaece2251eceb2291aa51
567,567,0,0a00fcff1000eeff0000f2ff0c00fcffeafffaffe0ff0c00e4fff4ff1e002e00,f4ff12001c001c00f2ffc4fffaff0a0014000400f8fff8ffdaffeaffecff2c00,fcff1e002200f6ffdeff00001400f4ffd8ffd8ffeefffeff1000ceffe6fff6ff,20000000e8ff46001e00fcff2400e4ff2e512eebd09172526e62d290c2cf3c62
568,568,0,fcfffcffeeffdeff30002000ecfffcfffafffafff2fee0ff020002002e002e00,0200e4ffeaff0c003e00f2ff2a001a0004001400f8ff0600faffeaffecffdcff,1e000e00f6fff6ff000000001400f4ffd8ffe8ffeeff0c00eeff00000600f6ff,0000eeffcaff0600ecff0e001400c4ff54622c9130ce56629ceceace1a5140eb
569,569,0,0a001a00000010001000f2ffecff0c00faff0c000c01feffe4ffe4fffeff0e00,02002200eaff1c00d4ff2000eaff0a00d2ffe2ff2600f8fffaff0c00ecfffcff,ecff0e0014001400deffdeff04001400d8ffe8fffeffeeff2000defff6ff0600,eeff00006400e8ffdcff400014001400beeb3ecfae51b4ebd290c2508c626291
570,570,0,fcff0a000000eefff2ff00000c000c00daffdaffeeffe4fe0200f4ff3e000e00,f4ff1200fafffaff2e0000001a00faffe2ffd2ff3600e8ff2c002c000c000c00,fcff1e0004001400deff1000e4fff4ffd8ffcaff0c001c000000eeff16000600,eeff6800f8fff8ff1e000e00e4ff24001c91ce509662c0910acf0e63c6ec90ce
571,571,0,ecfffcffdeff0000000010000c00fcff0c00daffe0fffefff4ff50000e000e00,f4fff4ff0c000c00f2ffd4ff1a00faff1400f2ff3600f8ff0c00eaffdcff0c00,ecff0e00f6ff140010000000e4fff4ff2600e8ffeefffeff0000eeffe6ff0600,00001000f8ff06003000ecffe4ff1400ceced462a4ec22cdbe4fbcec62917050
572,572,0,0a00ecffeeff0000f2ff20000c000c00dafffaff0c00f2fe0200e4ff8c000e00,0200e4ffeafffaff0000f2fffaffeaff1400e2ff060016001c000c001c000c00,0e00fcff22000400000010001400f4fff8ff16000c00feff10000000f6ffd6ff,6800eeffcaff06000e00dcff040004002e506cec2092ae51ee62529110ce3863
573,573,0,ecfffcffeeff0000e2fff2ff0c001c00faffdaff1a01feff1200f4ff0e00eeff,e4fff4ff0c000c00000000000a00faff04001400d8ffb8ffeaffeaffdcfffcff,ccfffcff0400f6ff00001000f4ff0400f8ffd8ff0c00eeff000000000600f6ff,0000deffe8ff0600ecff1e003400f4fff4625c91b2cc26635cee8aced04f56ed
574,574,0,fcff1a001000000000001000fcffecfffaff0c00defffeffe4ff1200eeff2e00,020002000c00faff2e00f2ffeafffaffe2ff1400f8ffe8fffaff0c000c00fcff,dcff1e001400f6ff1000000004000400f8ff06000c000c00eeff1000e6ffe6ff,deff48005400daffbaff30000400d4ff70ed92cd7e5044edf2901e4f68638291
575,575,0,dcfffcffdeff00000000f2fffcffecfffaffeaff0c00defff4ffd4ffeeffeeff,02000200faff0c00b6ff2000faff0a00d2fff2ffe8ff16001c00fafffcffdcff,0e000e00220014000000eefff4ff1400e8fff8ffeefffeff30001000d6ffe6ff,deff58001600daff1e003000f4ffd4ff1c91784f566350925acd3e635aee70cd
576,576,0,fcff0a0000000000000010000c001c000c00faff4c00feff0200f4fffeff0e00,f4ff12000c000c00000000000a000a000400e2fff8ff9afffaff1c000c001c00,fcff0e001400f6ff0000deff140004002600e8ffeeff0c00eeff0000f6ff1600,20000000f8ff06003000ecffd4ff640012cd746304ee22ccae4e3cef7291504f
577,577,0,fcfffcff0000eeff100000002c001c00faff0c00e2fefefff4fff4ffeefffeff,12002200eaffdaffe2ff2e000a000a000400e2ff060006001c00fafffcffdcff,fcff0e00040004001000eeff04000400f8ff0600fefffeff10000000e6ff0600,1000eefff8ff46000e00fcff14002400f84eecee9092f84d5064529168cca863
578,578,0,0a00fcffeeff10001000f2ff0c000c000c00faff1c002c00e4fff4ffeefffeff,02001200fafffaffe2ffe2fffaff0a00f2ff14000600f8ff0c000c00fcffdcff,dcff0e001400f6ffeeff0000f4ff0400e8ffe8ff0c00eeff00000000e6ffe6ff,1000eeff1600f8ffdcfffcff1400f4ff26648c9162cb34640cef8acce04e50ef
579,579,0,dcffecff00000000f2ffe2ff0c00fcffdaffdaff0c000c00e4ff0200feffeeff,e4fff4ff0c000c00f2fff2ff0a00eafff2fff2ff06002600eafffaffdcffecff,fcfffcff04000400100000000400f4fff8ffd8ff0c000c00deffdeff0600f6ff,deffeeff4600e8ffecff40001400b4ff02f01ecc324d20ef92919e4e18648291
580,580,0,dcfffcff100020000000f2fffcfffcffeaff1c00feffdefff4ff12000e00feff,f4fff4ff0c00faff1000e2fffaff0a002400e2ffd8ff06000c00faffacff0c00,fcff0e000400f6ff100000001400240016002600feff0c00eeff1000f6fff6ff,beff6800f8ffbafffcfffcff1400e4ff9c91784e3464a6924acc506410f048cc
581,581,0,1a001a000000eeff2000e2ff1c000c00daffdaff0c001c00f4ff1200feffeeff,f4ffe4fffaff0c00e2fff2ffeaffeafff2ff0400d8ff0600eaff0c00ecffdcff,0e000e00140014001000100014000400260016000c00feffeeff1000e6ffe6ff,0000eeffdafff8ff4000ecfff4ff04009ecb8a64c0ef24cbde4d8cefa2913a4e
582,582,0,fcfffcff10000000f2ff0000fcff1c00daffdaffeeffeefff4ff1200eeff3e00,020012001c000c00c4fff2fffaffeaff0400f2fff8ffb8ff1c00eafffcff1c00,fcfffcff14000400eeffdefff4ff1400d8fff8ff0c00eeff00000000e6ff1600,30001000daff06000e00dcfff4ff04008c4d72f00693e24ca064929118cbb064
583,583,0,fcffbcffeeffcefff2ff2000fcff0c00caff0c00eeff2c0002001200fefffeff,e4fff4fffaff0c002e003e000a00eafff2ffe2ff0600d8fffaff0c00ecffecff,0e000e00e6ff04000000deff1400d4ffcaffd8ffe0ff0c00200010002600e6ff,1000ceff1600f8fffcff1e001400c4ff1a65cc91fcc9846440f1eacb004d2af1
584,584,0,ecff0a00000020001000f2ffecff3c00daff0c002c000c000200f4ffeeffeeff,120002001c000c000000c4ff0a000a00140004000600e8fffaff2c00ecff0c00,dcff0e00140014001000ceff0400e4ff2600e8ff1c00eeffeeffeeffe6ff1600,eeff00000600daffdcff4000e4ffe4ff6ef18cca444c1ef1d291ce4c2065f291
585,585,0,0a00fcffdeffcefff2ff10001c00ecff0c00daff2c012c0012002200eeffeeff,22000200eaff0c00d4ff3e001a00faff1400d2ffd8fff8ff2c000c001c001c00,2e001e00040004000000300014000400160026000c000c00eeff100006001600,ceff1000f8ff06001e00ecffe4ff0400bc911c4de464f69288cad0640af21cca
586,586,0,0a00fcff000020000000f2ffecff3c00faff0c00eeff0c011200d4ffeeff0e00,f4ff12000c00eaff2e00d4ffeafffafff2ff1400f8ff06000c00faffecffecff,0e000e0022001400eeffeefff4ff0400f8ff16000c00feffeeffeeffc6ff0600,00001000f8ff16001e00caffe4ff2400a2c98a657cf14cc97e4c84f21292584c
587,587,0,fcfffcffeeffdeffe2ff00002c00ecff1c001c003c01feff02004000eeffeeff,3000e4fffafffaffd4ff2e000a00faff0400d2ffd8ffc8ff1c001c000c001c00,1e00fcfff6ff0400eeff1000f4ff04003400d8fffeffeeff00001000f6ffe6ff,1000deffbaff46000e00ecff0400f4ff9c4c78f2e692744b7065e2918cc96065
588,588,0,ecff0a0030002000100000000c000c00fafffaff2c01fefff4fff4fffefffeff,120012001c000c00f2ffd4fffaff1a0004001400f8ffd8ff0c000c00ccfffcff,0e00dcfff6ff0400000020001400f4ff260026000c000c000000000006000600,1000eefff8ff0600dcff0e00140004009a6546927cc80465d4f2f4c8f84baaf2
589,589,0,fcffecff0000ceff20001000dcfffcfffaffcaff0c00deff22000200feff2e00,0200e4ffdafffaffe2fff2ff0a000a00f2ff04000600e8ff0c001c00dcffccff,3e00fcff0400e6ff0000100014000400e8ff2600feffe0ffceffceff1600f6ff,100000005400dafffcff0e001400c4ffe8f262c9044b32f2b2913e4c70654292
590,590,0,fcffecff000020002000e2fffcfffcffdafffaff1c001c000200f4ffdeffeeff,d4ffe4ff0c00eaff00000000eafffafff2ff1400160036000c00faff0c00acff,dcfffcff0400220010001000e4ffd4ffe8ffd8ff0c00eeffeeffceff0600e6ff,ceff68000600e8fffcfffcff040004006692d84bf2655693b4c89e6646f392c8
591,591,0,fcfffcffceff1000f2ffd2ff0c001c000c000c000c00fefff4ff2200deff2e00,e4fff4ff0c00eaffe2ff2e000a001a00f2ffe2ff0600f8ff1c000c00fcffccff,2e00fcfff6ffe6ffdeffeeff1400f4fff8ffd8fffeffe0ffeeff0000f6ff1600,10001000e8ffdaff3000fcff0400440032c82666d2f26ec79e4b26f48292684b
592,592,0,0a001a0010001000e2ff00001c000c000c00daffdeff1c01f4ffc6ff0e00eeff,f4ff12001c001c00f2fff2ffeafffaff1400f2ff260016000c00eafffcffccff,dcff0e0004001400eeff0000e4fff4ffd8fff8fffeff0c0000000000f6ff0600,4800eeffdaff1600fcffecff14000400064b78f38493244a5e66989222c83066
593,593,0,1a00ecff10000000e2fff2ff0c00fcff0c00faffeeffe2fee4ffc6fffeff0e00,020012000c00eaff20003e000a000a0004002400e8ffd8ffeaffeaffdcffdcff,0e000e001400f6ffdeff0000f4ff0400e8ffe8fffefffeffdeffeefff6ff0600,3000deff1600f8ffdcffecff1400e4ff666676924ec73266b6f484c8e84a66f4
594,594,0,0a00fcffdeff10001000f2ffecff0c000c000c00eeffeeff12000200ceffeeff,1200f4ff0c001c002000e2fffaff0a00e2ff0400d8ff1600faffeaffecffecff,fcffecff040014001000000004001400d8ffe8ff0c000c0020002000e6ffd6ff,eeff20005400daff0e0030000400c4ff44f5f2c7d44922f6c8924e4a90668292
595,595,0,fcfffcff1000eeff10001000fcff0c001c001c00deffeeff120030000e000e00,12000200fafffaffe2fff2ff1a000a00f2ff0400160006000c000c00ecfffcff,2e000e00f6fff6ffdeffeeff1400f4fff8ff0600e0ffe0ffceffeeff16003600,deff6800f8ffbaff1e003000c4ff1400a692d64a8266849330c74e663ef5d2c7
596,596,0,0a00dcffceff00001000f2ffecfffcff1c000c001c000c0022001200deff0e00,e4ff12000c000c003e00e2ffeaff0a00e2ff1400160036001c001c000c00fcff,0e00dcff040014000000deff14001400f8ff1600e0ff0c00100000000600e6ff,00000000f8fff8ff4000fcfff4ff1400ecc6d66680f610c6aa4966f6c2929c49
597,597,0,1a000a0010000000f2ff00000c00fcffdaff0c004c000c0030003000eefffeff,120012002c00faffe2ffe2ff1a00faff0400f2fff8ffc8fffaffeaffecfffcff,fcff2e000400f6ffdeffdeff04002400e8ff0600feffeeff0000eeff16001600,48000000f8ff1600fcfffcffd4ff04007c4950f614941049ee66d89270c61267
598,598,0,fcff0a00deff0000000000001c000c00faff0c00d2fe1c01e4fff4ffeeffeeff,e4ff1200eafffaff2e00f2fffaffeafff2fff2ffe8ff16001c00cafffcff1c00,1e009cfff6ff1400000010001400d4ffd8ffd8fffeff1c003000eeff0600f6ff,5800beffe8ff4600fcff1e004400d4ff0667c692b0c5c06646f788c52c491ef6
599,599,0,fcff2a002000eefff2fff2fffcfffcff0c001c002c00eeffd4ff1200eeffceff,f4ff02001c000c00e2ffe2ff0a001a00140014003600d8ffeafffaff0c001c00,0e000e001400f6ffceff100014003400e8ff26002a00eeffeeffeeff16000600,100010001600daffecff0e004400f4ffa0f68cc63e48aef7e8926a4922671e93
600,600,0,fcfffcff000010001000f2ff0c00fcff1c00dafffeff2c00500022000e00deff,020012001c001c00e2ffe2ff0a00faffe2ffd2fff8fff8ff0c000c00dcffccff,fcfffcff04000400100000001400f4ffcaffbafffeff0c00200020000600f6ff,eeff3000f8ffcafffcff0e00040004000693cc480067b49358c59e6706f7c0c5
601,601,0,2a000a00eeff100000001000fcff0c001c000c002c002c00f4ff1200eefffeff,120002003c000c00d4fff2ffdaff0a0014001400d8ff9affeaff0c00fcff1c00,0e000e0014000400deffdeffd4ff3400caff0600eeff0c00deffeeff06000600,20002000f8ff06003000fcffe4ff440090c566675ef8c2c4b84816f75e93fc48
602,602,0,fcffecffdeff100010001000fcfffcfffaffdaff0c004c0002000200fefffeff,020002000c003c000000f2ff0a00dafff2ffe2ffe8ff4600fafffafffcfffcff,9cfffcfff6ff140020000000e4ffe4ff2600e8ffe0fffeff10000000e6ffe6ff,1000ceffbaff72003000ecff0400e4ff8c4880f74494ee479e677893d0c47267
603,603,0,ecfffcff10002000e2ffe2fffcfffcff0c00faff0c002c00f4ffe4fffefffeff,f4ff30001c000c002e00e2ff0a000a001400240026001600caffeafffcff1c00,dcff2e0022001400eeffeeff040044000600e8fffeffd0ffdeffdeffe6ff2600,1000eefff8fff8ffecff1e00240004001c68069332c450671af8e8c46248c6f7
604,604,0,0a00fcff000000002000e2ff0c00ecff1c00faff2c000c00020002000e00ceff,f4ffe4ff3c001c00f2ff2000fafffaff1400f2fff8ffd8ffeaff0c001c00fcff,0e009cff14002200100010001400f4fff8ff34000c00feffeeff10001600e6ff,eeffeeff6400f8ffecff3000e4ffe4ffc8f810c5ee462ef928931447b2676e93
605,605,0,fcfffcff1000eeff0000f2fffcff0c000c000c002c011c001200e4ffeefffeff,120012000c000c00e2ffe2ff1a001a00040004002600f8ffeaffeaff0c001c00,8cfffcff04001400deffdefff4ff2400060044000c00e0ffeeff0000e6ff3600,ceff58006400acfffcff3000d4ffe4ff8693b647a067849466c3ae67c8f8b0c4
606,606,0,ecfffcffeeff0000100020000c000c00fafffaff0c00feff02001200feffeeff,f4ffd4ffcaff0c0020003e000a00cafff2fff2ffd8fff8ffcaff0c003c000c00,ecfffcff04001400eeff1000f4fff4ff2600f8ffeeffeeffdeff4000e6ffd6ff,00000000caff060040000e00d4ff24002cc41c685afaa2c324470efaae938247
607,607,0,0a001a001000eefff2ff10000c000c00faff2c000c00feffe4ffd4fffefffeff,22003000fafffafff2ffc4ffeaff0a000400140006008affeaff0c00fcff0c00,ecffdcff1400f6ffeeffcefff4ff1400d8ff26000c000c000000eeff16001600,7800eeffe8ff0600fcfffcffd4ff24004647f8f86494ce4642687893c8c34268
608,608,0,fcffbcff000000002000f2ff0c000c000c000c001c002c00d4ffe4ff1e000e00,0200f4ff1c001c002e00f2ffeaff1a00e2ffd2fff8fff8ffeaffeafffcff1c00,0e000e00f6ff1400ceffdeff14000400f8ffd8fffeff0c00eeff3000e6ffe6ff,1000cefff8ff0600fcfffcff4400e4ff6c688693d2c20068fef976c2b24698f9
609,609,0,ecfffcff10001000100000000c000c00faff1c00fefffeff0200e4ffdefffeff,f4ff02001c001c00d4ffe2ffeafffafff2fff2ff060016000c00faffecff1c00,0e00fcff22001400ceff0000e4ff0400060006001c000c000000eeffd6ff1600,deff10007200dafffcff1e00f4ffd4ff82fac0c2b2450afba893b4468268ee93
610,610,0,1a00fcff0000ceff5c0000000c000c002c00faff2c012c00e4ff1200fefffeff,0200d4ffcafffaff00001000fafffafff2ffd2fff8fff8ff2c002c000c00ccff,0e00fcff04001400000000003400d4fff8fff8fffeff0c00200020000600f6ff,ceff58001600f8ff0e000e00f4ffe4fff69396466068f49446c2f26888fabcc2
611,611,0,1a000a0010000000c2ffd2ffecff0c000c001c000c000c00f4fff4ffdeff2e00,120022000c00eaffe2ffe2ff0a000a00f2ffe2ff1600f8fffaffeaffecff0c00,2e002e001400f6ffdeffeeff04000400d8ff0600fefffeff0000deffe6ff1600,00001000dafff8ff0e00ecffe4ff440050c2ac684afba2c2c4455efaee93b045
612,612,0,fcfffcff00000000f2ff10000c001c00faff0c000c000c00d4ffd4ffceffeeff,12000200faff0c00f2ffe2ff0a00faff04000400e8fff8ff2c002c00fcffecff,0e000e0004000400ceffceff14001400f8fff8fffeff0c001000eeff0600f6ff,3000eeffdaff16000e00fcfff4ff0400da4512fbf4946245e2681a942cc2dc68
613,613,0,fcff0a0020001000f2ff00001c000c00faff2c002c00eeffe4fff4ff2e00feff,02001200eaffeaffd4ff2e000a00faff040014001600e8fffaff0c00fcff0c00,ecfffcff140022000000deff04000400e8fff8fffeff1c0020001000f6ffe6ff,1000cefff8ff0600caff0e000400e4ffdc68d69340c190688efb92c180457afb
614,614,0,dcfffcffeeff1000200000001c00fcff0c000c000c001c00e4fff4ffeefffeff,1200f4ffeafffaffe2ff20000a001a00e2ffd2ff0600b8fffaff2c000c00ecff,1e00fcff0400f6ff0000000004000400440006000c00eeffeeff0000f6ff1600,deff10004600e8fffcff4000f4ffd4ff94fcf6c07244fafc4a9476442c692e94
615,615,0,ecfffcff10000000e2ff0000dcff1c001c001c002c00eeff1200d4fffeff2e00,120012001c00faffd4ffe2ff0a000a00f2ff0400e8ffc8ff0c00eaff0c00fcff,fcff0e0004001400eeffeeff14000400f8fff8ff0c00eeff0000100016000600,deff58000600bafffcff3000c4ffe4ff1694fa44c0682495e2c0f2682afcacc1
616,616,0,fcffecffeeff0000f2fff2ffecfffcffcaffeaff2c00eeffe4fff4ffeeff3e00,02001200faff0c00d4ffe2ff0a000a000400e2ffe8ff06000c00caff1c00dcff,0e002e0004000400deffeeff14002400e8ffd8ff2a001c0000000000e6fff6ff,eeff3000daff06003000ecffe4fff4ffd6c03c69dafcb0c05644c0fc5e94a044
617,617,0,ecfffcff00000000000000000c000c00fafffaff0c002c00f4ff1200deffeeff,12000200faff0c00f2ffd4ff0a00faff140004000600f8ff0c000c00fcfffcff,9cfffcfff6ff04000000eeff04000400f8fff8fffeffeeff1000eeffe6fff6ff,2000deffacff46001e00fcfff4fff4ff7a4444fd6495224452698a94fcc04c69
618,618,0,ecffdcff100010001000f2fffcfffcfffafffaff0c00e2fea6fff4ff0e00eeff,1200f4fffaffeaff0000e2fffaff1a0004000400c8ff06000c00eaffccfffcff,1e000e00f6fff6ffeeff00000400040016003400eeffeeffeeff100016001600,2000eefff8ff0600fcff1e002400f4ff5c69269490c0f268c0fc12c0a84322fd
619,619,0,0a001a000000eefff2ff1000fcff1c00daff0c004c002c00f4ffe4ff2e000e00,120002001c00faffc4ff2000fafffafff2ffe2ff2600f8ff0c001c00dcff0c00,dcff0e000400f6ffeeffeeffe4fff4ffe8fff8ff0c00feff0000deff06000600,eeff00001600e8ffecff1e001400e4ff30fe16c03443e8fdca940644cc69d694
620,620,0,ecffecff000010002000f2ffdcff0c00dafffaff0c000c00f4ff0200eeffeeff,120012000c00faffe2ffe2fffaff0a0014000400f8ffe8ffeaffcaffdcff1c00,0e001e0004001400eeffeeff04000400f8ff06001c000c00eeffeeff36000600,deff10006400daff0e001e00c4ffe4ffb49412438269e4959ebf466ac2fdaabf
621,621,0,ecffecff00000000f2ff2000ecfffcfffaff1c000c002c01e4ff02000e00eeff,1200e4fffaffeaffd4ff2000eaffeaff0400f2ff3600e8ff1c000c00ecff1c00,dcffecfff6ff04000000eefff4fff4fff8ffd8ff0c000c0000000000f6ff1600,00000000e8ff16003000ecffd4ff040070bf8e6956fea0bfe44220fe06952843
622,622,0,ecffecff0000ceff00000000dcfffcfffaff1c00ceff1c00f4fff4fffeffceff,f4ff1200eafffafff2ffd4ffeaff0a00f2fff2ffc8ff1600eaff0c003c000c00,0e000e000400f6ffdeffeeffe4ff0400f8ffd8fffeff0c00eeff000006001600,2000eeffdaff54000e00ecff04000400624260fed495f4429269fa944abfdc69
623,623,0,fcfffcff0000eefff2ff00001c00ecffdaff0c00eeffeeff98ffc6ffdeffeeff,22000200faffdaffe2ffe2fffaff0a0036001400d8ffd8ffbaffeaff0c000c00,0e000e000400f6ffeeffdeff140004000600d8fffefffeffeeffeeff26000600,1000deff06000600ecfffcff1400f4ff186ab494d2bec669e0fedebe6c4272fe
624,624,0,0a002a00000000002000f2fffcff0c00faff0c000c00eeffc6ffb6fffeffdeff,f4ff1200faff0c00f2ffd4ff0a000a000400f2ff0600f8ffdafffafffcfffcff,0e000e0014000400ceffdefff4fff4ffd8ff26000c000c0000000000f6ff1600,deff20005400e8ffecff0e00f4ffb4ff20ffe0be2442b6ff0a957041fc696695
625,625,0,fcfffcff0000000000004e000c00fcfffaffcaffeeff0c000200e4fffeffdeff,d4ff1200eaff0c002000f2ff0a00eafff2fff2ffe8ff4600fafffafffcffdcff,fcff8cfff6ff0400eeffeeff04000400caffd8ffeeffe0ff1000100006002600,beff5800f8ffcaff1e001e00e4ffd4ff2495b841d669d4955ebee2698aff62be
626,626,0,fcffdcffeeff1000f2ffe2fffcff0c00cafffaffeeff0c00f4fff4ff1e00feff,1200f4ffeaff1c00f2fff2ffeafffaff1400f2fff8ffd8ffeafffaff1c001c00,0e000e00f6fff6ff00002000f4fff4ffcafff8ffeeffe0ff0000100006001600,30002000cafff8ff1e00ecffc4ff140070be286a8400c4bd504166007695cc41
627,627,0,1a00ecffeeffeeff0000e2ff0c00ecfffafffafffeff1c0002000200feffeeff,02001200fafffaffe2fff2ff0a00eaff0400240006002600fafffaffdcffecff,0e001e00f6fff6ffeeffeeffe4ff0400e8ffd8ff2a000c00ceff0000f6ff1600,4800deffcaff54000e00dcfff4fff4ff684158002496ce40966a4a9592bd5c6a
628,628,0,1a000a00eeffdeff100010000c000c00faffeaff4c000c000200e4ff0e002e00,f4ffe4fffaff0c00f2fff2ff0a00faffe2ffe2ff360006000c00fafffcfffcff,0e001e0004000400000000000400f4ffcaffe8ff1c00eeff0000deff06001600,eeffdeffdaff4600dcff1e00f4ffc4ff586ae295a4bd366a3600bebc2c418c00
629,629,0,fcffecff0000cefff2ffe2ffdcff0c00eafffafffeffceff02001200feffdeff,12001200eaffeafff2ffe2fffaff0a00f2ffe2ff260006002c000c001c00dcff,dcff0e00f6ff14002000000014001400bafff8ff0c001c0010000000e6fff6ff,ceff00001600f8ff0e0040002400d4ff380184bd8040e4008a952041d86aa695
630,630,0,fcff0a00deff0000e2ffe2ffecff0c00daff0c001c012c00d4ff2200eeff2e00,220012001c00fafff2fff2ff1a000a002400240026000600faff0c000c00dcff,fcfffcffe6ffe6ff0000000024000400e8ff16000c00eeffdeff10001600f6ff,deff10000600f8fffcff0e00e4ffe4ff5e96f840966a24968ebc066bbc0152bd
631,631,0,fcff0a00deffeeff0000e2ffecff0c00faff1c00cefffeffe4ff02001e001e00,020002001c000c0000000000faff1a002400f2ffb8ffc8ffeafffaffecffecff,9cfffcff1400f6ff0000000004001400e8ffe8ff0c00eeffeeffceffe6fff6ff,eeff1000dafff8ff1e00dcffa4ff1400d4bcb86ae401d4bc2040060116962a40
632,632,0,fcff1a000000eefff2ff0000fcff0c00faffeaff1c001c01e4ff02000e00deff,f4ff12000c000c00e2fff2ff2a00faffe2ff0400e8ff0600fafffaff1c00fcff,0e00fcff22000400bcffdefff4ff2400caff1600eeffeeff3000deff06001600,1000eeffdaff16000e00ecffe4ffd4ff184092022097fa3fa66b8a96c2bc086b
633,633,0,fcfffcffeeff00001000f2ffdcfffcffdaffdaffeefffeff0200e4fffefffeff,f4fff4ffeaffeaffe2ffe2fffaff1a00f2fff2ff54000600faffcaffecffecff,8cff0e000400f6ffeeffeefff4fff4ffbaffd8ff0c000c001000eeff0600f6ff,2000deff16006400fcfffcff14000400d86aa096c6bb966a3a025ebc7a3fbc01
634,634,0,fcff0a00eeffdeffd2ffe2ff0c000c000c001c00feffeeffd4ffe4ff0e00feff,22001200faffeaffe2ff00000a000a002400f2ff360006001c001c00fcff1c00,1e000e000400f6ffdeff10003400240016000600eeffeeff100010002600f6ff,1000eeff0600cafffcff30001400e4ff520274bc223fa8029a962c3f786b5696
635,635,0,bcfffcff100010000000f2fffcff1c00dafffaff0c00feff1200f4ffeeffdeff,f4ff22000c001c00e2ffe2fffaff2a00e2fff2ff06000600eafffafffcff0c00,9cffecff1400140000001000f4ff2400e8ffe8ff0c000c0010001000f6ff0600,deff58001600dafffcfffcffc4ffd4fff096523fc66a40971cbbc66b4803fabb
636,636,0,ecfffcff0000eeff0000f2fffcfffcfffaffdaff0c000c001200e4ff0e000e00,f4fff4ffeafffaffe2ff3e005a00fafff2ff14000600d8fffafffaff0c00dcff,0e00fcff1400220000000000040004000600d8ff1c000c0000002000f6ff0600,deff2000daff16003000fcffd4ff040060bb086b6603c6bbcc3e1c049696b23e
637,637,0,ecffdcff20001000f2ff1000ecfffcffaaffcaff0c001c00300012000e00eeff,0200f4ff0c00faff2e00d4ff0a000a00f2ff140026000600caffeaffdcfffcff,ecffdcff04003200eeff100004000400e8ffcaff0c00feffeeffeeff16000600,2000eeffe8ff06000e00fcfff4ff1400923e9203b097523e166cba96a8ba386b
638,638,0,dcfffcff0000defff2ff3000fcff0c00dafffaff4c000c001200e4ffeefffeff,1200f4fffaffeaffe2fff2ff1a000a001400f2ff26005400fafffaff1c00ecff,0e000e00e6ffe6ff00000000240014000600f8fffeffeeffeeffeeff16001600,2000eefff8fff8ffecff0e002400d4ff686b009736bb366b4a033cba223e0804
639,639,0,ecffecff00000000000010000c000c00fafffaff4c012c00e4fff4ff0e00eeff,020022000c001c00c4ffd4ff0a000a001400f2ff2600e8ff0c00eaff1c000c00,ccff0e00220014000000ceff04000400f8ffe8fffeff0c00deffdeff0600d6ff,deff48004600e8ffdcff1e00f4ffa4ffe804c0bac43d66040a978c3e986bc696
640,640,0,fcfffcffeeff00001000e2ff0c002c00caffbaff1c01eeff020012000e00eeff,2200f4ff1c001c00d4fff2ff0a000a001400f2fff8ff4600faff0c00ecff0c00,2e000e0014000400100020000400f4ffbafff8ff0c00feff00001000e6ff0600,beff58000600dafffcff3000c4ffe4ff3097963d166bb0974cba666c500518ba
641,641,0,fcfffcffeeff1000f2ff0000dcfffcff0c00caffeeff0c0102001200feffeeff,e4ff12000c000c002e00f2fffaffeafff2fff2ff36003600caffbaffacffdcff,0e002e0014000400eeff100004001400e8ffe8fffefffeff000000000600f6ff,30001000e8ff16003000fcff0400440010ba786b060510ba8c3d2c042e97723d
642,642,0,fcffecffceff00003000f2ff1c002c000c00daffeeff2c003000f4ffeeff4e00,2200f4ff0c00faffe2ffd4fffaff0a00040014002600e8ff1c002c000c00ecff,0e00fcff04000400eeff1000240004002600d8ff0c00e0ffbeffeeffe6ff0600,3000eeffcaff16001e00dcff1400f4ff363d0406b097d63cf66b4a97b8b9a86b
643,643,0,fcffdcff00001000f2ff10000c00fcff0c00faff0c000c00f4ff0200eeffeeff,020002000c003c00e2ffd4ffeaff0a00f2fff2ff160064001c00eaffccffdcff,8cffecfff6ff32000000defff4fff4ff2600f8ff0c00feffeeffcefff6ff2600,4800deff06000600fcffecff1400a4ffa86b809700bad66b9c0588b9923c9005
644,644,0,dcff0a00ceffdeff00005c001c00ecfffaff0c001c00eeffd4fff4ff0e00deff,e4ffe4fffafffafff2ff2e00fafffaff0400f2ff360006001c00faffccff0c00,fcff0e0014000400eeff000014001400caffe8fffefffeff000020001600f6ff,deffdeff5400f8ffecff1e00c4ff0400b40666b9f63ce4056a970c3cf86b7e97
645,645,0,fcfffcff00001000200000000c00fcffaaffdaff1c002c002200e4fffeff0e00,1200f4fffaff0c004c00d4ff1a000a001400e2ff0600f8fffafffaffdcffecff,fcffccff1400f6ffeeffeeff0400f4fff8ffe8fffeffeeffbeffeeff16002600,ceff30001600dafffcff1e00f4fff4ffa097963ce66b309898b8566c880638b9
646,646,0,fcfffcff1000eeff2000f2ffecffecffdaffbaff0c001c00f4ff0200fefffeff,e4ff2200faffeafff2ffe2ff0a00faff1400f2ff060006000c000c000c00fcff,fcff1e001400f6ff2000eeffc4ff14000600d8ffe0ffeeffceff0000f6ff1600,00002000dafff8ff1e00dcffb4fff4ff76b8aa6c2207dab8fc3b3a07de97fa3b
647,647,0,fcfffcff00000000f2fff2ff0c001c00caff0c002c00eeff02001200eeffeeff,120002001c00fafff2ffe2fffafffaffe2ffe2ff06002600faff0c000c000c00,0e00dcff2200f6ff0000defff4ff04000600d8ffeefffeff100010001600f6ff,5800deffdaff16000e00dcffd4ffe4ffc03bfc077098863b966cba97a8b8906c
648,648,0,ecffbcff00000000200000000c00fcffdaffdaff2c000c003000f4ffdeffdeff,e4ff12000c00faff10002e000a001a00f2ff0400e8ffd8ff1c00faff1c00fcff,8cff0e001400f6ff1000000024000400baffd8fffefffeff2000000006000600,0000befff8fff8ff0e001e002400d4ffaa6c76989ab8266c2a0794b70a3bd007
649,649,0,ecfffcff2000ceff2000f2fffcfffcff0c000c000c000c00f4ff02000e000e00,020022001c00eaff3e00d4ff0a001a0024000400460006001c000c002c00fcff,1e000e001400f6ff0000eeff440014002600d8fffeffeeffdeffeeff06001600,eeffeeff1600cafffcff30000400e4ff0c0816b8d63a4207ba977a3bc06c4e98
650,650,0,fcffbcffdeff0000100010000c00ecffcaffcaffdeff1c0130000200fefffeff,12003000eaffeaff0000d4fffafffaffe2fff2ffd8fff8ffeafffafffcffdcff,dcfffcfff6ff04000000eefff4ff0400d8ffcafffefffeffeeffdeff16000600,ceff30000600daff1e000e00e4ff04007698823a166c009964b7c66cb208c6b7
651,651,0,dcfffcffdeff00000000f2ff0c001c00cafffaff2c014c0002001200deff0e00,020002001c000c00e2ff2e000a000a00f2ffe2ffc8fff8ffeaff0c000c00dcff,acff1e00040014000000100014000400e8ff06001c00eeffdeff100016000600,eeff1000e8ff16001e00fcffc4ff140070b7ea6c8208cab76a3a4e08b0983e3a
652,652,0,0a00fcff0000deff10001000fcff0c00caffbaff2c00eeff120050000e00beff,020002000c002c000000e2ff0a00eaff040004000600e8ff1c00faffecffecff,dcffecff14002200100010000400f4ffd8ffaaffeefffeff200000000600f6ff,2000eeffcaff16000e00dcff04000400123a5c081099983ad66c5e98ceb6b06c
653,653,0,0a001a000000eeffd2fff2ff1c00fcfffaffcaff1c012c0002000200feff2e00,f4ff12001c00eafff2ff20000a00faffe2ff04002600f8ff0c000c001c000c00,fcffdcff14001400eeff0000240014003400e8fffeff1c00deffeeff16002600,2000eefff8ffe8ffecff1e004400e4ff1a6df6983ab7466c2e0954b76839f208
654,654,0,0a00fcff0000eefff2ff1000ecfffcffdaffeafffeffeefff4ffe4ffeeffeeff,02000200eaff0c000000f2ff0a00faff0400040026003600eafffaffccff1c00,1e009cffe6fff6ff1000eeff24001400cafff8ffeefffeffeeff0000f6ff1600,deff20001600e8ffecff0e000400d4ff6c0910b7e8390009de985639006de098
655,655,0,ecff0a000000eeff0000f2fffcff0c002c00daff1c012c00e4ff0200eeff2e00,e4ff0200eaff0c00e2ffe2ff1a00eafff2fff2ff06002600cafffafffcff1c00,0e000e000400f6ff0000100004002400f8ffe8fffeffeeffdeff000006002600,deff6800f8ffdaff30003000b4fff4ff16998839a46c7e9962b6366df2097eb6
656,656,0,fcfffcffeeff10003e004e001c00ecffdaffcaffeeffceffe4fff4ffdeffdeff,f4ffd4ff0c00fafff2ff00000a000a00f2ffe2ff060006001c002c000c001c00,0e001e00140022000000deff2400040006000600fefffeff200000000600f6ff,eeff1000e8ffdaff1e00ecfff4ff040020b61a6d40095eb61639c20a40990839
657,657,0,0a000a000000eeff1000e2ff1c001c00faffdaff0c00feffd4ffc6ffeefffeff,12001200faffeafff2fff2ff0a00eafff2ff04003600d8ffeaffcaff0c000c00,1e000e00f6ff0400deffeeff24002400d8ffe8fffefffeffeeffeeff06000600,6800eeffdaff1600fcffdcff1400f4ffd838260a8e993239666dee980eb6206d
658,658,0,bcffecff0000100020000000ecffdcffcafffaff2c012c00f4ff3000eeffceff,02001200faffeaff3e00f2ffeafffafff2ff0400f8ff16001c002c00ecffecff,fcfffcff0400f6ffeeffeeff3400f4ffcafff8ff1c001c00deffceff16000600,1000cefff8ff1600ecfffcfff4ffe4ff5a6d76992eb6b46c820a32b5a838a20a
659,659,0,ecfffcffeeff10001000e2fffcffecff0c00daff2c002c00f4ff2200deffeeff,f4ff22000c00eafff2ffd4ff0a001a00f2ff0400f8ff16000c000c001c00ccff,ecff0e000400140000001000440014000600f8ff2a00feff100020001600f6ff,ceff000006000600fcff1e000400b4ff160bb4b5c238e00a7e99c638306d6099
660,660,0,ecfffcff000010002000f2ff1c000c00eafffaff0c001c000200f4ffeefffeff,f4fff4fffaff1c000000e2ff0a000a00d2fff2ffc8ffd8ff0c000c00fcff3c00,0e00fcff040004000000eeff14000400e8ffaaffe0fffeff2000000006000600,eeff10000600daff0e000e00c4ff0400a6998237866c9e99b2b4d86d860b6eb5
661,661,0,ecff0a002000eeffe2ffe2ff2c002c00fafffaff1c002c0012001200feff4e00,120012000c000c00d4ff2e00faff1a000400f2ff2600e8ff1c000c00ecff1c00,fcfffcff14000400deff100004001400260034001c000c00ceffceff06002600,deff5800caff06000e00ecffe4ff240044b59a6da80b7eb59237620bf099b637
662,662,0,bcfffcff10000000f2ff00000c00fcff0c000c000c000c000200f4ffeeffeeff,02001200eafffaffd4ff3e00faffeaff14003600260036001c00faffecff1c00,fcfffcff220004001000eeff0400d4ffe8ffe8ffe0ff0c00deffeeff0600f6ff,eeff0000caff6400fcffdcffe4fff4ffe2361e0c0e9afc37766dfe9966b4b06d
663,663,0,1a00fcff100000001000f2fffcfffcfffafffaff0c001c00e4ffc6ff0e00deff,12001200fafffaffe2ff0000fafffafff2ffe2ffd8ff0600eaffeaff0c000c00,dcffdcff22000400deffeeff140004000600aafffeff1c00000000001600f6ff,0000deff1600f8ffecff1e001400e4ff9a6d409afeb4146de20c82b44637ae0c
664,664,0,0a001a00eeffeeff100010000c000c00faffcaff2c000c00f4ff02000e00feff,02000200eafffaff0000e2fffafffaffe2ff04000600d8ff1c00fafffcff0c00,dcfffcfff6fff6ffeeffceff14001400d8ffd8fffefffeffceffeeff06000600,deffeefff8fff8fffcff40000400c4ffc20db6b3cc36240fde994236c06d409a
665,665,0,dcfffcff1000eefff2ff1000ecff1c00cafffafffeffeeffd4fff4ffcefffeff,02001200faffeaff0000d4ffeaff0a00e2fff2fff8fff8ffeaff0c002c000c00,0e000e00f6fff6ffdeffeeff24001400e8fff8ffe0ffeeffeeff100006000600,ceff10000600cafffcff0e00f4ff0400b09a5236d46c2e9a50b3286ef20d66b4
666,666,0,fcff0a00deff300020002000fcff2c00fafffafffeff2c0002000200eeffceff,d4ffe4ff1c002c002e00e2fffafffaff1400e2ffe8fff8ff0c00caffdcffecff,1e009cff0400f6ff0000eefff4ff2400caff0600feff0c0000001000f6fff6ff,eeff30000600f8ff3000ecffe4fff4ff46b3366e640f2eb41236320e609a0e36
667,667,0,ecfffcff00000000100000001c001c00cafffaff3c012c0012004000eefffeff,1200f4ffeaff0c00d4ffe2fffafffaff14000400c8ff0600eaff1c00fcffdcff,fcffdcff22003200deffceff1400f4ffe8ffcaffeefffeffdeffeeff16000600,3000eefff8ff46003000caff0400f4ff86354e0eec9a5c36286e329a40b3c06d
668,668,0,bcfffcff0000eefff2ff10000c000c00dafffaff1c00eeff12001200eeff0e00,f4ffe4ffeafffaff20002e001a000a00e2fff2ffc8ff06000c00faffecff1c00,fcfffcfff6ff0400eeffeeff04000400e8fff8ffeeff0c00eeff00000600f6ff,3000eefff8ff1600fcff1e004400e4ff266ec09aeeb3246df20d70b26e35420e
669,669,0,fcff0a0000000000000000001c00fcffcaffdaff2c011c01f4ff0200eeffdeff,120002000c00eaffe2ffe2fffaff0a00b0ffe2ffc8ffd8ff1c000c00fcff1c00,fcfffcff1400f6ffdeff000014001400cafff8fffefffeffeeffeeff0600e6ff,deff00004600f8fffcff3000e4fff4ffde0ee6b27e350410929a0236e06de09a
670,670,0,0a00dcff000010001000e2fffcfffcffbaffcaff1c011c010200e4ffbeff0e00,e4ff22000c001c002000d4fffafffaffe2ff1400e8ffd8ff0c000c000c00dcff,0e008cff04002200eeffdeff14000400e8fff8ff0c00e0ff00000000f6ff0600,deff48005400dafffcff1e00e4fff4ff209b1635a46d7c9b80b2686ee80ea4b2
671,671,0,fcfffcff0000eeff000010001c001c00daffcaff0c002c010200f4ffbeffdeff,f4ff0200fafffaff0000d4fffaffeafff2ffe2ffc8ff26000c000c00fcfffcff,0e00dcff0400f6ffeeffeefff4ff0400caffcaff0c00eeff30000000f6ffe6ff,eeff0000e8fff8ff5000ecffb4ff240086b2366e3a1130b1c234620e009bbe34
672,672,0,fcfffcff0000eeff200020001c002c00faffdaff2c011c00e4ff1200eeffeeff,12001200daffeaffd4ffd4ff0a00faff1400e2ffe8ffb8ff0c000c000c000c00,fcfffcfff6ff0400eeffeeff340004009cffcafffeffeeffeeffeeff16000600,5800deffdaff06001e000e00140014006434c60f7c9bd034886e529b24b2206e
673,673,0,fcffecff0000eeff000000000c00dcfffaff0c001c00feff02000200eeff0e00,e4fff4fffaff0c00e2ffd4ff0a00fafff2ff2400e8fff8fffafffaffdcffecff,0e000e0014000400eeff000014000400f8fff8ff1c000c001000deff06002600,3000eefff8fff8ffdcff0e0034000400666e809bb4b0246db20f40b2d633d80f
674,674,0,ecffbcffeeffceff10001000fcffecff0c00faff1c002c0102003000feff2e00,120002000c00faffe2ff2e00faff1a00e2ffe2ff0600f8fffaff0c001c00ecff,fcff0e00f6ff1400eeffeeff040004000600e8ff0c00feffceff0000c6fff6ff,100010001600f8ffecff0e00f4fff4ffb6106cb140343e12729b2033306e809b
675,675,0,ecfffcff1000deff200000002c00fcfffafffaff1c013c010200f4ffeefffeff,e4ffe4ff0c00faffe2fff2ffeaffeafff2ff0400f8ffe8ff1c000c000c001c00,fcffdcff140014001000deff1400f4fff8ff1600eeff0c0030002000f6ff0600,deff1000f8ffe8fffcff0e00d4ff0400b09bf8322a6efc9b5cb1686ef21084b1
676,676,0,0a000a00deffceff000000001c001c000c00faffceff0c0112000200eefffeff,f4ff0200eaff0c000000f2ff1a00eaffe2fff2ffc8ffd8ffeafffafffcffdcff,0e00fcff04000400deffeeff04001400d8fff8ffeefffeffceffdeff0600f6ff,00000000e8fff8ff0e00fcfff4ff2400dcb0866e6e12b4af90337611229c2633
677,677,0,fcffecff1000eeff100020001c001c001c00faff0c00feffe4ffe4ffdeff0e00,1200f4ff0c001c00d4ffd4ffeaff0a000400f2ff0600e8fffaff1c000c000c00,dcff0e00e6ff0400deffbcff1400f4ffe8fff8fffeff1c00deffceffe6ffe6ff,1000eeffcaff54001e00caffe4fff4ffa83256116a9c5033b86e049c04b1606e
678,678,0,dcffecff10002000000010001c00fcffeaff2c002c002c0012000200eeffdeff,02000200faffdafff2fff2ffeaffeaffe2ffe2ffe8ff06001c000c00ecfffcff,8cfffcff22000400deff00000400d4ffe8ffaaff0c000c004000eeffe6ff2600,deffceff06001600fcff0e0024000400866e209c74aff26d56114cb05a32d211
679,679,0,fcfffcffeeff000000003000ecff0c000c00caff0c001c01400012000e003e00,f4fff4ffeaffcaffd4ff2e000a000a00d2ffe2fff8ff36002c002c000c00dcff,2e000e00f6ff0400000010001400d4ffd8ffbaffeefffeffeeff000016000600,deff20001600f8ffdcff30000400d4ff60128cb0c032be13549c8032906e529c
680,680,0,ecfffcff2000cefff2fff2ff0c00fcffcaff0c000c002c0022000200eeff0e00,1200f4ffeaffeaffe2ffd4fffaff1a00f2ff140006001600eaff0c000c00fcff,ecffccff0400f6ffdeffeeff1400f4ffcaffd8fffeffe0ffeeff200006001600,ceff48001600caff1e000e00d4ff14008e9c4e316a6eca9c4cb0086fc2125ab0
681,681,0,ecfffcffeeff000010001000fcff1c00faffdaff1c002c00f4ff0200eeffeeff,0200e4fffafffaffd4ffd4fffafffaff0400e2ff260026000c00caffdcffdcff,dcff0e0014000400eeffdefff4ff1400f8fff8ff0c000c00eeffeefff6fff6ff,20002000f8ffe8fffcffecff0400240076afc66efe1356ae8c319a12b29cca31
682,682,0,ecfffcff0000100010004e001c00fcff0c00faffeeff2c0030001200eeff1e00,d4ff22000c000c0020003e00eaff0a00e2ffe2ff26001600faff0c001c00ccff,fcfffcff220032001000deffd4ff1400aaffcafffefffeff20000000f6fff6ff,eeffdeffcaff46000e00ecfff4ff1400ee3010134a9d7032b86ef49c70afb86e
683,683,0,bcffdcff0000deffe2ff30000c00ecffcaff1c002c000c0002004000feff1e00,12000200faffeafff2ffe2ff1a000a00f2fff2ffe8ff0600faff0c00dcff1c00,fcff0e001400f6ff1000000004000400f8ffcafffefffeff0000eeffe6ff1600,1000ceffe8ff0600fcff1e004400d4ffd66e829de6ad3a6e4a1398afe4304e13
684,684,0,dcffdcff0000eeff0000f2ff0c00dcfffaffdaff3c000c00500022000e00feff,e4fff4fffaff0c00e2ffd4ff0a00faffe2ff2400d8fff8ffeaffcaffdcff1c00,1e00ccff22001400eeff000014000400f8ff2600feffeeffeeffdeffe6ff0600,eeff00005400caffecff1e002400e4ffd01326af7c315c15d49cac30806e4a9d
685,685,0,0a00fcff1000deff00000000fcff0c000c002c000c002c000200f4ffeeff2e00,1200f4ff0c000c00d4ffe2ff5a001a000400040006001600eaff1c00dcff1c00,2e001e000400f6ffeeff100004000400caffd8fffefffeffdeff100036000600,000030001600cafffcff0e0004001400c29d3e30326eaa9dd8aee86ed61420af
686,686,0,fcfffcffdeff10000000f2ff0c00ecff0c00faff1c003c0112001200eeffceff,e4fff4ff1c001c002e00e2ff0a000a00d2ffb0ffd8ff06001c00caffbcffacff,fcffdcff140004002000deffe4ffe4ffd8ffcaff0c001c000000deffe6ffe6ff,deff1000e8ff06004000fcffa4ff040076aee66e5a1688ad0c3008159a9dfa2f
687,687,0,ecfffcff0000eefff2ff2000fcff2c000c00caff1c002c0012000200deff2e00,12000200eaff1c00e2fff2ff0a00faff04000400d8ffe8ff1c002c00ecffecff,fcff1e0032000400eeff1000040014000600e8fffeffeeff0000eefff6ff1600,5800ceffe8ff060030000e0014002400682fcc145a9edc30186f789ea8ae126f
688,688,0,fcff0a0000000000100020000c000c003c00faff1c002c000200f4ff0e00feff,f4fff4ff0c001c00f2fff2ffdaff5a00f2ff1400f8ff16001c000c00ccffecff,fcff0e00220022000000defff4ff04000600f8ffeeff1c00deffdeff06000600,1000ceffe8ff1600ecfffcff04000400166f409ef8ac7a6ef815e8ad4a2fc615
689,689,0,dcfffcff000000000000f2fffcfffcff1c001c003c012c0012000200eeffdeff,e4ff02001c000c00c4ff2e000a00faffe2ffe2fff8fff8ff0c001c003c002c00,fcfffcff2200f6ff0000eeff04000400e8fff8ff0c000c00deffeeff0600f6ff,ceff10004600f8fffcff40001400e4ff181656aee62f7a16f89e882f426f4a9e
690,690,0,fcfffcffceff200020000000ecffecff0c00faffeeff1c002200f4ffeefffeff,f4fff4ff0c000c004c000000eafffaff0400f2ffc8ff3600eaffeaffdcfffcff,dcfffcff04001400200000002400f4ffd8fff8ffeeff0c00eeffdefff6fff6ff,ceff30001600e8ff1e003000d4ffc4ff609e882e6a6e7a9ed8ad086f461668ad
691,691,0,0a001a0000000000000000001c000c000c001c00feffeeff02000200feff0e00,f4ff12000c00faffc4ff2e001a001a000400d2ffb8ff0600cafffaff1c00ecff,2e000e000400e6ffceff2000140024000600d8ffeefffeffeeff000006000600,20000000f8fff8ff3000fcffd4ff1400daad066f1a1758acb82ef8157a9e482e
692,692,0,fcffbcff0000eeffe2ff1000fcff0c00fafffaff0c001c0012000200eeffdeff,22001200faff0c00d4fff2ffeafffaff14000400f8ff06001c001c00fcfffcff,fcfffcff14000400eeff0000040014001600f8ff0c000c0020003000d6fff6ff,30000000f8ff06001e00ecffe4ff1400582eda16e89e662f286f889f68ad526f
693,693,0,fcff0a001000aeff1000f2fffcfffcff0c00faff2c00eeff020022000e00feff,120012001c00eaffd4ffd4ff1a00faff0400f2ff0600e8ffeafffaff0c001c00,0e00fcff220014000000eeff040004002600f8fffeff0c00eeffeefff6ff0600,1000ceffdafff8fffcffecff14000400466ff09ec8abda6e0817d8adc82d8616
694,694,0,bcfffcff0000000020002000dcff1c00cafffaff2c010c001200f4ffeeffdeff,e4ffe4fffaff2c002e00f2ffdaff0a00e2ff0400060016000c00faff1c001c00,1e009cff1400220010000000f4fff4ffe8ffcafffeff1c00eeffeeffe6ff0600,0000eeff5400f8fffcff1e00240004008a173aadf62ef817789fd42c526fda9e
695,695,0,0a00fcff0000eefff2ff10001c000c00caffcaff1c01eeff020040003e00deff,0200f4fffaffeaff0000d4ff1a00faff1400f2fff8fff8ff1c00faff0c00dcff,0e00ecffe6ff0400000010000400140006000600fefffeffeeff300006000600,ceff1000e8ffbafffcff500004000400909ffa2c9a6e369fe8ac686fce1790ac
696,696,0,2a00fcff00000000f2fff2ffecffecfffafffaff0c00feff12001200eeffceff,d4ff22000c000c000000f2fffaff0a0004002400f8ff2600eaff0c001c00dcff,9cfffcff140004001000eeff0400f4ffd8fff8ff0c00eeffeeffeeffd6ff1600,00003000e8fff8ff3000fcffd4ff240098ac466f301978ab942ccc18629f502c
697,697,0,dcffecff000000000000f2ff1c00fcfffaffdaff3c011c00f4ff0200deffdeff,0200f4ff0c00faffd4ffc4ffeafffaff04002400e8ffe8fffafffafffcfffcff,9cff1e0004001400eeffeefff4ff1400e8ffcaff1c00feff000000000600f6ff,20001000e8ff46004000fcfff4ffe4ffda2cb018769f182e186f989f00ac926f
698,698,0,fcff0a001000000020002000dcffecffdaffdaff0c000c004000f4ffeeffdeff,e4fff4ff0c000c002e00e2ff1a000a00f2ff0400f8ffe8ff0c00faffecffccff,fcffbcff040014000000000004000400d8ffe8fffeff1c001000200006001600,1000ceff16001600fcff1e004400e4ff566f909fa2aa9a6efc18a8abd02b2e18
699,699,0,ecffecffeeffdeff20001000fcfffcfffaff1c000c001c00f4ff2200feffeeff,22000200dafffaffe2fff2fffaff0a000400f2ffd8ff1600faff1c00fcffecff,fcfffcfff6fff6ff0000100004001400d8ffe8ff0c00eeffceffdeff06000600,eeff10001600daffecff4000240004002019d4ab982da019aca0542cd26fe29f
700,700,0,fcfffcffeeff00001000f2ff0c00fcffcaffdaff2c002c0012000200fefffeff,f4fff4ff1c002c00f2ffd4ff1a000a00f2ff14000600e8fffaffbaff0c00fcff,0e00dcff04000400eeff00000400a4fff8ffcaff2a00eeffeeffdefff6ff1600,deff78001600e8ff0e000e00b4fff4ff46a0a62b1a6f36a0b8ab386f801950ab
701,701,0,ecfffcffeeff0000f2ffe2ff0c00fcfffafffaff1c001c0022000200feffeeff,1200f4ff2c00faff00000000faff0a00f2ffe2ffe8ff1600eaff0c00bcffecff,dcff0e0022001400ceffdeff0400e4ffcaff26001c00feff0000000006000600,deff1000e8ff06003000caffc4ff140064ab566fc41a12aac42aec1852a0502b
702,702,0,fcfffcff00002000f2ff20001c000c000c00faff1c002c0022000200eeff1e00,f4ff02001c00faffd4fff2fffaffeaff1400f2ff1600b8ff2c00faff0c00dcff,fcfffcff040014000000000004001400baffcaffeeff0c00eeffeefff6ff0600,3000ceffcaff16003000fcffd4ff24005e2a701946a0882d686f2ca1e4aaa26f
703,703,0,fcfffcffceffceff000010002c00ecfffaffdaff1c01eeff120012001e00eeff,f4fff4ffeafffaff0000f2ff2a00faff1400e2ffc8ffd8fffaff1c000c001c00,ecff0e0004000400deffdeff2400f4ffe8fff8fffefffeff1000eeff16001600,5800deffdafff8ffcaff1e004400c4ffbc6fc6a0f2a9fa6e201ab8ab542aa01a
704,704,0,ecfffcff000010001000e2ffecfffcfffaffdaff2c00ceff12000200eeff0e00,e4ff02001c001c00f2ffd4ff0a001a00f2ffe2fff8ff36000c002c00ccff0c00,0e001e0014000400deffeeffb4ff2400340026001c00feffdeff00001600e6ff,eeffeeff2400daffdcff0e002400c4ffaa1a64aa882d641b5ca15029b26fc4a0
705,705,0,acffecffeeff00000000f2ff0c00fcffdafffaff0c011c01d4ff1200eeffeeff,1200f4ff0c000c00e2ff00000a000a00f2ff1400060016001c00eafffcff0c00,dcffdcfff6ff1400eeffeeff04002400caffd8ff0c000c00eeffeefff6fff6ff,ceff2000f8ffbafffcff0e00e4ffe4ff36a18429fa6ec6a026aa486f521b74aa
706,706,0,dcfffcffeeff1000f2fff2ffecff0c00faff0c000c000c0002000200eeffeeff,1200e4ffdafffaffe2fff2ff0a000a0004000400e8fff8fffaff2c001c001c00,dcfffcff14001400eeffeefff4ff0400f8ffcaffe0fffeffceff0000f6fff6ff,eeff2000e8ffdaff1e00fcffe4ff2400aaa9666f341c22a9f028121c24a18429
707,707,0,ecffacff0000eeff1000f2ff2c000c000c00daffeeff4c01020012000e00feff,02000200faff0c00e2fff2fffaff1a00f2ff1400060006001c00faffdcffecff,0e00dcff1400f6ff00000000f4ff1400f8fff8ff0c000c00eeff00000600f6ff,30001000caff46000e00caff0400040074287a1b86a12c28c86f6ca1c4a9b26f
708,708,0,ecffdcff10000000f2ff2000fcfffcff0c000c001c000c0002000200feffdeff,120002000c00eaffd4ffe2fffaff2a000400f2ff0600f8fffaffeafffcffecff,fcfffcff140014000000000004002400f8ffd8fffeff0c00eeff00000600f6ff,1000cefff8ff0600ecffecff34001400bc6f86a1d2a8fa6e621c92a92429421c
709,709,0,fcfffcff0000000010002000fcfffcffdaffdaff2c002c001200f4ffeefffeff,f4ff02001c00faffd4ffe2ffdaffeaff04001400e8ff26002c00faffecfffcff,dcffdcff0400040010000000f4fff4ffaafff8ff0c001c0000000000e6fff6ff,eeffeeff7200e8ffdcff30000400e4ffac1c5aa9bc27e41c80a2c028926f74a1
710,710,0,ecfffcff20001000000000000c001c000c00faff2c002c001200e4ffdefffeff,f4ff02000c000c002e00d4ff0a00eaffd2fff2ffb8ffe8ff2c000c001c00dcff,dcfffcff04000400ceff0000a4ff1400baffd8ff2a00feffdeff00000600f6ff,ceff0000f8ffcaff0e001e00c4ff0400c6a134282a6fe6a152a9d86f521c54a9
711,711,0,fcffdcffeeff100010002000fcff1c000c00baff1c002c00e4ff0200eeffeeff,1200f4ffeaff0c00d4fff2ff0a000a001400d2ff260006000c00eaffdcfffcff,dcff0e0014000400eeffeeff04000400e8ffe8ffe0ff0c00deff1000f6fff6ff,00001000f8fff8ff0e00fcffd4ff2400faa8bc6fe21d22a8ac27321cf4a12a28
712,712,0,fcff0a001000cefff2ff00000c000c001c001c00eefffeff2200f4ff0e00eeff,220012000c00faffe2ffd4ff0a00faff0400e2ffd8fff8fffaffcaffdcff0c00,fcfffcff040004001000000014000400e8fff8fffeffeeffbeffbeff0600f6ff,48000000caff16000e00fcff14000400fe266c1d16a2dc26b86f30a304a9c26f
713,713,0,bcff1a0000001000f2ff1000fcfffcff0c00faffeeff2c0002000200eeffbeff,1200f4fffaff1c002e00f2ffeaffeaffe2ff1400f8ffe8ff1c00eaffdcfffcff,0e001e000400f6ff0000eeff14000400baffd8ffeeff1c00eeffceff1600f6ff,1000ceffe8ff46000e00fcff0400e4ffdc6f90a294a75a6f321e12a95a274a1d
714,714,0,fcff0a000000beff00000000ecfffcfffaff1c002c00eeff40000200fefffeff,f4fff4ff1c001c000000d4ff1a000a0004000400d8fff8ff0c002c00ecfffcff,1e00ecff140022000000defff4fff4ffcaffe8fffefffeff00000000f6fff6ff,deff00000600e8fffcff1e002400b4ff7a1e2aa85c26b01e30a37c26f26f94a2
715,715,0,ecffdcff0000eefff2fff2fffcffdcff0c00caff2c003c00120002000e00feff,f4ff1200faff0c00d4ffd4ff0a001a00f2ffe2fff8ff36000c000c00bcfffcff,1e00dcfff6ff04002000deff14000400e8ffe8fffeffd0ffeeff2000e6ff0600,beff20000600daffecff3000e4ff0400f0a25e265a6f64a262a8a86f5a1e5aa8
716,716,0,fcffecffdeff00002000f2fffcff0c00faffcafffeff2c00d4ff0200eeffceff,0200f4ff0c000c00f2fff2fffaff0a0014000400f8ff0600eafffaff0c00ecff,fcff1e000400f6ff1000eeff24001400d8fff8fffeffeeffceff00003600f6ff,10001000daffe8ff3000fcfff4ff14004aa8dc6f301f94a71c26821f20a32826
717,717,0,ecffdcff1000100020001000fcfffcffcafffafffeff0c000200f4ff0e00eeff,0200f4ff3c001c00e2ff0000eafffaffd2ff0400d8ff06000c00faffdcff1c00,fcff0e00040022002000100004001400f8ffd8fffefffeffeeff0000e6ff0600,30000000daff54000e00ecffd4ff0400a0250a1fb4a2c025a86f90a3baa7d26f
718,718,0,fcffecff0000000000000000fcffdcff1c00faff4c002c00e4fff4ffdeffeeff,120012001c000c00e2ff2e000a000a00f2ff0400f8ff06000c00eaffccffccff,fcfffcfff6ff0400eeff000004001400e8ffaaff0c00feff000000000600e6ff,1000defff8ff06001e000e001400f4ffcc6f30a344a7fa6e521f8ea75825021f
719,719,0,1a00fcff0000eeff00002000ecffecffcaff0c003c001c000200c6ff0e00deff,120022000c00fafff2ffd4ff0a000a00040004002600e8fffaffeaffacff2c00,1e00dcff040014001000deff0400f4ffd8ffd8ffeeff0c00ceffdefff6ff1600,000010000600e8ffdcff1e000400f4ff602044a71025e01f62a45c25e26fb0a3
720,720,0,fcfffcff2000000010001000fcfffcff0c00daffeeff0c00d4ffe4ff0e00feff,02001200eaff1c00f2ffe2ffeafffaff0400d2ff4600e8fffaff0c00fcffecff,0e001e0004000400eeff00002400f4ffd8ffe8fffeffeeff2000000026000600,deff30002400cafffcff0e000400f4ffa0a3f0244a6fa8a31ea71c70942000a7
721,721,0,fcfffcffdeff0000f2fff2ff0c00fcfffaff2c002c001c0022001200defffeff,020002000c000c002e00e2ff1a000a00f2fff2fff8ffd8ff0c00faffccffccff,ecfffcff220014001000defff4ff1400f8fff8ffeefffeff1000deff06000600,deff0000dafff8ff1e00fcffe4ff1400e4a61c708e2016a68c24921f10a4e824
722,722,0,fcfffcff0000eefff2ff1000fcff0c00fafffaff1c001c000200f4fffeffeeff,02000200faff1c00d4ffd4fffafffaff14001400e8fff8fffaff0c00ecffdcff,0e00fcff04000400100000000400f4ffcafff8ff0c001c000000eeff06000600,10000000daff16003000dcff140004002a23d02088a49023886f0ea5b8a60270
723,723,0,ecfffcff10001000f2ff2000dcfffcff0c00caff3c010c00e4fff4ff2e00eeff,0200f4fffaff1c002e00d4ff0a00fafff2ff2400f8ffc8ff0c000c00fcfffcff,dcffecff0400140010002000f4fff4ff2600e8ffeeffeeffeeffeefff6ff1600,3000deffdafff8fffcfffcff1400f4ff1c7010a4c6a54a6f4621dea6f023f420
724,724,0,1a001a001000deff000000001c000c00daffeaff0c00eeff0200e4fffefffeff,1200e4ff2c000c00d4ffe2ff0a005a00040014000600d8fffaff1c00ecff0c00,1e00fcff140022000000deff240024002600f8ff0c00feffdeffeeff26003600,deff30004600f8ffcaff1e0014000400302134a660237c21fea47a22027090a4
725,725,0,dcfffcffeeff1000000000000c001c00faff0c000c00eeff4000f4fffeff2e00,e4ffe4ff0c000c002e00f2fffaffcafff2fff2ff0600e8ff1c000c00acffbcff,0e00fcff0400040000000000f4ff0400bafff8ffeeffeeff1000eefff6fff6ff,deff20005400caff1e000e0004000400cea40a231a6fe8a42ea6b86fa42118a6
726,726,0,fcfffcffeeffeeff0000f2fffcfffcff0c00faff0c001c0040001200eeff0e00,d4ffe4fffaffeaff4c00e2ff1a000a0004001400f8ffe8fffafffaffecffecff,ecfffcff04000400eeff1000140014002600e8ff0c000c00eeff0000f6ff0600,eeff20000600daff4000dcfff4ff240066a5dc6f822276a59a22aa2248a55023
727,727,0,fcfffcff10000000e2ff10000c000c00eaff0c000c002a00020012001e00ceff,f4fff4ff0c001c00e2ffd4ffeaff0a00f2fff2ffd8ffe8ff2c00faffecff1c00,fcff1e00e6fff6ff0000eeff140004000600e8ffeefffeffeeffdeff1600f6ff,10000000caff54001e000e00040024002a220a2246a5d222b86f4ea5e8a5f26f
728,728,0,dcfffcff00000000f2ff2000fcfffcffdafffaffeeff2a00f4fff4fffefffeff,02001200faff0c00e2ff00000a001a003600140026003600aaff0c000c00fcff,1e002e000400f6ffeeffeefff4ff1400e8ffe8ff0c000c00ceff000016002600,1000cefff8ff0600fcff0e000400d4ff1c7098a5e8a4986f9a227ea54422b422
729,729,0,fcfffcffeeff0000f2ff10000c001c00daffcaff0c00eeff02000200eeffdeff,0200f4fffaff0c00e2ff2e000a000a0014000400e8ff36000c00faff2c00fcff,0e00fcff14000400000000002400f4ffe8ffd8fffeff0c00ceff0000f6fff6ff,eeff10000600dafffcff3000e4ffd4ffda2266a5bc2140232ea62a22e26fd8a5
730,730,0,fcfffcff10000000100010002c001c00fafffaff1a01feff02000200feff0e00,f4ff0200faff0c00f2fff2ff1a000a00f2ff1400f8ffc8ffeafffafffcffecff,fcfffcff040032001000deff04000400e8ffcaff0c000c00eeff1000e6ffe6ff,eeff30001600f8ffecff1e00f4ffc4ff64a670216a6f96a53ea5886fa02318a5
731,731,0,1a00fcff0000eeff3000f2ff1c000c00fafffaffeeffe0fff4ff0200deffceff,f4fff4fffaff0c000000f2ff1a00faff0400e2ffe8ffc8fffaff0c00dcff1c00,1e00fcffe6ff04001000000004000400d8ffcaff0c000c002000000006000600,10000000e8fff8ff5000ecffa4ff140000a4cc6fd02338a4b6200a2328a62421
732,732,0,fcffecff0000eefff2ff00001c000c00faff1c003a003a0022002200feffeeff,020022002c000c00d4fff2fffaff0a00d2ffe2ff0600e8ff0c00fafffcff0c00,fcfffcfff6ff0400eeffdeff04000400d8ffe8ff0c00eeff00000000f6fff6ff,3000eeffdaff16000e00dcffe4fff4ff7020b024b6a5bc20886f0ea780a4e26f
733,733,0,ecfffcff0000eeff100000001c000c00caffdafffeff0c0012001200eefffeff,e4ff2200daff0c004c00f2ff0a001a00e2ff140006003600faff1c000c000c00,9cfffcff14000400eeff00000400f4fff8ffe8ff0c00feffceffeefff6fff6ff,1000cefff8ff1600ecffecff2400e4ff1c70a4a698a32a6f7c24fea4f4208024
734,734,0,0a00fcff20000000e2fff2fffcff2c00faff1c001c001a01f4ffe4ffeeff0e00,22001200eafffaffd4ff10000a000a000400e2ff1600f8ffeafffaffdcfffcff,1e000e00320014000000ceffe4ff14000600f8ff0c000c00ceffeeffe6ffe6ff,deff000016000600fcff1e001400d4ff002590a3f81fb0240ea7521fe26f78a6
735,735,0,fcfffcff0000100000000000dcff0c000c00daff0c002a01f4ff5000aeffdeff,0200f4fffafffaffd4ffe2ff0a00fafff2ffb0ffe8ff3600faffcaffdcffdcff,0e000e000400f6ffeeff000004000400e8ffd8ffe0ff1c00000000000600e6ff,deff2000f8ffdafffcff30000400040034a710205a6f46a6dea4686f382520a4
736,736,0,2a000a00eeff00000000f2ffecfffcfffaff0c00feff2a000200f4ffeefffeff,12000200fafffafff2ffd4fffaffeaff0400f2ffe8ffd8fffaffeaffdcfffcff,fcfffcff04002200eeff0000f4ff2400d8ff06000c00feff0000eeffd6ff0600,100000000600daff1e00fcffd4ff340040a3966f902568a3921fbe2550a7a21f
737,737,0,ecffecff000010002000f2fffcffecfffaff2c00eeffeeff02001200eeff1e00,120002000c000c00e2ff00000a00fafff2ff04000600f8ff1c000c00ecff0c00,0e000e0014002200eeff0000f4ff1400caffcafffeffeeffaeffeefff6ff0600,20001000daff46001e00dcfff4ff44002a1f0e2644a7f01ec86f3ea760a3e26f
738,738,0,fcffdcff100000001000f2fffcfffcffdaff0c000c00e0ff12001200ceffeeff,f4fff4ff0c00eaff2e00d4ff0a00fafff2fff2ff2600f8ff1c00eafffcffacff,1e00dcfff6ff14001000000014001400e8ffcaffe0fffeff300000001600e6ff,0000defff8fff8ffdcffdcff4400d4ffdc6feaa718a33a6fae25dea38a1ee825
739,739,0,dcff0a00eeff1000e2fff2ff0c00fcff0c00cafffeffe0ff22000200ceffeeff,1200f4ffeaff0c00e2ffe2fffaffeafff2ff0400d8fff8ff0c00fafffcff1c00,dcff0e0022001400eeffeeff14000400cafff8fffefffeffdeff10001600f6ff,eeff10006400e8ffdcff1e00f4ff0400be26e0a2601e6c2622a8321fd26f70a7
740,740,0,fcff0a0000000000f2ff0000ecff0c001c000c000c00d0ff02001200feff1e00,e4ff1200faff0c00e2ffe2fffaff0a00e2ff1400d8ff06002c002c00fcffecff,fcffdcfff6fff6ffeeffdefff4ffd4ff160006000c00feffeeffeeff1600f6ff,deff48001600acff1e001e00e4ffe4ff8aa86a1e1a6fa4a740a3b86f882640a3
741,741,0,fcff1a00eeff00004e002000fcff0c00bafffaff0c000c001200f4ffeeff0e00,f4fff4ff0c00fafff2ffd4fffafffafff2ffe2fff8fff8ff1c000c00dcfffcff,fcff0e0004001400eeffeeff04000400caffbaff0c000c00eeffeeffe6fff6ff,eeff1000f8ff06003000dcffd4ff240080a2bc6f8c2772a2321e6e263aa8fa1d
742,742,0,fcffdcff000000003000e2ff0c00fcff0c001c001c000c00f4ff40000e00ceff,f4fff4fffafffaff00000000faffeafff2fff2ff2600d8fffaff0c00fcffecff,fcfffcfff6ff14000000deff1400f4ffcaffd8fffeff1c000000defff6ff0600,2000eeffbaff06003000fcffe4fff4ff2c1da42712a8e21d686f12a974a2e26f
743,743,0,ecffecff00000000f2ff0000ecff0c00faffcaff1c001c00f4ff0200feff2e00,020002000c000c00f2ff00000a000a00f2fff2fff8ffe8ff0c001c00dcfffcff,ecffdcff04000400eeff100014000400d8ff3400eeffeeffeeffeefff6fff6ff,3000beff0600f8fffcfffcff04000400dc6f1aa9b6a1fa6e202820a30a1dfa27
744,744,0,ecff0a00eeffeeff000010001c00fcffdafffaff2a00eeff02000200feffeeff,020002001c001c00f2ff2e000a000a00f2fff2fff8fff8ff1c000c00ecfffcff,0e00fcfff6ff14001000eeff1400f4ffcaffe8ffeeffeeffeeffeeff16000600,200010004600caffecff4000f4ffd4ffe428c6a1d41c6c2792a9e21bd26f34a9
745,745,0,0a00fcff1000eeff2000f2ffdcff1c00eafffaff0c000c00f4ff2200beffdeff,120022001c000c002e00f2ff0a00faffe2ff3600e8ff0600faffeaff0c001c00,dcffecff04001400deff00000400f4fff8ffd8ff1c00feffeeffeeff0600f6ff,eeff58001600baffdcff3000e4ffe4ff9aa9bc1c1a6f72a878a1986f8a28c4a1
746,746,0,fcffecffeeffeefff2ff4e000c000c000c00faff2a000c0022000200fefffeff,120002000c000c00d4ff20001a00faff1400e2ffd8ffe8ff0c00baffecfffcff,0e00fcff0400f6ff1000deffa4ff0400d8ffd8fffefffeff00002000f6ffe6ff,00003000daff16005000fcffd4ff240086a11c706c2896a1121c202954a9021c
747,747,0,dcffecff000000000000d2ffdcff1c000c000c000c00eeff02001200eefffeff,120012000c00faff0000f2fffaff0a00f2ffd2ff1600f8fffaff1c00ccff0c00,0e00fcfff6ff04000000000014001400caffe8ffc2ff1c002000eefff6ff0600,68000000caff06000e00ecfff4ff5400fa1a142942a9e41b886fa2a994a1a26f
748,748,0,0a000a0000000000000010000c00fcfffaffcaffe0ff1c00220012002e00deff,02001200fafffaffd4ff2e005a000a00f2fff2ffb8ff06001c002c002c000c00,dcff0e0004001400deffceff0400f4fff8ff0600feffeeff000010002600e6ff,2000eefff8ff0600ecfffcff24002400dc6f24aa06a1da6e5029f8a0921b8429
749,749,0,ecffecff200000000000d2fffcfffcff0c00daff0c00feff0200f4fffeff0e00,020012000c00eafff2ffe2ffeaffeaff1400c0ffd8ffe8ffdaff2c00fcfffcff,dcff1e00220014000000deffe4ff1400e8fff8fffeff1c00eeff2000f6ffd6ff,000010001600dafffcff0e001400e4ff442906a1a41b7a2946aa701b926f04aa
750,750,0,fcfffcff0000deff000010001c00ecff1c000c001c000c001200f4ff0e00feff,f4fff4ffdafffafff2fff2ff0a00faff2400e2ff0600f8ff0c006c000c001c00,0e00ecff04000400eeff200014001400e8ffe8fffefffeffeeff1000e6ffc6ff,beff68001600f8ff300040000400d4ff64aa9a1ada6ee2a998a0b86ff42924a1
751,751,0,fcfffcffeeff20000000f2ffdcff2c000c00caff2c002c00d4ff1200eeff1e00,020012000c00faffe2ffe2fffafffaffd2fff2ffd8ff0600faff0c001c00ecff,1e001e00140014000000eeff04001400e8ff2600fefffeff0000defff6ff0600,10003000f8fff8ff1e00fcffe4ff2400e6a0566faa2976a0101a402924aa021b
752,752,0,0a00dcffeeff0000f2ff00001c000c001c00faffeefffefff4ff12000e00eeff,3000e4fffaffeafff2ffe2fffaff0a00d2ffe2ffe8fff8ff0c00faff0c00fcff,2e001e00e6ff04002000100014000400d8ffe8ffe0ffeeffeeff000016000600,20000000caff1600fcffecffd4ff24000a1a4e2a02aa841a986f16abf4a0b26f
753,753,0,fcff1a00300010005c00f2ff0c00fcff1c00faff4c001c001200e4fffeffeeff,e4ff12000c000c00e2ffd4ffeaffeafff2ff1400f8ffe8fffaffeaff0c00fcff,fcff1e00220004000000eeffd4ff0400baffe8fffeff1c00deffceffe6fff6ff,6800deff06000600ecffdcff2400d4ff666f14ab06a01a6ff82b38a0f019002b
754,754,0,fcffecffeeff0000f2fff2fffcfffcff1c00fafffeffeeff120012000e00feff,1200f4ffeaff1c00e2ff2e000a00eafff2ffe2ffd8fff8fffaff0c000c00ecff,0e00fcff14000400eeff100014001400d8ffe8ffeeffeeff10000000f6ff0600,deffdeff4600f8fffcff30001400e4ff3e2b66a07019a22a36abcc18b26f10ab
755,755,0,fcfffcffceff2000f2ffe2fffcfffcffaafffaff0c00fefff4ff1200eeffeeff,e4ff22001c00faffe2ff3e00eaff0a00f2ffe2fff8ffd8ffeafffaffdcffecff,fcff0e00140004000000defff4ff0400caffe8ff1c00feff00000000f6fff6ff,beff00000600daff0e003000f4fff4ff74ab5019fa6eb2aa949f586fee2b02a0
756,756,0,0a00fcffdeff1000f2ff10000c00ecff0c00daff0c00feffe4ff5e00fefffeff,1200f4fffaffeaffe2ff00006a00eaff1400e2ff06000600faff0c00dcfffcff,fcfffcfff6ff04000000eeff2400040026000600eeffe0ff00000000f6ff1600,10001000caffdaff0e00fcfff4ff440036a0566f182e969f9c18d82db0aba018
757,757,0,fcfffcff00001000f2fff2ffecff0c002c000c001c000c002200f4fffeffeeff,120002001c000c002000f2ffeafffafff2ffe2fff8ff26000c00eaffccffccff,1e000e00140014001000defff4fff4ffcafff8fffefffeff4000eeffe6ffe6ff,20000000f8ff06001e00ecffe4ff24008018ce2b40abf018386fd8abb29fa26f
758,758,0,fcffdcff0000ceffd2ff4e000c00fcffcaffcafffeffeefff4fff4ff0e003e00,0200f4fffaff0c000000d4ff1a00fafff2fff2ffd8ffd8ff0c002c00ecffecff,0e000e0004001400eeff10001400f4ff0600e8fffeffeeffeeff0000f6fff6ff,6800deffe8ff1600fcfffcff0400d4ff566fb8ac569fca6ef82c249fde17b62c
759,759,0,fcffecff000000004e001000ecfffcffeaff0c000c004c001200e4fffeffeeff,020002000c002c00e2ffd4fffaff1a00e2ff04002600f8ff0c000c00ccfffcff,0e009cff04002200eeffeefff4fff4ffd8ffe8ffe0ff0c00100010000600d6ff,1000ceff16000600ecff1e000400e4ff3c2c609f8a17982eb8ac7c18726f50ac
760,760,0,dcfffcff10000000e2ffe2fffcffecffcaffdaffceffeeffb6fff4fffeff0e00,22001200fafffaffe2ffe2ff0a000a00f2fff2ff16000600faff0c000c00dcff,2e000e0004000400deff200004000400d8ffbaff1c00eeffeeff000006000600,eeff30004600cafffcff1e000400e4ff1aad2a17da6e60aba49e186f462d629f
761,761,0,fcfffcff0000000000000000ecfffcff3c00faff2c012c011200e4ff0e00ceff,e4ff12000c001c003e00f2fffaff0a00d2ff0400260036000c000c00bcffecff,8cffdcff040022001000eeffd4ff0400e8ffcaffeeff1c001000deffd6fff6ff,deff6800f8ffe8ff1e00ecffe4ff0400009f566f662f189fdc15c82dc8ac4e17
762,762,0,fcfffcff00000000f2ff20001c001c001c000c002c00eefff4ff40002e00eeff,220012000c00faffd4ffe2ff1a000a001400f2ff3600e8ff3c002c00dcfffcff,2e001e001400f6ffeeffeeff14002400e8ff34001c00feffeeff0000f6ff1600,20000000acff46001e00ecffe4ff2400fa160e2ed0abda16086f28aeba9e426f
763,763,0,fcffecff1000eeff100020001c00fcffdaffdaff0c000c0012003000defffeff,02000200faff0c003e00e2ff0a00faffd2fff2ffd8ff16002c00faffecff1c00,dcfffcfff6ff04001000eeff140004000600e8fffefffeff000010000600f6ff,7800ceffe8ff1600fcffecff2400f4ff066f7aad4a9eba6ef82ee49e4616da2d
764,764,0,0a000a001000eeff30001000fcfffcfffafffaff2c000c00d4fff4ff2e000e00,220012000c00faffb6ff2e00faff1a000400f2fff8ff0600bafffaff0c000c00,1e001e002200f6ffdeff0000040014002600caffeeffe0ffbeffeeff0600f6ff,0000eeff1600e8ffcaff1e0014000400ae2e909e5a16d62ff8adfc14826f78ad
765,765,0,fcffecff0000200010002000fcff0c00fafffaff1c00feff0200d4fffeffeeff,d4ff12001c003c000000e2fffaffeaffd2ff0400460054001c00faff0c00dcff,0e001e0004000400eeffdefff4fff4ffcafff8ffeefffeff0000eefff6ffe6ff,ceff10001600e8fffcff0e00f4ffe4ff26ae3816ba6ef8acd49d286fc02e7a9e
766,766,0,fcff0a00000000001000f2ff0c001c001c00faff2c001c00e4ffe4fffeffdeff,d4fff4fffafffaff2000e2ff4a00faff1400140026002600faff0c00fcffecff,0e00acff140004001000deff04001400d8ffcaff0c000c00deffeefff6ff1600,eeff30000600f8ff1e00fcffa4fff4ff709e266f1c311a9e4c149c30d8ad9615
767,767,0,ecff2a000000100010003000fcff1c000c00faff2c002c00d4fff4ffeeffeeff,f4fff4fffaff0c0020001000eaffdaffd2ffd2ff260006003c001c001c000c00,fcfffcfff6ff2200000000001400f4fff8ff2600e0fffeff2000eefff6ffe6ff,10000000baff64003000dcfff4ff0400ec14ee2f78adbc15e86e68ae0a9e226f
768,768,0,fcfffcff2000eeff00000000fcff0c00faff1c002c001c000200c6ffceff0e00,220012000c00faff0000c4fffaff0a000400f2ffd8ff0600faff2c00fcfffcff,1e001e001400f6ffdeffeeff04000400d8ffe8fffefffeffceffeeff16003600,30000000f8fff8fffcfffcff2400e4ff266f76aeaa9d1a6e4c30349dd614a02f
769,769,0,ecfffcffeeff000010000000ecfffcff1c00cafffeff1c001200f4ffeeffdeff,12001200faff2c000000e2ffeaff0a00e2ff1400060026000c00eaffecffccff,0e00ecff040032001000000014000400cafff8fffeff2a0000000000f6ffe6ff,1000eeff16000600ecff0e00f4ffc4ff4e30d29dbc145c31f8ae0c14f26ee0ae
770,770,0,fcffecff2000eefff2fff2ff0c001c000c001c00e2feeefff4ff1200eeffdeff,12001200eaffeaffe2ffe2fffaff0a002400e2ffe8ff1600eaff2c000c00ecff,0e001e0004000400eeff1000e4ff1400caffe8ff1c00eeff3000eeff16000600,deff30001600e8fffcff0e00c4ffc4ff06af7c144a6e68ad149dd86e40307a9d
771,771,0,ecffbcffdeffeeffe2ff10000c001c000c00faffeeff1c00f4ff2200eeffdeff,1200e4fffaff0c0020002e00eafffaff04000400160006000c00faffecff0c00,1e00fcff0400f6ff00002000f4ff04000600e8ffeefffeffdeff2000e6ffe6ff,0000eeff0600f8ff3000dcffc4ff3400829df66ef031aa9d0a139c30a8aeae13
772,772,0,fcfffcff000010001000f2fffcff0c000c00faff0c00eeff1200f4ff0e00eeff,120022000c00dafff2ffd4ffeaff1a001400f2ff360036000c001c001c001c00,fcffdcff1400f6ff0000eefff4fff4ffe8ffbaff0c00feff0000defff6ff0600,20001000baff46001e00dcff040024002013fe30c4aeee13d86e78af6a9d126f
773,773,0,ecfffcffeeffeefff2ff30001c00fcff0c00daffeeff1c00f4fff4ff0e00feff,120002000c000c003e00d4ffeaff0a00f2fff2fff8ff26001c000c00fcff9cff,0e000e00040014000000deffd4ff0400e8fff8fffeff1c0000001000f6fff6ff,0000deffdaff4600ecfffcff24000400b66e1cb04a9d2a6e9c31d49c0e131a31
774,774,0,ecfffcff0000befff2ff00000c001c001c00daff0c00feff0200e4ffeeffbeff,020022000c00eaffd4ff10000a000a00e2ff04000600d8ff0c00faff0c000c00,fcfffcff14002200eeff0000a4ff2400caffe8fffeffe0ffceffdeffe6ff0600,1000000016000600fcff30004400e4ff7e31f29c1e13c0328cb0a611f26ef0af
775,775,0,bcff1a000000deff10001000fcff0c001c00faffeeffeeff50002200feffdeff,2200f4fffaff0c005c00e2ff0a00eaff0400e2ffe8ff16000c000c00acff2c00,0e008cff0400f6ffeeff10000400f4ffe8ffe8fffeffeeffeeffeefff6ffe6ff,deff20000600f8fffcff30002400e4ff2cb04012a46d76ae949cd86efa31fa9c
776,776,0,0a00fcff00000000f2ff2000ecff0c00faff1c002c00fefff4ffd4ff0e000e00,120012000c00faff2e00d4ff5a001a0004000400e8fff8ff2c000c001c00fcff,1e001e00140004001000deff0400e4ffbaff0600fefffeffdeffeeffe6fff6ff,deff3000caffdaff1e00fcffd4ff4400d29c966e60332a9da611b032f0afa212
777,777,0,dcffecff0000000000002000fcff1c002c000c00deff1c00f4ff1200ceff2e00,1200f4ffeaff0c002e00d4ffeaffeaffd2ffe2ff0600f8ffeaffeaffecffccff,1e00ecff0400140020000000b4ff1400f8fff8fffeff0c0000000000f6ffe6ff,10001000daff16000e00dcffe4ff14001611583234afbe12a86e7cb0829c506e
778,778,0,fcffecff00000000f2ff3e00fcff0c00faffeaffceff0c004000d4fffeffceff,020012002c00faffd4ffd4fffafffaffe2fff2ff06001600fafffaff0c00ecff,dcffdcff14001400deff1000040014000600d8ffeeff0c001000eefff6ff1600,1000eeffdaff4600fcfffcfff4fff4ffa66efcb05a9c3a6e2033829b5211aa32
779,779,0,fcff1a00eeff00004e0010000c00ecfffaff1c00eeffeefff4ffe4fffeff1e00,2200e4ffeaff1c00f2fff2fffaff4a00f2ffe2ff06000600faffeaff0c00acff,ccffdcff04000400000000001400a4ff0600cafffefffeffeeff00000600e6ff,100030000600daffcaff1e000400e4fff832d09bd8116034dcb0e610806e2ab1
780,780,0,ecff1a001000eefff2ffd2fffcff1c00daff0c000c00eeff0200e4ff0e00feff,e4ff12000c000c00f2ff0000eaffdafff2ff240006000600eafffaffdcffecff,0e00fcff140004000000deff14001400cafff8ff0c001c001000cefff6ffe6ff,ceff68004600dafffcff0e0004000400bcb17610846d54b0529b586e9633329c
781,781,0,ecffecffdeffdeff1000f2ff1c000c00dafffaff0c000c00e4fff4ff2e000e00,1200f4fffaff0c00d4ff0000faff0a00d2fff2ff060026000c000c00dcffecff,fcffdcff04000400100020001400f4ff1600f8ff0c000c000000eeffe6fff6ff,10001000f8ffe8fffcff0e00d4ff2400a09b866ea034fc9bb20fe233bab13810
782,782,0,fcfffcffeeff0000000000001c001c000c001c000c001c0012000200eeffdeff,0200f4ff0c001c00e2fff2ff0a00daff040004000600f8ff2c000c00ecffdcff,1e008cff040014000000000004001400caffd8fffeff0c00eeffeefff6fff6ff,3000eeffbaff46001e00cafff4ff14001610a83344b0da10986e50b2509b206e
783,783,0,0a00fcff10000000e2fff2ff0c000c000c00faffceff2c00d4ff02001e00feff,0200f4ff1c00faffd4fff2ff0a00faff04000400b8ffc8fffaff1c00fcffecff,fcff1e00140022000000deff14001400d8ffcafffeffeeff2000eeff0600d6ff,2000eeffcaff4600ecffecff24001400466e56b28c9b946da234229bb80f6634
784,784,0,fcfffcff00002000200020000c00fcff2c00daff0c00deffe4ffe4ffceffdeff,1200e4ff0c000c001000f2fffafffafff2ff1400e8fff8ff0c001c00fcffecff,8cff0e00f6ff22002000deff14000400baffbaff1c00feff00000000f6fff6ff,deffdeff06001600ecff0e001400c4ff4635e09a44105e3590b2520e406e3ab2
785,785,0,0a00ecffeeffeeff00000000fcffecfffaff2c00e2feeeffe4ffd4ff0e00deff,e4ff12000c000c00d4ff2000fafffaffe2ff3600e8ffe8ffcafffaff0c00fcff,fcff0e001400e6ff0000100004000400d8ffcaff1c000c00eeffeeff1600e6ff,eeff10004600dafffcff1e0044001400e6b20e0f846d02b1d29a886ede34409b
786,786,0,0a00fcff1000100000000000fcff1c00faff0c00eeff2c0022000200defffeff,02001200faff1c00f2ff0000eaff0a00f2ff04000600f8ff0c000c00dcff0c00,0e00ecfff6ff04000000eeff1400f4ffe8ffe8fffefffeff10001000d6ff0600,00001000f8ff06004000ecffc4ff1400d09a266ecc36ac9b120e1236dab2d80e
787,787,0,2a000a00eeff2000000020002c001c000c001c00e2feeeffd4ff0200eeffeeff,22001200faff0c000000d4ff1a00eaff04000400060026000c00fafffcffecff,1e008cff14002200eeffeeff04000400f8ffcaff0c00eeffeeffeeff06000600,00000000dafff8ff3000ecffe4ff34001e0e863582b1140f386e10b3b09ad06d
788,788,0,0a000a00deff1000f2ff10000c000c00fafffaffeeff0c0022000200ceffdeff,0200f4fffafffaff2e00e2fffafffaff04000400160006001c000c00ecff1c00,ecffdcff140014002000eeff04000400d8ffcafffefffeff00003000f6fff6ff,1000defff8ff1600fcfffcfff4ff1400466e26b32c9b246d1236de99320e6e35
789,789,0,0a00ecff0000ceff100020002c001c00caffcaff2c001c001200e4ffceffeeff,12001200eaff0c00f2ffe2fffaff4a00e2ff04000600d8fffafffaffdcffecff,0e00ecff04000400deff100024002400f8ffe8fffefffeffeeff10001600e6ff,0000deff5400e8ffdcff30006400f4ff7236909ae40e2c37f2b3220eb06d46b3
790,790,0,fcfffcff0000eeff0000f2ff0c000c001c000c000c002c000200e4ffeeff0e00,1200f4fffafffaff2000d4ff1a00faff0400d2ff1600f8fffaffeaff1c00fcff,0e00ecff220022000000000014000400f8fff8ff1c000c002000deffd6ffe6ff,ceff48001600daffecff3000e4fff4ffd6b3d20cc46cd6b2429a566d9e36409a
791,791,0,0a00fcff0000deffe2fff2ff0c003c00faff0c000c00eefff4ff1200defffeff,120012003c00faffe2ffd4ff0a00fafff2ff0400160036001c001c001c00dcff,0e000e001400f6ffdeffeefff4ff0400baffe8fffefffeffdeffdefff6ffe6ff,10000000f8ffdaff30000e00c4ff4400409a266ebc37ec9ab20ca23646b4000d
792,792,0,dcfffcff00001000000010001c00fcffeaffdaffeeff0c00f4ff0200eeffeeff,d4ffe4ff0c001c00f2ffd4ffeaffeaff14000400d8ff16000c000c00acffdcff,0e00ecff14002200deffdeff04000400f8ffe8ffe0fffeff10001000e6ffe6ff,10000000e8ff06001e00fcffe4ff1400820ce2366eb5460e186ee2b4109ac06d
793,793,0,0a00fcff10000000000000000c00fcff1c00faffeeff1c001200e4ff0e00eeff,120012000c00daffe2ffd4ff0a005a0004002400e8ff36001c00fafffcfffcff,2e000e0022000400eeffbcff140034000600f8ff0c000c00deff000006003600,5800beffe8ff36000e00ecff240024008a6d54b4269aa46c92378e99080c2637
794,794,0,ecffecffeeff00000000f2ffecff0c00dafffaff0c000c000200d4fffefffeff,1200f4fffaff0c00f2ffe2ffeafffaff24000400e8ff16002c000c00dcffecff,1e008cff140014000000eeff0400f4fff8ffaaff0c000c00eeffeeffe6ffe6ff,0000deff06001600fcff30002400a4ff1838b699a60d023902b5c20a806dceb4
795,795,0,1a00fcffeeffcefff2fff2ff1c001c000c000c000c00feffe4ffd4ff0e00eeff,22002200faffeaffd4ff0000fafffafff2ff14002600f8fffaff0c00fcff0c00,9cff0e00f6ff04000000100004000400e8ff06001c001c00000020000600f6ff,ceff30002400daffecff1e00d4ffe4ff94b5be0ba46c7eb5ae99566de637d099
796,796,0,ecffbcff0000100010000000fcff1c00eafffafffeff1c0002001200eeffdeff,e4ff0200faff1c00000000000a00faff0400e2fff8ffe8ff0c00faff0c000c00,ecff0e000400220010001000f4fff4ffd8ffcafffeff0c0000000000f6fff6ff,eeff1000e8ffdaff4000fcffe4ff040036992a6d22397e99c20ac6388eb5bc0a
797,797,0,fcff0a00eeffdeffe2fff2ff1c000c003c002c000c00feff1200e4fffeffeeff,0200f4ff0c00eaffd4fff2ff1a000a0004001400f8ffc8fffaff0c001c00fcff,0e00dcff1400f6ffdeffeeff44000400f8ffd8fffeffeeff0000eefff6ff1600,10000000baff16001e00ecfff4ff24001e0bd838cab6c209566d52b56099206d
798,798,0,fcfffcff0000deff0000f2ff0c000c000c00caff2c00feff0200f4ff2e00deff,f4ff12001c000c00d4ffe2ff0a00faff04000400b8fff8ff0c002c00fcfffcff,0e00fcff040014001000000014000400e8ffcaff0c00feff10000000d6ff0600,3000ceffcaff4600ecfffcff1400f4ff1a6d60b69e99766cf638de983c0aa838
799,799,0,ecff0a002000eeff2000f2fffcfffcff1c000c00eefffeff0200f4ff2e00eeff,1200e4ff3c001c00e2ffe2ff0a001a002400f2ff26001600fafffaffecffccff,1e00dcff320004001000deff140014000600e8fffeff0c00eeff0000f6ffd6ff,0000deff1600e8ffdcff1e000400d4ff883906990009923992b6320a306dfeb5
800,800,0,bcff0a00ceff000020002000ecff0c000c00faff1c000c00f4ff1200eeffeeff,12001200eaff0c000000d4fffaffeafff2ffd2ffc8ff16003c000c001c00fcff,0e00ecff04001400100020000400f4ffe8ff1600d0ffe0ff00002000f6ff0600,ceff68000600e8ff0e0030001400e4ffb0b62e0a666c7ab7ae98f66c58390099
801,801,0,1a002a00ceff00000000f2ff1c00fcfffaff0c000c002c00120002001e000e00,f4ff02000c000c002000c4ff4a001a00040014000600d8fffafffaffecff2c00,0e001e001400e6ff100000001400f4fff8fff8ff1c00feff000010000600e6ff,00003000e8fff8ff1e00fcffe4ff2400a698ea6cc63a1099fe08963906b7ac09
802,802,0,fcffdcff00000000200020001c000c001c000c00deffeeffe4fff4ff0e00eeff,12000200daff0c00f2fff2ff0a00faffe2ff0400f8ffe8ff0c00caffdcff0c00,1e000e00140022000000eeffe4ffd4fff8ff2600fefffeff00002000f6fff6ff,20000000baff64005000dcfff4ff24000409a839eab7d207166da4b7e098e06c
803,803,0,0a002a001000100010000000ecfffcff0c00faff0c00eeffc6ff02000e002e00,02000200faff1c00f2ffd4ffdafffafff2ff14004600f8ff0c00eaffccffecff,ecff1e00040022000000eeffd4ff1400f8ff26000c000c001000eeff06002600,1000defff8ff1600fcffdcfff4ff0400ca6c00b7e098666c5a3abe98b208483a
804,804,0,fcff0a00eeffeeff100010000c000c00dafffaff2c002c00e4ff12001e00ceff,0200f4ffeaff0c0020003e001a000a00f2ffd2ffe8ff16002c001c00ccffdcff,ecffecff0400f6ff1000eeff240004003400f8ffeefffeff0000eeff0600f6ff,eeff00000600f8ffecff40000400e4ffe23a86981207363bb4b76a07d06c86b7
805,805,0,fcff1a0000000000f2ffd2ff0c003c00daff1c00f2fe0c00e4ffe4ffeeff3e00,220012000c00faffe2ffd4fffaff1a00f2ff0400d8ffd8ff0c00eaffecfffcff,0e001e000400f6ff0000deff14002400d8ffe8fffefffeff0000eeffe6ff1600,deff48001600caffdcff0e00e4fff4ff16b8fc07066c3ab85e98166d4a3b4e98
806,806,0,2a00ecffeeffeefff2ff1000ecfffcfffaff0c00eeffeeffc6ffc6fffeffdeff,1200f4ffeafffaff00000000faffeaff14000400d8ff06000c000c00ecffecff,2e008cff04000400eeff00001400e4fff8ffbafffefffeff200020001600e6ff,eeff1000060006001e00fcffe4ff04003698ba6c163cd0982a07dc3b36b83208
807,807,0,0a002a00000000000000e2fffcff0c001c001c000c00f2fe2200e4ffdeffceff,02000200eafffaffe2ffc4ffeafffaffe2fff2ffe8ff0600eaff1c00dcff1c00,1e00fcff1400f6ffeeff0000e4ff0400f8ff0600eefffeff20000000f6fff6ff,1000deffe8ff54004000dcffe4fff4ff1407523b1ab9a206c66cd4b71e98906c
808,808,0,0a00dcff10000000100020002c00fcfffafffaffeeffeeff020002002e00eeff,02001200eafffaff0000f2ff0a001a00e2ffe2ffe8ff0600faff2c002c00fcff,fcfffcff0400e6ff00001000140004000600caffeeffe0ffeeff200006000600,3000eefff8ff1600fcfffcff2400c4ff8a6cd6b85098966b4c3c7a97a006da3b
809,809,0,0a001a000000000000000000fcff2c002c000c00deff1c00220022000e002e00,12001200faffeaffe2ffd4ffeaff0a00f2ffe2ffe8fff8ff0c00eafffcffecff,1e000e0014001400deffeeff14002400f8ffe8fffeff0c00deffceffe6ff0600,2000eeff4600e8ffcaff0e0014000400c63c36983605c63c28b98a06386cf8b8
810,810,0,fcfffcff0000eeffe2fff2fffcfffcff2c000c00ceffeefff4ff0200feff2e00,020012000c00eaffe2ffe2fffaff0a000400e2ffe8ffe8fffaff0c00dcffdcff,ecff1e000400f6ffdeffeefff4ff1400260016000c00eeffeeff1000f6ffe6ff,eeff30000600caff0e003000e4ffd4ff26b91406566b8ab96a97566cd23cae97
811,811,0,fcfffcff000000000000e2fffcff1c000c00faffeeffeeffe4ff0200deffeeff,0200e4ff3c000c003e00e2fffaff0a00f2fff2fff8ff36000c00faff1c00fcff,8cfffcff14000400ceffdefff4fff4ffbafff8ff2a001c000000eefff6ff2600,eeff1000e8ff06001e00ecffe4ffd4ff70975a6c663d10983c052c3c88b9e005
812,812,0,0a00ecff0000deff4e0010001c001c002c00faffeeffdeff2200e4ff0e00eeff,1200e4ffdaffdaff2e00e2ff1a000a00f2ff0400e8ff0600caff0c000c00ecff,1e002e00f6fff6ff100010004400f4ff060006000c00e0ffdeff100026003600,4800eeffcaff1600ecffdcffe4ff04008805563de8b9f604966c7cba8e97386c
813,813,0,1a000a000000eefff2fff2fffcfffcffdafffaff0c00eeff020002002e00eeff,020012001c00eaffe2ffc4ff1a001a00f2ff3600c8ffe8ff0c00faff0c00dcff,fcff0e000400f6ff0000deff14001400340006001c000c001000eeff06000600,3000defff8ff0600fcffecff14000400886b20bad097e66a0c3e0a97b004423d
814,814,0,fcff0a0020000000f2ff10001c00fcfffafffaffeeffdeff1200f4ff2e00feff,1200f4ff1c001c00d4fff2fffaff0a00e2ffe2fff8fff8ff0c000c00fcfffcff,fcfffcff14001400eeff10001400f4ff0600f8ff0c000c00eeff00001600e6ff,0000eefff8ffdaffdcff40001400d4ffa63d5097f603523e3cbadc03f86b48ba
815,815,0,ecfffcffdeff000010000000ecfffcffaaff0c000c000c000200d4ffdefffeff,f4ffe4ff0c002c000000d4fffafffaffd2fff2ff2600e8ff2c00eaff1c00fcff,ecffdcff140022001000100024001400cafff8ffe0fffeff20000000e6ff0600,deff20001600f8ff0e001e000400c4ff70baf804466b06bb1a97366ce23d3e97
816,816,0,1a000a0000001000f2ff1000fcfffcff1c00daff2c000c000200d4fffeff1e00,12002200faffdafff2ff00004a000a00140004000600e8fffaff0c000c00fcff,fcfffcff0400f6ffdeff300014000400e8fff8fffeffeeff10001000f6ff1600,00000000dafff8ff30000e00e4ff04001097686b723e8097fc031c3f88ba0804
817,817,0,1a000a0000000000e2ff20001c00fcff3c00faff2c000c001200f4ff0e001e00,e4fff4fffaffeaffe2ffd4fffafffaffe2ff040006000600caffeafffcfffcff,fcff2e00140022000000bcff14001400f8ff06000c00eeff1000eefff6ff0600,3000eeffcaff46001e00cafff4fff4ff5203823e56bb2603166cdcba0e97b86b
818,818,0,1a003a00eeffeeffe2ff0000fcfffcff1c001c001c002c000200e4fffeff2e00,020012001c000c002e000000faffeaff04000400360016001c00caff0c00fcff,0e00ecfff6ff22002000eeff04001400cafff8ff0c000c0000003000f6ff1600,4800befff8ff1600cafffcff0400e4ff586b10bb2097e66a3c3f8a963803b23e
819,819,0,2a00bcffdeff0000100020000c00ecfffafffaff1c002c004000f4fffeffeeff,0200f4ffeaff1c000000e2fffafffaffe2ffe2ff26003600fafffafffcff0c00,ecffecfff6ff14001000eeff1400e4ff0600e8fffeffeeff000010000600f6ff,eeffceff06001600ecff30002400b4ffe23e0097c802223feebb4a03886b38bb
820,820,0,0a00fcff2000eeff100030001c001c000c00faff0c000c001200f4fffeffeeff,1200f4ffeaffeafff2ffd4ff0a00faff1400f2fff8ffe8fffafffaff0c000c00,2e009cfff6ffe6ff1000eeff14000400f8ffd8ff0c00feffeeffeeff06001600,deff20001600baff0e003000f4ff0400a0bbb202766a36bc6a96e66b7a3f7696
821,821,0,1a002a00ceff1000e2ff10001c000c000c00faffceffeeff020002000e000e00,120012001c000c00f2fff2ffeafffafff2fff2ff060006001c000c000c003c00,fcff0e00220004000000eeff24000400f8fff8fffeff0c00eeffdeffe6fff6ff,00003000f8ffdaff0e00fcffc4ff14009096186bb23f10970a021c3f0abc3c02
822,822,0,fcffecff000000001000f2fffcffccffdaff2c002c001c000200e4ff0e000e00,e4ff12000c00fafff2ffd4ffeaffeaff04001400c8ff06000c00eaff1c00dcff,fcfffcff14001400000000001400a4ffd8ff44000c000c002000ceffe6fff6ff,0000deff060016001e00dcfff4fff4ff0202184034bde201866baebc3696186b
823,823,0,ecffbcffeeffeeffe2ffe2ff0c00fcfffafffaff0c00eeff300002000e00feff,0200f4ff1c001c00e2fff2ff0a00faffe2ffd2ffd8fff8fffafffaffecffdcff,2e000e0014000400eeffeeff1400e4ffe8ffe8ff0c00feff300020001600f6ff,1000ceffdaff16001e000e002400e4ffc86a04bdf096a66a7040da95ac01fa3f
824,824,0,fcfffcffeeffeeff00000000fcfffcfffaff1c00ceff0c000200f4ffdefffeff,020012000c00faff0000e2ffeaff4a00f2ff0400c8ffe8ff1c000c00dcfffcff,0e001e00f6fff6ffeeffeefff4ff2400160026000c00eeffeeff000006000600,deff1000f8ffdafffcff1e0024001400b8406e96f2004240bebcb600086bc2bc
825,825,0,fcffbcffeeffeeffe2ff0000fcff0c001c00faffeeffe2fe0200f4fffeffeeff,12000200fafffaffe2ffe2fffafffafff2ff0400d8fff8ffeaff0c000c00dcff,0e002e0022001400eeffdeff14000400f8ffe8fffeff0c00000020000600f6ff,eeff6800f8ffcaffecff1e000400e4ff94bd4801466a84bd7a95d66bac400696
826,826,0,fcffecff100000002000e2fffcffecff0c002c00eefff2fe1200e4ffeeffceff,020002001c000c00f2ffe2ffeaff0a00f2ffd2ff0600c8ff1c000c00ecff0c00,9cffecff32001400eeffeefff4ff0400f8fff8ff2a000c000000eefff6ff0600,beff3000e8fff8ff1e00ecff040004003e96786a3e4182963600604192bdec00
827,827,0,fcffecff00000000000010001c00fcff0c00faffeeffeeffd4ffe4ff0e00eeff,1200f4ffeaff0c00d4ffe2ffeaffeaff0400d2fff8ffe8ff0c000c00fcffdcff,0e00ecfff6ff1400000010002400140026000600eefffeff0000000006001600,1000deffcaff06004000fcff040044004800184144bed6ff766b0ebdc6957c6a
828,828,0,ecff0a0010002000e2ff00000c000c00fafffaff0c00fefff4ff30001e00feff,220012000c00faffb6ffe2fffaff1a00f2ffe2ffe8ffaafffaff0c00fcff0c00,fcff0e00f6fff6ff0000deff14001400f8ffe8ff1c001c00eeff100016000600,1000eeffe8ff1600ecfffcff54001400386a50be2496c669f4415a95eaffcc41
829,829,0,dcff1a000000deffe2ff00000c00fcffcaffdafffeffeefff4ff30001e00ceff,02002200eaff0c00e2ff0000eaff1a0004001400f8ffe8fffaff0c000c000c00,1e00fcfff6ff0400deffceff040004000600f8ff1c001c00eeffeeffe6fff6ff,100010005400f8ffcaff1e001400e4ff1242a29506ff5442bebe06006c6a92be
830,830,0,ccff0a00100000000000f2ffccffecffcaff0c00feffeeff3000e4ffeeffdeff,f4ff12000c000c003e00c4ff1a00eaff0400f2ff0600b8ff0c000c00fcffecff,dcff0e000400140000001000f4ffe4ffd8ff16000c00feff00000000f6ffe6ff,ceff48007200caff0e003000d4ffe4fff0bea6ffc669b2be1a95b269dc417695
831,831,0,ecffecffeeffdeff00001000ecfffcfffafffaff1c000c00300022001e00eeff,f4ff0200faffeafff2fff2ff0a00faff0400f2ffc8fff8ff0c000c00fcff2c00,0e001e00040014002000200004002400baffe8ff0c00eeff1000000026001600,eeff2000e8ffe8ff30000e00c4ff240072959e699442f495b0fe34421abf1aff
832,832,0,ecff2a0000001000f2fff2ff0c00ecfffafffafffefffeff120002003e002e00,120012002c00faffe2ffd4fffaff0a00e2ffe2ff3600c8ff0c00fafffcff1c00,ecff2e00f6fff6ffdeffdeffe4fff4ffcafff8ff0c00feffdeffaeff16002600,1000eeffbaff16001e00ecff2400440070fec242c0bf08fe366a9ebf96952c6a
833,833,0,1a00fcff0000beff000000000c00fcffdafffaff1c00eeffe4ff4000feff2e00,120002000c00faffe2ffe2ff0a001a0024001400d8ffe8ff1c001c00dcffdcff,2e000e0014001400eeff1000f4ff14000600e8ff0c000c00deff100006001600,4800defff8ff4600ecffdcff140034008e69c6bf949512694443ba9412fee842
834,834,0,bcffbcff1000200020000000fcffecffdafffaff1c001c0022000200feff3e00,0200f4ff0c002c00e2ffe2ffdaff0a00f2ff14003600e8ffeaffeaffdcfffcff,dcff0e002200140020000000f4fff4ffe8ffd8ff0c000c000000eeff1600f6ff,0000deff4600f8ffecff0e000400d4fff242429518fe54437ebf10fd9c697abf
835,835,0,fcffecffeeffdeff000020001c001c00fafffaffeeff0c00f4ff30000e002e00,f4ff1200faff0c00f2ff2e001a000a0004000400e8ffc8ff0c000c00ecffecff,0e00fcff04000400eeff0000140014000600e8ff0c000c00eeff0000f6ff0600,eeff10004600bafffcff40005400140056c020fe5269e0bfba94366ab8430695
836,836,0,fcff2a00eeff200010001000fcff1c002c000c00d2fefeff020012000e00feff,120012000c001c00e2ffe2ff0a001a00f2ffe2ffd8fff8ffeafffaffecff1c00,fcff0e0014000400000010000400f4ff0600d8ff0c002a00deffeeff16003600,eeff5800daffdafffcfffcffd4ff240074942c695244249580fc46448cc0a2fd
837,837,0,0a000a001000eefff2ff00001c001c00dafffaffe2feeeffe4ffd4ff0e000e00,120012000c00eaffd4ffd4fffafffafff2ff1400e8ffd8ff0c000c00ecff1c00,0e000e0014002200eeff000004000400e8fff8ffeefffeffeeffcefff6ff0600,5800eeffcaff46000e00ecff0400240014fd824380c0eafc626942c0e694bc69
838,838,0,0a000a0000001000f2ff10000c00fcff0c00caffeeff0c003000e4ffeefffeff,e4ff12001c003c00e2ff20000a001a0014000400260006000c000c001c00fcff,0e00fcff140022003000defff4fff4ffcaff1600feff0c003000000036003600,eeffdefff8ff16000e00ecff1400e4ff1c69f6c04495f26876445a94d2fc2844
839,839,0,0a00ecff10000000100000000c000c000c001c00eefffeffe4ff12004e001e00,2200e4fffaff0c00e2ff2e000a001a00040014009aff16000c002c00dcff0c00,fcfffcff1400f6ff1000000024001400aaffd8ff0c00feffeeffdeff1600f6ff,0000eeff16000600dcff30006400f4ffea442694dafb624452c15efb2c69ecc0
840,840,0,1a000a00eeffeeff100010000c001c000c00faffcefffeff120002001e003e00,120012000c00eaff0000e2ff1a001a00f2ffd2ff0600e8fffaffeafffcff2c00,0e00dcff140014000000000014000400e8fff8ff0c00feffeeff00000600e6ff,eeff2000f8ffcafffcff0e000400240066c1d0fba26820c14a94026910459e94
841,841,0,dcfffcff00002000f2ff1000fcff2c000c00faffceffcefff4fff4ff1e002e00,120002000c000c00e2ff0000faff1a001400e2ff0600d8ff1c001c00ccff0c00,fcff1e002200f6ff1000ceff14001400caffd8ff7600feffeeffdeffd6fff6ff,ceff68001600caff1e00fcffe4ff2400d693ec687245a4941efb86441cc20afc
842,842,0,dcfffcff20000000f2fff2ff1c00dcfffafffaffeeffceffe4ff2200fefffeff,220002001c002c00e2fff2fffaffeafff2ff0400360016000c000c00dcff0c00,0e000e00040014000000deff14000400d8ffe8fffeff1c00deff10001600e6ff,10000000caff46001e000e00e4ff240072fa9a4530c22afba26802c35e940c69
843,843,0,fcfffcffeeff0000e2ff00003c00fcff0c000c00ceffeeffc6ffe4ff3e00feff,120012000c00faffd4ff2000faff0a00e2ff1400e8ff06000c001c00fcff1c00,0e000e0004001400eeffeeff14000400f8ffbaffeefffeff0000ceff1600f6ff,1000deffdaff16001e000e00240004008c6850c2f494206856456a9468fa0046
844,844,0,0a00fcff0000eeff2000e2fffcfffcff0c00faff0c00feffe4ffe4fffeff0e00,1200e4ff0c000c00f2ff0000eaff0a00f2fff2ff26001600cafffaffdcffdcff,0e002e0004000400eeffeefff4ffe4fff8ffd8ffeeffeeffceffdeff06001600,3000eeff1600dafffcff30002400c4ff1646b693fafa924542c39af9a2684cc2
845,845,0,fcffecffeeffeefff2ff0000fcff0c000c00fafffeffe2fef4fff4fffeff2e00,020012000c000c00f2ffd4fffaffeaffe2fff2ff2600e8ff1c00caffecffecff,1e001e0014001400eeffeeffa4ff1400e8ffd8ff1c000c00beffdeff1600f6ff,000010000600caffecff40001400f4ffd0c222faf06740c2fa93c26810464e94
846,846,0,ecfffcffeeff0000f2ff20001c000c000c00faffdeffeefff4fff4ff0e002e00,02001200fafffaffd4ff2e001a002a000400e2ff060006001c00eaff0c000c00,fcfffcff140004001000100014001400f8ffd8ff48002a00100000000600f6ff,eeff1000f8fff8ff30000e00e4ff240076936c686e465494aaf9944768c308fa
847,847,0,0a00fcff10000000f2ff1000fcff1c000c00faff1c00feffe4fff4ffeeff3e00,120012000c00fafff2ffd4fffafffaff1400f2ff2600f8fffaff0c001c000c00,0e000e0014000400100000001400140026001600fefffeffeeffdeff06000600,30001000daff060030000e0014002400f8f8164762c33afa926872c3be934268
848,848,0,bcfffcff1000eeff1000f2ff0c000c00faff0c00deffdefff4ff50000e001e00,f4ff02000c00eaffd4fff2fffaff0a00d2fff2ffe8ffe8fffaffeaffdcfffcff,fcfffcff140014001000eeff0400f4ffd8ff16000c001c000000eeff0600f6ff,6800deffdafff8fffcfffcff140014001c6880c3349460670447389388f98247
849,849,0,fcfffcff1000eeff00001000fcff0c000c00daffeeff1c01020002000e00eeff,12001200faff0c00f2ffe2ff1a001a0004001400d8ff16000c00eaff1c00ccff,dcff0e0022002200000000001400140006000600feff1c000000deffe6ff0600,0000eeff0600f8ffdcff1e002400d4ff5647a69336f92e4744c4daf8526848c4
850,850,0,fcff0a0000000000f2ff00000c000c00caff1c00f2fe0c00120002001e00eeff,f4ff0200fafffaff2e00e2ff0a00faff0400f2ffe8fff8fffaffcaffecff1c00,fcff0e0014000400deff00001400d4ff0600f8fffeff0c00200020000600e6ff,ceff2000e8ffdafffcff1e000400f4ff02c466f85067f2c358937e67e247ae93
851,851,0,dcffdcffceff2000100010000c000c000c000c00e4fe0c00e4ff02000e000e00,0200f4ff1c000c00d4ffe2fffaff4a00f2fff2ffe8ffb8ff0c00eafffcfffcff,0e001e001400e6ffeeff000024000400f8fff8ff1c000c00deff0000f6ff0600,eeff48000600e8ff1e00fcff04002400e692dc67ae47f49396f79447a0c488f8
852,852,0,bcffecff000000000000f2ff0c001c00caff2c00e0ffeeff02000200eefffeff,f4ff02000c001c00e2ffe2ffeaff0a00f2ff04002600f8ff0c00fafffcff2c00,ecfffcff1400140010001000040004002600cafffeff0c00eeffdeffd6ffe6ff,20000000daff06000e00caff0400040060f76c48f2c430f8be6720c6ae930268
853,853,0,ecff1a0010000000e2ff10000c000c00baffdaff0c000c00f4ffe4fffeff1e00,1200e4ff2c001c002e002e00fafffafff2ff0400c8ff16001c000c00ecfffcff,2e00fcfff6ff14000000deff14000400d8ffd8ff1c00feff0000eefff6fff6ff,3000ceffcafff8ffdcffecff1400e4ff966748c5549400678848289366f75248
854,854,0,fcfffcffdeff000020000000fcfffcfffaffdafffefff2fee4ff0200fefffeff,f4ffe4ff0c00faffd4ff10000a00eaff0400f2ffd8ff06001c000c00fcffdcff,fcff0e00040004000000100014001400f8fff8ffe0fffeff20002000f6fff6ff,eeffeefff8fff8ffdcff300004000400dc48169310f72e4810c696f6a267d0c5
855,855,0,fcfffcffeeff00004e00e2fffcff0c00faff0c00f2fe0c00120012000e002e00,2200e4ff0c00daff0000e2ff0a00faff36000400d8ff06000c000c00fcffccff,0e000e0014000400eeffeeff0400e4fff8ff0600eeff0c00ceff00001600f6ff,deff1000f8ffcafffcff1e00f4ffc4ff9cc6b0f6c066b0c518932e673c497e93
856,856,0,ecfffcffeeff2000e2ff1000fcff0c00caff0c00e0ffeefff4ffd4ff0e000e00,d4ff02000c00faff3e00f2ff0a000a00f2ff14000600f8ff1c000c00dcffecff,fcfffcff0400e6ff0000eeff040004002600e8fffeffeeff00000000d6fff6ff,deff2000f8fff8ff0e001e00c4ff0400e6924667de48c493a6f65a4920c67ef6
857,857,0,dcffdcffeeff1000f2fff2ff0c000c00faffcaff0c00feff020040000e00eeff,020012001c00eafff2ff2e00fafffafff2fff2ff26001600faff1c00dcff0c00,fcff0e00f6fff6ffeeff000044001400f8ff0600eefffeff0000eefff6ff0600,68001000caff46003000ecffe4ff540010f67c4910c690f63e6770c602934267
858,858,0,fcfffcffeeff000010001000ecffecfffaffeafffeff0c0002000200feff0e00,02000200fafffaff3e002e00fafffaff04000400d8fff8ffeaffeaffecfffcff,fcffecff14001400eeffdeff0400f4ffcaffbaffeefffeffeeff0000f6ff0600,2000eeffdaff46000e00fcff04000400e6663cc7c49352662a498892cef58c49
859,859,0,ecfffcff0000eefff2ff2000fcfffcfffaff1c00eeffeeff02001200feff2e00,220012000c000c00d4fff2ff0a000a00140036002600c8fffaffcafffcffecff,dcffdcfff6ffe6ffeeff0000040014002600f8ff0c000c00ceffeeffe6fff6ff,1000eeff16000600ecff300024000400464ab69272f5c44960c706f6c266f8c6
860,860,0,acffecff0000000000002000fcfffcffeaffeaff0c00f2fe220002000e00deff,f4ff0200daff1c00f2ff0000fafffaff0400b0ff0600d8ffeafffafffcff0c00,dcffdcff040022000000eefff4fff4ffd8fff8fffeffeeff0000eeff2600f6ff,eeff10006400daffecff3000c4ffd4ff7cc764f532665ec778925e666c4ad292
861,861,0,ecfffcff00000000f2ff20000c00fcff2c001c000c000c0002000200feffeeff,f4ffe4fffaffeaff20002e00faff5a00f2ffd2ff0600d8fffaffeafffcff0c00,1e000e000400f6ffdeff1000f4ff2400caffd8ff0c00feffdeffeeffe6ffe6ff,eeff2000f8ffcaff1e00fcffb4ff3400a692b666444a369396f4aa4988c74ef5
862,862,0,1a00fcff00000000e2ff2000ecff1c00caff0c00feff0c0030001200eeff0e00,12001200faff2c00d4ffd4ff0a00eafff2ffd2ffc8fff8fffaffeafffcffecff,dcffecff0400f6ff1000ceff1400f4ffaaff9cfffeffeeff1000eeffd6ff0600,20000000cafff8ff4000ecffe4ff1400c4f4964abec712f55e66a4c882929266
863,863,0,dcff0a0020000000f2ff1000fcff0c00fafffaff2a000c001200f4fffeff0e00,f4ff22001c000c00d4ff20000a001a000400e2ffe8ffe8fffafffafffcff1c00,fcff1e0014001400eeff00000400140006000600fefffeffeeff00000600f6ff,6800defff8ff16000e00fcff1400f4ff466662c8849352661e4b789236f4c24a
864,864,0,ecffecff000000003000f2ff0c000c00eafffafffefffeff1200e4fffeffeeff,e4ff1200faff3c000000e2ff0a001a00e2ffe2ff060016000c00faffecffdcff,ecff0e00f6fff6ff2000eeff94fff4ffd8ffbaff0c00eeffeeffdefff6fff6ff,deffceff4600f8fffcff1e002400c4ff984b669224f4744aa4c8b4f22c6652c8
865,865,0,fcfffcffeeffdeff10004e000c00fcfffaffcaffd0ff0c01c6ff0200befffeff,1200e4fffaffeaffe2ff2e000a001a00e2ff1400e8ffe8ffdaffeaffecfffcff,fcff0e001400140010000000f4ff0400e8ffcaff0c002a00deff00000600d6ff,ceff68001600caff0e0030000400e4ffc2c8f8f274652ec868920e666e4b7292
866,866,0,fcffecffceffeeff10001000fcfffcff0c001c000c00eeff2200f4ffeeffdeff,02001200fafffaffe2ff3e001a001a00d2fff2ff0600f8ff0c00faff0c000c00,0e000e00f6ff140010001000f4ff0400f8ffd8ff0c001c00eeffdeff0600f6ff,eeff3000dafff8ff1e000e00f4ffe4ff76922666544b5693f4f25e4c0cc986f3
867,867,0,fcfffcff100010000000f2ffdcff0c00daff0c000c00feff1200f4fffeffceff,120012000c000c000000d4ff0a001a00f2fff2ff0600f8ffeaff0c00dcff1c00,1e001e003200040010000000e4fff4ff0600f8ffeeff1c00eeffcefff6ff0600,10001000daffdaff0e00ecff04001400a8f2284c9cc8a4f36e65e4c83292c065
868,868,0,dcffecffeeff1000000010000c00ecfffaffcaff2a00fefff4ff12000e000e00,12002200fafffaff2e002e00fafffafff2ffe2ffe8ffd8ff0c00faff0c00ecff,3e001e00f6ff140010000000f4ffd4ffe8ffd8fffefffeffeeff0000f6ff0600,2000deffdaff5400fcffecfff4ff04007a65d2c92693e4646e4ce29154f22e4c
869,869,0,fcfffcffeeff0000100000000c00ecffdaff0c00fefff2fe0200f4ff0e001e00,120012000c00faffe2ffe2ff1a006a003600140006000600daff1c00dcffecff,0e000e00f6fff6ff100000000400f4ffd8ff0600eefffeffeeffeeffe6ff1600,eeff00001600f8ffecff30001400e4ff5c4dfc91e4f2f44b68ca74f26065dcc9
870,870,0,ccfffcff1000000010001000fcfffcffeaff1c00eeffeeff0200e4ff0e00feff,12000200eaffeaff0000f2ff0a001a00f2ffe2ff0600c8ffeaffeafffcff0c00,3e000e0004000400200000001400d4ff0600f8ffeeffeeff00000000d6fff6ff,beff10001600caffdcff0e00e4ffe4ff7cca3ef1b4649cc9c291c064e64c1292
871,871,0,1a00fcff0000eeff0000f2fffcffecff0c00faffd0ffe0fff4ff1200deff0e00,120012000c001c00d4ffd4ff0a001a00f2ff04000600e8fffaff0c00fcffdcff,0e002e0014001400eeffdeffe4ff0400f8fff8ff0c001c00eeffdeff06001600,00001000f8ffcaff3000fcfff4ff1400bc912a65344cf69260f1ae4c9ccaa4f1
872,872,0,ecfffcffeeff0000f2ff3000fcff1c00faffdaffeefff2fe1200f4ffdefffeff,f4fff4ff0c000c00e2ff00002a000a000400d2ffe8fff8ff2c000c00ecffacff,1e000e00f6ff1400eeff200014000400e8ffe8ffeefffeff0000deff1600f6ff,1000eeffbaff16001e00ecfff4ff04006cf07c4d8cca68efc06438cb0292f064
873,873,0,dcfffcffeeffeeff200010000c000c00faff0c000c001c0012001200beff1e00,220012001c000c000000e2ff1a001a00d2ff0400d8ff06000c00eaffecff5c00,dcfffcfff6ff2200ceffeeffa4ff0400d8fff8ff0c000c00eeff000016001600,2000eeffdaff06000e00fcff14000400ca641ecce692b464ce4db2913af0ba4d
874,874,0,2a00fcffeeffceff000020002c000c00cafffafffeff0c0002003000deffdeff,0200e4fffaff0c00c4ffe2ff0a001a003600c0fff8ffb8ffeafffafffcffecff,2e008cff2200f6ff00000000f4ff0400f8ff1600eeff0c00eeffeefff6fff6ff,1000eeff1600f8ffecff30001400e4ff484eac91e0ee124d48cb10f0b064a8cb
875,875,0,dcffecff10001000300010000c001c00cafffaff0c000c0022001200beffeeff,1200f4ff0c000c002000e2ff0a001a001400f2ffe8ff06002c00faffecfffcff,fcfffcff0400140010000000a4ff1400baffd8ff0c000c00deffeefff6fff6ff,eeff10001600dafffcff1e000400b4ff92cc76ef3464accab29170645a4ef291
876,876,0,fcfffcff00001000100010001c000c00dafffaffdeff1c000200f4fffefffeff,020022000c00faffd4ff2e005a00faff0400e2ffe8ffb8ff0c000c00fcffccff,0e000e00e6fff6ff10002000140004001600e8ffeeff0c00ceff0000f6ff1600,eeff1000daffdafffcfffcffe4ff14007c911664824db6923cefde4e28cc80ef
877,877,0,ecffecff00000000000010001c00fcfffaffdaff0c00eefff4ff4000feffdeff,12003000fafffafff2fff2fffaffeaffd2ffd2ff0600e8ff0c00caffdcfffcff,0e000e00220014001000eeff0400f4ffe8fff8ffeefffeff1000cefff6ffe6ff,00000000baff16001e00ecfff4ff140036efa84ecacbd4edd0637accb2916864
878,878,0,fcfffcff0000eeff000000000c00ecff0c00daffeeffeeffe4ffe4ffeeffeeff,e4ff12000c000c000000f2ff0a001a00f2fff2ffd8ffc8fffaffeafffcff0c00,3e00dcfff6ff1400eeff0000e4fff4fff8ffcaff2a000c00eeffeefff6ffe6ff,3000deffdafff8fffcffecff24000400166412cd80920464ce4e529188eed04e
879,879,0,fcffecff0000eeff100020000c00ecffeafffaff2c011c000200e4ffdeffceff,f4ff02000c00eaff3e000000eafffafff2fff2ffe8ffe8ffeaffeaffecffdcff,dcfffcfff6ff140010000000e4ffd4fff8ffd8ff0c001c000000ceffe6ff0600,deffeeff16000600ecff300024000400384f7c9144ed704efacdbceef863b0cc
880,880,0,ecfffcff1000eeff4e0010000c001c00dafffaff0c00feff30000200eefffeff,1200e4ffdafffaffd4ff2000faff0a00e2fff2ffd8ffd8ff1c00eaffdcffdcff,0e000e00f6fff6ffeeff2000f4ff2400f8ff06000c00feff0000deff26000600,deff00001600cafffcff4000f4fff4ffd2cd76eea66362cc42911e63804fc291
881,881,0,fcffecff1000deff1000f2ff0c000c003c001c00ceffeeffd4ff3000fefffeff,02001200faff0c00d4ff00001a000a0004000400f8ff16002c000c00fcfffcff,0e000e00220004000000ceff04000400e8fff8fffeff0c00eeff000006000600,00003000f8ffcaff30000e00d4ff04006c910463a04e30925cedce4ed0cde8ed
882,882,0,0a00ecff20001000e2ff20001c000c00dafffaff2c00eefff4ff02001e001e00,02000200eafffaffc4ffd4ff0a00faff1400f2fff8ffe8ffcafffaffecfffcff,dcfffcff0400f6ff0000deffb4ff0400060016000c001c000000eeffe6fff6ff,10000000cafff8ff0e00fcffe4ff040000edee4f52cdc4eb7e631acf72919863
883,883,0,dcfffcff00001000e2ff10000c00fcffeafffaffeeff1c00f4fff4ff2e000e00,02001200eaff0c00f2ff3e00eaff0a00d2fff2ffb8ffd8ff1c00fafffcffecff,0e000e0014002200000000000400f4ffcaffbaff0c000c00300000001600f6ff,2000ceffdaff54000e00dcff0400f4ffd462bece20922663ce4f3291d8ec0050
884,884,0,ecfffcffeeff00000000f2ff0c000c00faff0c00fefffeffe4ff02000e00eeff,22000200faffdaff2000f2ff0a000a001400e2ff0600d8ff1c002c00dcffdcff,0e000e001400f6ffeeffeeff0400140006000600eeff0c001000000006001600,eeffeeff0600daffecff1e001400b4ff9e502c9126ebb64f4acf2cec286360ce
885,885,0,fcfffcff100000000000f2fffcff0c00fafffaff1c002c00f4ffe4ff0e00feff,30002200faffeaffd4ffd4ff0a001a00f2ff040006001600faff0c00ecfffcff,0e000e0022001400eeff10001400f4ff0600f8ff1c00feffceffceff16002600,deff10001600baffecff1e001400e4ff9ecfeeebd66230ce0291fe6290507291
886,886,0,ecfffcff0000000000002000ecff0c00daffdaff3c00e2fed4ffe4ff2e001e00,120022000c00faff00000000faff0a001400e2ffe8ffc8ffeaffdaffecfffcff,1e002e000400f6ffeeffeeff04000400baffe8ff1c001c00eeffdeff06000600,00003000e8ffdaff1e00fcffd4ff14003c9194623c501092acec0251f8ce60ec
887,887,0,0a00ecff0000defff2ff00000c00ecff0c00faff2c000c00d4ffe4ff1e00eeff,22001200eaff0c00f2ff2e00eaffdaff0400e2ffb8ff16000c001c00fcffecff,fcff1e00f6ff2200deff000004000400d8ff0600eeffeeff1000000006002600,00001000daff16001e00dcffb4ff0400eeeade501ecf76ea9e629acf62915c62
888,888,0,fcfffcffeeffeeff00005c000c00dcfffaff0c00eeff0c002200e4ffeeffeeff,f4ff22000c000c00e2ffe2fffaff0a00c0ff0400e8ff9aff0c00caffecfffcff,fcff8cff04001400deffeefff4ff0400caffcaff0c000c003000100006000600,6800deffdaff64001e00fcfff4fff4ff246234d01092c6621251129190eb3a51
889,889,0,fcffdcffeeffeeffd2ff1000fcfffcffdafffafffeff1c00f4ff22002e00feff,22001200dafffaffe2ff3e000a000a001400f2ffe8ffb8fffafffafffcffecff,1e002e0014000400eeffeeff04000400f8ffd8ff1c001c00eeff0000f6fff6ff,000000000600f8ffcaff1e002400d4ff7e51cc9000eabc501ed05cec3c62d8cf
890,890,0,fcfffcff000000000000f2fffcff0c00fafffafffeff0c000200e4ffdeff1e00,f4ff1200eaff0c000000c4ff0a000a00d2ff2400e8ffaaffcaffcaffdcffecff,6cffdcfff6ff1400deff1000f4fff4ff0600e8fffeff0c0030001000e6fff6ff,ceff20005400caffdcff4000e4ffb4ffb4d0beea4662decf12919a61ba514291
891,891,0,dcfffcff00001000f2ffe2fffcff1c000c00eaff0c000c0002001200feffeeff,22000200faff0c00e2ffd4ff0a001a0014001400d8fff8ff0c00faffecff0c00,0e002e00040004000000eeff4400f4ffe8fff8ff0c002a00200000000600f6ff,eeff10000600e8ff1e000e0014001400dc909861525300925ceb6251d2d084ea
892,892,0,fcffecffdeff0000100010001c000c00faffdaff0c000c00e4ffe4ff0e00eeff,120012002c00faffd4ff2e00eaff0a00d2ff0400160006000c00daff0c00ecff,ecffdcfff6ff040000000000f4ffa4ffd8ffe8ffeeff0c003000defff6ffe6ff,1000eeffdaff16000e00ecfff4ff240042e9be51ced03ee9ba613ed13291ec61
893,893,0,2a00fcff0000ceffd2ff4e000c000c00eaff1c000c002c00020002000e00eeff,1200f4ff0c00eafff2ff00004a00faff1400f2fff8ffe8ff0c000c00dcff0c00,0e001e0014000400eeff0000040004001600e8ff1c000c00eeff0000f6ff0600,1000defff8fff8ff0e00fcff04000400586174d1009270610a53c290f4e94a52
894,894,0,0a00fcffceff20004e0000000c00fcffdaffcaff0c00eeff0200e4ffeeffeeff,e4ff0200eaff1c000000e2ffeafffaffe2fff2ffd8ff3600faffcaff0c00fcff,0e00fcff140032000000deff1400f4fff8ffe8fffeff0c001000eeffe6ffe6ff,0000eeff16001600ecfffcff0400e4ff6852cc908ee8425442d206e94c61ccd1
895,895,0,ecfffcff00000000f2ffe2ffdcfffcff2c00faff3c010c00f4ff22001e00eeff,0200f4ff0c00eaffc4ff3e000a00eaffe2ffe2ffe8ffb8fffaffeafffcff2c00,fcff1e00f6ff1400ceffceff2400f4ffd8fff8fffefffeff0000000016001600,ceff200046009cffecff1e000400f4ff4ed242e91061bed0d2906a61ca52c890
896,896,0,fcff0a0000000000f2ff00000c00fcff0c002c002c002c00f4ff02001e00deff,1200f4ff0c001c004c0000000a00faff24001400b8ffe8ff0c00eaffdcffecff,fcff9cffe6ff14000000eefff4fff4ffcaffe8ff1c001c0020002000e6fff6ff,00001000e8ffdaff3000fcff04002400cc90f8602254c09106e91c547cd214e9
897,897,0,ecff0a0000001000e2ffe2ffdcfffcff1c002c00feffceff120012002e000e00,12001200fafffaff0000e2ff0a001a00f2fff2ffaaffb8ffeaff1c00fcff1c00,fcfffcff220032000000000014001400d8fff8ff0c00feffdeffceff0600f6ff,68000000daffdaff1e00ecffd4ff540062e82a537ad1a0e7fa6072d2d8900c61
898,898,0,fcfffcff00000000200010000c00fcff0c00caff1c000c0002004000feff0e00,f4ffe4ff0c000c00000000001a00eafff2ff0400d8ffd8ff0c00eaff0c00dcff,dcffdcfff6ff22000000100004000400f8fff8ffeeff1c0010001000e6ff1600,1000ceff060016001e00ecff14001400486000d3c091c2603c54a290cae79653
899,899,0,fcfffcff0000eefff2ff1000fcfffcff0c000c00eeffeeffb6ff3000feff2e00,0200f4ff1c000c002e00f2fffaff1a000400f2fff8ffc8ff0c00eaff1c00bcff,9cffdcff14000400deff2000f4ff1400f8ff1600feff0c00eeffeeff0600f6ff,1000deff0600daffdcff1e001400d4ff4254bc90b0e6305582d378e742609ed3
900,900,0,ecff1a00eeff1000100010001c000c00daffcaffeefffeff020002001e00eeff,02001200eaff0c00e2ffe2fffafffaff1400e2ff0600f8ffeafffaffacffdcff,dcfffcfff6ff040010001000f4fff4ff0600f8ffd0fffeff0000deff0600e6ff,ceff1000f8ffcaffdcff3000f4ffe4ffa0d3fce66260d0d492903a602654c890
901,901,0,fcffecff1000eefff2fff2ff0c001c000c001c000c00cefff4ffe4ff0e003e00,300022001c00faff0000f2ff1a001a004600e2ff26000600eafffaff3c000c00,fcffecff220004001000eeff14000400f8fff8ff0c00feff0000000016000600,000030000600f8ff0e00ecffe4ff24008c9048605055809148e61c541ed4aae7
902,902,0,0a00fcffceff10001000f2fffcff0c00caffeaffeeff0c000200e4fffeffeeff,02000200faff2c001000e2ff0a00daff0400e2ffe8ffc8ff0c00faff1c00ccff,fcfffcfff6ff140010001000d4ff1400e8ff4400eeff0c000000eeff06000600,00001000f8fff8ff0e00caffd4ff24004ce6a654b0d5c2e52a6004d5b890da5f
903,903,0,dcff0a0000001000000000001c000c00fafffaff2c00ceff0200e4ffcefffeff,02000200faff0c00e2ff00000a001a00e2fff2ffe8fff8ff0c000c00ecff2c00,0e000e001400f6ff0000eeff040004000600f8ff1c001c00deff0000f6ff1600,2000deffdaff16001e00ecff24000400825f4ed4d0910c60cc54529018e66654
904,904,0,fcffecffceff10002000f2ffecffdcfffafffaffdeff1c00f4ff12002e002e00,1200e4ff0c00faffe2ffd4ff1a00faff1400f2ffd8fff8ffcaff0c000c000c00,0e00fcff140022000000eeff24000400e8ff06000c000c00deff000016000600,1000eeffe8ffe8ffdcff1e003400f4ff56557c90e2e52e56c4d40ae58a5fd6d4
905,905,0,fcfffcff000000001000d2fffcfffcfffaff1c000c00eeff220002000e00feff,f4ff12001c001c00d4ffe2fffafffaffe2fff2fff8fff8ff0c00caffecff2c00,ecff0e0014000400eeffdeffe4ffe4ffe8ffe8ff0c000c00eeff000016001600,deff10001600caffecff0e00e4fff4ff8cd50ce6345f9ed67290a65f1e557890
906,906,0,ecfffcffeeff00000000e2fffcfffcff0c00eaffeefffeffe4ff1200feffdeff,f4ffe4ff0c003c00c4ffc4fffaffeaff1400f2ff060016001c00fafffcff0c00,0e000e001400040010000000f4fff4ffe8ffcaff0c001c0000002000c6fff6ff,deff3000f8fff8ff40001e00b4fff4ff7c90225f5e5680916ae42c56f6d568e5
907,907,0,0a00ecff10002000000000000c00fcfffaff0c00e2fee2fef4ff0200ceff1e00,020012000c002c00e2fff2ff0a000a00e2ff0400e8fff8ff0c00faffdcffecff,dcffdcff140004001000eeff14000400f8ffe8ff0c000c00eeff0000e6fff6ff,0000deffdaff16001e00fcffe4ff140080e4b655bed694e4f65eb4d57890a25e
908,908,0,ecff1a000000eeff1000e2fffcffecfffafffaffceffeeff1200d4ff0e000e00,f4ffe4ff1c000c00e2ffd4ffeafffaff14000400d8ff06000c000c00fcfffcff,8cff0e00140004001000eeff040014000600f8fffeffe0ffdeffeeff06002600,2000deffdaff5400fcff0e002400e4ffb25ea8d64091a45e7c56929050e4ee55
909,909,0,0a000a00100000006c000000fcffecfffafffaff2c00feff22002200feff1e00,120012001c001c00e2ff00000a00fafff2fff2fff8ff06000c00caffecfffcff,0e00ecff14002200000000000400f4fff8ff06000c002a00eeffdeffd6fff6ff,eeffeeff54000600ecff0e005400c4ff52565c90a4e3fe56f4d62ae4825eb6d6
910,910,0,0a00fcff200000002000f2ffecff1c00daffdaffcefffeff4000e4ff0e004e00,120002000c000c002e00e2ff1a000a000400e2ffd8ffd8fffafffaffecffccff,ecfffcff04000400100000000400e4ff1600f8fffeffeeff00000000f6ff1600,eeff00006400daffdcff30000400f4ff58d770e4845eecd74290465e6e565890
911,911,0,dcfffcffdeff1000100020001c000c00daffdaff0c000c00120022000e00eeff,e4ffe4ffeaff3c000000e2fffaff1a00f2fff2ffd8fff8ff0c000c000c001c00,dcfffcfff6ff040010000000f4ffe4ff2600e8ff1c000c002000eeffe6ff0600,deff3000f8ffdaff30000e00e4ff24004c90625e9e57809108e34c567ed7d0e3
912,912,0,fcff0a002000eeff200000001c000c00faff0c000c000c0040000200eeffeeff,120012000c00faff2e00e2fffaff0a001400d2ffd8fff8ff1c00faff0c003c00,fcff0e001400f6ffceffdefff4ff04000600f8fffeffe0ffdeff00001600f6ff,00000000e8ff16001e00ecff24002400bae2d2564cd814e3365e28d87890125e
913,913,0,ecffdcffdeff2000100020000c00fcffbaffeafffeff2c00400002001e00eeff,02001200faff1c002e00e2ff1a000a000400d2ffb8ff16000c000c00ecffecff,dcfffcff040022000000eefff4ff0400e8ffd8ff1c00feff300000001600e6ff,3000deffdaff64000e00ecff44001400325e0ed83091245edc565290d4e2d656
914,914,0,fcfffcff10000000200000000c000c00caff0c002c000c0002003000feff0e00,e4ff02000c00eaffd4ffc4fffafffaffe2ff14001600e8ff0c00faff0c000c00,fcffecff1400f6ff10001000f4ff04000600e8ff1c00eeffeeff000006001600,0000deff1600f8ff0e00fcff0400040032573c90b0e1e05718d818e2b25d3ed8
915,915,0,0a00ecffeeff0000000020001c00dcff0c00daff1c00eeff1200f4ff1e00eeff,12001200faffeaff3e00e2fffaff0a00f2fff2ff06001600fafffaffdcffdcff,0e000e0004000400000000000400a4ffe8ffe8ff0c00feffeeff20001600d6ff,deff00001600daffdcff1e00f4ffd4ffbed87ee1485d7cd9ce8fe65d36573890
916,916,0,fcff1a001000eeff0000f2fffcff1c00caff1c000c002c0002000200deffeeff,020012002c000c00e2ffd4ff0a001a00f2ff0400e8ffc8ff2c000c000c00dcff,dcfffcff04000400deffeefff4fff4fff8ff06000c000c00ceffeeffe6fff6ff,00001000f8ffdafffcfffcff040024005c90765d7458ea9014e17058f0d894e1
917,917,0,1a00fcff10000000200020000c00dcff0c00faffe2fee2fe12001200eeffdeff,12001200eaff0c00f2ffe2fffafffaff04000400f8ffd8ff0c001c001c00fcff,1e009cff0400f6ff20000000f4ffe4ffe8ffe8fffeff0c00200010000600e6ff,30000000f8fff8fffcffcafff4ff0400eee0a25778dae2e0265d68d92890125d
918,918,0,0a00fcff10001000f2fff2ffecff0c00faff2c00eeffeeff40000200deffdeff,020002000c001c00d4ffd4fffafffaff140014000600aaff0c000c001c00ecff,dcff0e0014003200deff0000f4ff0400f8ffe8fffefffeffceffeefff6fff6ff,68000000daff4600fcffdcff24003400165d8ed96091b85cac573290d4e0c657
919,919,0,fcffecffeeff0000000000000c00fcff0c00fafffeff2c00120012002e00eeff,1200e4fffaff0c00e2ffe2ff0a000a000400f2fff8fff8ff2c001c000c00fcff,8cfffcfff6ff32000000eeff14000400340006000c002a00eeff20000600e6ff,1000cefff8ff0600cafffcff3400d4ff58583c9032e0e458c8d9b4e0a25cc0d9
920,920,0,dcffdcff100000002000f2ffdcff0c000c00fafffeffe2fe12001200eefffeff,d4ff12002c000c00e2ffb6fffaff0a0004000400f8ff26000c001c00fcff1c00,0e000e0014001400eeffeeff140004000600e8ff2a001c000000deff06001600,beff58001600daffecff30001400e4ffbed92ee0785c58dbae8f865c26584890
921,921,0,0a00dcffceffeeff0000f2ff0c000c001c00daffeeffeeff020012000e00deff,1200f4ffdaff0c00f2ff3e000a000a0014000400b8ffd8fffaff2c00ecff2c00,9cffdcff14000400000010000400f4ff0600cafffefffeffeeff2000f6fff6ff,00001000e8ffdaff1e001e00040024003c90b65c7459409134e0d05820da32e0
922,922,0,ecff0a0020000000e2fff2ff0c003c00daff1c001c002c000200e4ff0e00eeff,12002200faff0c00d4ff2e00faff5a0004000400c8fff8fffaffaafffcfffcff,9cff2e001400f6ff0000ceff24001400d8ff0600fefffeff2000deffe6fff6ff,30000000f8ff06000e00dcfff4ff240078dfe85898db94df565c5cdb38904a5c
923,923,0,0a00dcff00000000000020001c00ecff1c00faff0c002c00120012002e001e00,f4ff02000c001c00d4fff2ff1a00faff04000400d8fff8ffcafffafffcff1c00,fcfffcff04001400eeff1000f4ffe4fff8ffe8ffe0fffeffdeff2000f6ff2600,1000eeffcaff06000e00ecff2400f4ff125c3adbda90785c5059be8f42dff858
924,924,0,fcff0a00eeff000020000000dcfffcffdaff0c00eeff0c004000f4ff2e00eeff,120012001c000c0020002000faff0a001400f2ffd8ffe8ff1c000c00dcff0c00,0e002e00140014002000eefff4fff4fff8fff8ff1c002a00deffeefff6ff0600,eeffdeff1600f8ffecff0e003400e4ff08593c90f4deb459f0db90deda5bc2db
925,925,0,fcffecff0000ceff00002000fcfffcfffaff0c000c00eeff120040000e00eeff,02000200eaff0c002000e2ff4a005a0024001400f8ff1600eaff2c003c002c00,fcfffcfff6ff04000000000024000400e8ff16000c000c00deff20000600f6ff,00002000e8ffcaffdcff1e002400f4ffeadbd8deb85be6dcbe8f265c58594890
926,926,0,fcfffcffeeffeefff2ff00000c000c00cafffaff1c004c0002001200deff0e00,e4ff02000c00faff0000e2ff0a000a000400f2ffe8fff8fffaffeaffecff1c00,fcffdcff140022002000eeffe4fff4fff8ffe8fffefffeff1000ceffe6fff6ff,eeff40000600caff30000e00e4ff14003c90c25b8a5a509170de245a72dc9ade
927,927,0,fcfffcff0000eeffe2ff00000c001c000c00faff0c002c00120050000e000e00,1200f4fffafffaffd4fff2ff0a000a000400f2ffd8ff0600eafffafffcff1c00,2e000e0014001400ceff3000f4ff04002600f8ff0c00d0ffeeffeefff6fff6ff,3000deffdaff060040000e00e4ff140078de885986dd56de145b20dc28901a5b
928,928,0,fcffecff00003000200030000c00dcffbaffdafffeff2c0040001200eeffeeff,f4ff02001c001c00f2ffe2fffaff0a00d2ff0400d8ffd8fffaff1c001c000c00,0e00fcff04000400deffdefff4fff4ffcaffcaff0c0076001000deffe6ffe6ff,10000000caff54000e00fcff24005400745a6cdd4091285b845a2290dadd285a
929,929,0,0a000a00eeffdeff100010000c00ecfffaffcaffeeffeeff02004000eeffeeff,220002000c000c00e2ff00005a000a00e2ffd2ff260036001c00fafffcffecff,1e008cff0400f6ffeeff1000d4ff040026002600fefffeffeeff100006000600,0000defff8fff8ffecff30002400e4ff525a3c9076ddda5a40ddd0dd8e5a4add
930,930,0,ecffecffceff000000001000ecffecffcafffaffeeff2c000200e4ffceffeeff,f4ffe4ff0c002c003e00f2fffaff0a00d2ff0400e8fff8ff0c00cafffcffecff,0e00dcff220014000000eeffd4fff4fff8ff26001c001c0040000000f6ffe6ff,aeff10004600e8ffecff30002400e4ff18defcdcf85aa6ddbe8f945a585af88f
931,931,0,fcff0a00eeff0000d2ff2000ecff0c000c00faff1c00cefff4ffe4ffeeffeeff,12000200daff0c00e2fff2ff5a000a0004000400d8ffe8fffaff0c00fcffecff,ecff0e00f6ff0400deff000014002400e8ffe8fffeffeeffeeff0000f6ff0600,eeff3000f8ffcafffcff0e00e4ff34004c90325a585b309180dcb45a0ade3add
932,932,0,bcffecffeeff2000000020000c00fcffcafffaff2c001c0012001200eeffeeff,c6ff12000c001c000000e2ffeaff0a000400e2ffd8ff1600faff0c000c00ecff,dcffdcff0400140010001000f4ffe4ffaaffd8fffefffeff1000400006001600,30000000caff46004000caffb4fff4ffacdcc45aa4de48dc845a40df48900e5a
933,933,0,1a00fcffeeffbeffe2ff20001c00fcff2c00faff0c00eeff0200f4ff2e001e00,120012000c00faff0000e2ff1a001a00140004000600e8ff1c00faff0c00ecff,0e000e0014000400deff000014001400e8ffcaff1c00eeffeeffeeff16000600,30000000e8ff54000e000e0004002400a859f8defa906a5a245b629062dc4a5b
934,934,0,fcffccffeeff0000f2ff2000ecfffcffdaffdaff0c002c0040000200beffdeff,120002002c002c002000d4ffeaffeaffc0fff2ff060006002c00eaffdcffccff,8cfffcff140014001000defff4ff94fff8fff8ffeeff1c000000eefff6fff6ff,eeffeeff06000600dcff1e002400b4ff045b3c90f8db485cc0de1cdb8859bade
935,935,0,ecff1a003000000020001000fcff0c000c00daff0c000c0040001200feff2e00,02000200fafffaffc4ff20005a001a003600140006000600faff0c00ecff0c00,fcff3e00040004001000200014001400e8ffe8ff0c00c2ff2000100036001600,eeff0000f8ffe8ffdcff3000f4ff140068df2adbb45964dfde8fc059ba5b0890
936,936,0,fcffdcff0000eeff200030001c00fcfffaffdaff1c000c00120030000e00deff,f4ff02000c000c003e00c4ffeaffeaff140004001600f8ff2c000c00dcfffcff,1e00fcff140022000000deff0400f4ff2600d8ffe0ff2a000000defff6fff6ff,eeff0000dafff8ff1e000e00f4ff24003c90e858485cea90ccda465cd2df72db
937,937,0,fcfffcff1000defff2fff2fffcff1c000c000c001c00eeffe4ff0200feff0e00,02002200fafffaffd4ffe2ff1a00faff2400f2ff2600d8fffaff1c00fcffecff,0e001e002200f6ffdeffdefff4ff2400f8ff06000c00eeff1000000006001600,58001000caffe8ff0e00fcff240014008ada425c52e028db105950df68903859
938,938,0,ecffbcffeeff0000f2ff0000ecffecffdafffaffeeffdeff120030000e00eeff,0200e4fffaff0c000000f2ff0a00daff1400f2ffe8ff16001c00eaffbcffdcff,8cffdcffe6ff22001000eeff040014001600baffe0fffeff2000eefff6ffe6ff,1000beffe8ff460040000e00040014009858cee0ea90a459b65cce8f40da1a5c
939,939,0,fcffecff1000100000000000ecff0c00eaff0c00eeff0c00f4fff4ffeeff0e00,020012000c000c00100000000a000a00e2fff2ffe8ffd8fffafffaffecff0c00,9cff0e0004000400bcffeeff040024003400f8ff0c00feffdeff200006001600,0000deff1600e8ffdcff30004400e4ff965c3c9078da885c94e08cdaa85894e0
940,940,0,0a00ecffeeff000020002000fcffecffeaffdafffeff2c00120030000e00ceff,f4ff02000c001c002e00d4ff0a00eaffe2ffe2ffe8ffd8ff1c00faff1c00ecff,0e001e00140004001000eefff4ffe4ff26000600e0fffeff000010000600f6ff,deff20000600cafffcff30001400d4ffcee05ed91459f2e032903058d25c3890
941,941,0,ecffdcff0000eeff2000e2ff1c000c00fafffaffc2fedeff02003000beff2e00,120022000c000c00d4ffd4ff0a002a00040004000600b8fffaff0c000c000c00,fcfffcff14000400deffdefff4ffd4ffd8ff16001c00eeffeeff1000f6ff0600,deff68001600caff30000e00040024000c902858285d0a9138d9865c44e1c0d9
942,942,0,fcff0a00eeff1000f2ff2000ecff0c00daffcafffeff0c0012003000feff0e00,020012001c001c0000000000faffeafff2fff2ff0600f8ff0c000c002c001c00,dcfffcff040014000000100004000400d8ffe8ffe0ff0c00200010001600d6ff,20002000daff16001e00fcffa4ff04000ed9f65c92e184d9dc5764e14890d657
943,943,0,fcfffcff20000000f2ff1000ecff1c000c00faff4c000c00300012003e000e00,12001200eafffaffe2fff2ff1a005a00f2ff04000600f8ffeaff1c00dcff1c00,fcff0e00140004000000deff04001400bafff8ff0c00e0ff0000eefff6ff0600,2000deffdafff8fffcfffcff24000400a2579ee10a918458165d4290f0d8c25c
944,944,0,0a00fcffeeff0000000000000c00fcfffaffdaff2c000c001200f4fffeff2e00,1200f4ffeafffaffd4ff2e000a001a0014000400d8ff0600faff1c00fcffecff,0e000e0004000400deff0000240014001600bafffefffeffeeff2000f6ff1600,3000eeff0600f8ffecff1e002400f4ff865d4c90e4d8885da8e2c4d7a65734e2
945,945,0,ecff0a002000ceff10000000fcff0c00daff2c00feffeefff4ff0200defffeff,f4ff30001c00faffe2ffe2fffafffaff04000400e8fff8ffeafffafffcffecff,2e001e00220014001000deffa4ff140006002600feff1c002000eefff6fff6ff,deff30005400f8fffcff0e001400f4ff9ae26ed85458f2e152904058b25d7890
946,946,0,0a00ecffdeff200000000000ecfffcfffaff0c000c002c0002001200eeffdeff,0200e4fffaff1c00d4ff2e00eaffeaffe2ffd2ff9affe8ff1c000c001c00fcff,8cff1e00f6ff1400eeff100004000400caffe8ffeefffeff100010000600f6ff,deff10000600daff30001e00e4ff14004c900257c85d709134d7565e30e3b8d7
947,947,0,fcff0a00eeff200000000000ecff0c00faff1c00eeffeeff40000200feff0e00,0200f4ff0c00faffe2ff3e000a00fafff2ff0400060006001c000c00dcffecff,2e009cff220004001000eeff04001400e8fff8ff0c00feff2000defff6ff0600,10001000daffe8ff1e00baff1400040078d7b65d84e3ecd73c57f8e218909e56
948,948,0,0a00dcff00000000200000000c00fcfffaff0c000c00deff12000200feffeeff,0200f4fffafffaffe2ff20001a002a0024000400f8ffe8ff0c00faff0c00fcff,2e000e0022000400eeff0000240004000600f8ffe0ffeeff0000000016001600,6800cefff8ff160040000e0024000400d2563ae3da904057765e4290f8d6325e
949,949,0,fcfffcff10000000200000000c00fcff0c000c000c000c00f4ff1200eefffeff,0200f4ff1c00faff3e000000dafffaff14001400260006001c002c00dcfffcff,fcfffcff22002200eeffeeff04000400baff06001c000c00eeffeeff16000600,1000000046000600fcff30003400f4ff725e8c90ecd6545ea2e404d71e5620e4
950,950,0,fcffecffeeff000010000000ecff0c00faff0c00e0ffd0ff2200e4ffeeff0e00,e4ff0200faff0c00e2ff20001a000a00e2ffe2ff2600e8ff1c001c00ecffecff,0e00fcfff6ff0400100020001400a4ffd8ffcafffeffeeffeeff10002600f6ff,beff1000f8ffcaffecff0e002400e4ff28e4a8d6d05614e462902c56b25e8890
951,951,0,bcfffcff2000200020000000fcfffcff0c000c00eeffe0ff400022000e001e00,e4ffd4fffaffeaffe2ff20000a00faffe2fff2ffe8fff8ff0c00faffdcff0c00,fcff0e00f6ff14000000eeff14002400f8ffd8ff1c00e0ff0000ceff1600e6ff,eeff0000e8ffdaff40001e000400e4ff5c906256d45e909134d6d65ed8e400d6
952,952,0,fcffecffeeffeefff2ff00000c000c00daff0c00eeffeefff4ff3000fefffeff,120002000c00eaffd4ff0000eaff0a00140014000600e8ffeaff0c00ccff1c00,4e00fcfff6ffe6ffceff000004000400e8fff8ff0c00feffeeffcefff6ff0600,00003000e8ff06005000fcffe4ff240018d6f25ee4e460d60c5642e67890ce55
953,953,0,bcfffcffeeff00000000f2ffecff1c00caffdaff2a011c00f4ffe4ffdeff1e00,e4ff12001c001c00f2ffd4ffeaff0a00e2fff2fff8ff16002c00eaffbcff0c00,9cff9cff1400220000000000e4ff0400d8ffd8fffeff1c000000defff6fff6ff,1000eeff060046001e00fcffd4ffe4ff365570e5b0914e56d65e6290a0d5ca5e
954,954,0,fcfffcff00000000000030001c000c00faffdafffeffc2ff02001200feff0e00,120002001c001c00e2fff2ff0a002a001400f2ffe8ff06000c001c000c000c00,fcfffcff04002200eeff100014002400f8ffd8fffeffeeff0000000016001600,0000defff8ff0600fcff40000400e4ff325f5c90e0d5545fa2e6a4d45e55a8e5
955,955,0,fcfffcffeeff00004e0000000c000c000c000c000c000c00f4ffe4ffeefffeff,1200e4ff0c001c002e00f2ff0a000a00f2ff1400d8ffc8ff2c00eaffdcfffcff,9cffdcff040004000000eefff4fff4ffe8fff8ff0c00e0ff0000eeff26002600,deff48004600dafffcff1e001400b4ff7ce6dcd4905594e54290cc55aa5f9890
956,956,0,fcffecff0000eefff2fff2fffcff1c00fafffafffeff0c001200f4ffeeff2e00,e4ff30001c00faffe2ffd4fffaff5a00f2ffd2ff0600b8fffaff0c00fcff1c00,dcff1e0004001400deff0000240004000600f8ff1c00eeff00000000d6fff6ff,eeff10001600caff3000ecffc4ff04008c90f654b45f7091b4d41a6058e6c0d4
957,957,0,dcfffcff10000000f2ff2000ecffecff1c00caff2a00eeff220002000e002e00,f4ff12000c001c00f2ffd4fffafffaff04000400360046001c000c00ccfffcff,dcff0e003200220000000000e4ff0400caffd8ff0c001c000000ceff06000600,10003000daff16004000ecffc4ff1400f0d3e85f90e660d5585472e69890be54
958,958,0,fcffdcff1000000020001000fcfffcffeafffaffeeff0c00d4ff22000e00eeff,d4fff4fffafffaff3e00f2ff0a000a00d2ff0400f8ff36000c000c000c001c00,fcff1e0022001400deff200004000400e8ffd8ffeeff0c00eeff0000f6ff0600,eeffceffcaff64004000ecfff4ff240032545ce7709112550a609290d8d3ca5f
959,959,0,ecffecff1000deff10002000fcfffcff0c00faffeeffe0ffd4fff4fffeffdeff,f4ffe4fffaffeafff2ffd4ff0a00eafff2fff2fff8ffd8ffeafffaff1c00ccff,dcfffcfff6fff6ff0000eeffe4ff0400d8ff0600d0fffeffdeffdeff3600e6ff,1000ceff0600f8ffdcff1e003400e4ff38607c90c2d3646082e744d4f6539ae7
960,960,0,0a00fcff0000000000000000ccffecff0c00faff0c001c00e4ffd4ff0e00feff,0200f4ffeaff0c00e2fff2ffeaff0a00140014000600f8ffeaff2c00ecfffcff,8cff2e0014000400eeff000014001400d8ffd8ff2a00feffeeff000006000600,deff30000600f8ffdcff1e002400e4ff02e820d3925430e7929046532a60b890
961,961,0,fcff2a00ceffeefff2fff2ff1c00ecff0c00faff2a00eeff0200e4ff3e00eeff,2200f4ff0c00eaffc4ff2e000a00daffc0ffd2ff0600f8ff1c001c00ecffecff,fcff1e00140014000000100024000400e8ff3400feff0c00deffeefff6ff0600,eeff20000600f8ff1e00fcff0400f4ffcc90b253d260709102d39a601ae898d3
962,962,0,fcffecff0000eeff20002000ecff0c00caff0c002a001c000200f4ffeeffeeff,f4ff02000c001c00e2ffd4ffeaffeafff2ff0400460006000c00fafffcff0c00,0e00acff040004000000deff14000400caffd8ffeeffeeffeeffdeff06001600,eeff1000daff06003000ecffc4ff2400d0d26860d0e7a2d3065366e998909653
963,963,0,1a00ecffceffceff00001000fcffdcff0c001c001c000c00020002000e000e00,22001200dafffafff2ff3e001a000a00040014000600f8ffbafffaff0c00ecff,1e008cffe6ff0400eeffeeff04002400f8ffe8ffe0fffeffeeff100016003600,5800ceffcaff1600fcff1e0014000400fa52b2e8a0915254ca60a290bcd2ac60
964,964,0,dcfffcff100000001000f2ffecfffcfffafffaff1c000c0012001200feffdeff,12000200eaff0c00f2fff2ff0a000a000400f2ff2600d8ffeaff0c00ecfffcff,0e00fcff04000400deffeefff4ff1400f8ff06001c000c00deff0000f6fff6ff,0000defff8ff0600dcff0e001400e4ff18610c91bcd03061b6e91ed19a5214e9
965,965,0,0a00ecff2000eefff2ff3000ecfffcfffafffafffeffe0ffe4ff12000e000e00,f4ff12000c000c00200020000a00fafff2fff2ff26001600fafffaffdcffacff,1e00ecff04001400eeff00001400f4ffcaffe8ff0c000c00eeff10000600d6ff,ceff20000600f8ffecff3000f4ffd4ff52e9a4d1b253fee8f290c6526c61c890
966,966,0,ecfffcffeeff10001000f2ff0c00ecffcafffaffeeff2a0040004000feffeeff,e4ff0200faff0c000000c4ff0a000a00d2ff0400b8fff8fffafffaffdcffccff,0e000e0014001400100000000400f4ffe8ffe8fffefffeffeeffeefff6fff6ff,ceff10000600daff0e001e00d4fff4ffac90a852a061a0918ed19a6184e97cd1
967,967,0,fcffecffdeff0000f2ff10001c000c000c001c001c00eeff02000200eeff0e00,12002200faffcaffd4ffe2ff0a002a000400f2fff8ffb8fffaff0c00ccffecff,1e000e001400f6ffdeff000004002400f8ffd8fffeffeeffeeffeeff36002600,20001000caffe8ff1e00fcffd4ff4400d4d06861aee99ecf1652b6e9f8903a52
968,968,0,dcff0a0000001000f2ff0000fcffecff0c001c000c000c00e4ff1200eeffdeff,f4ff1200faff1c000000d4ffdaff0a00b0ffe2ffe8fff8fffafffaff9cffecff,fcff0e00f6ff22000000deffa4ffd4fff8ff06001c003a00eeffeeffd6ff1600,10000000e8ff54000e00dcff1400e4ffbe514eea009252539a6192902cd1dc61
969,969,0,fcff0a0010000000000020000c00fcffeafffaffeeffe0ff1200f4ff1e00feff,2200e4ff0c00faffe2ff0000faff0a00d2ffe2fff8ff06001c001c00fcffdcff,0e002e00f6ff0400eeff420034000400caffd8fffeffe0ffeeffdeff0600f6ff,0000defff8ff1600ecff40001400c4ff7861ec90fece16623aeb2ed1ca51c4ea
970,970,0,dcffdcffdeffeeff00000000ccffdcff3c000c00eeff0c0002002200deffeeff,e4ff1200cafffafff2ffd4ff0a000a00e2ff04002600f8ffeaff0c00dcff1c00,1e000e00140014000000100004000400d8fff8fffeffeeff0000eeff0600f6ff,deff10004600dafffcff1e000400c4ffbeea94d0d2529eea229102510c62d890
971,971,0,ecfffcff00000000f2fff2fffcfffcff0c00fafffeffeeff02001200feff2e00,22001200fafffaff0000f2ff0a005a0036003600f8ffe8ffeafffaff1c00ecff,2e000e001400f6ff0000eeff14000400260034000c00feffeeffeeff1600f6ff,000030000600caff0e000e00d4ff24000c914e518662f091aacf6e6210ec52d0
972,972,0,fcffecffeeff00002000f2ffecfffcff1c00fafffefffeff0200e4ffcefffeff,e4ff12000c002c000000d4ff1a00fafff2ff040006003600daffeafffcff0c00,7cfffcff040014001000eeffe4fff4fff8ffe8ff0c00feffeeff0000d6ffe6ff,10000000dafff8ff1e00dcffc4ff04005ecf4462a4eb8eced250fcec42913a51
973,973,0,1a00fcff0000eefff2fff2fffcff1c00faff2c00e0ffeeffe4ffc6ff2e00eeff,1200f4ff0c00faffd4ff2e000a000a001400d2ffaaffd8ff0c00eaff1c002c00,dcff0e00f6ffe6ffeeff000014000400e8ff0600fefffeffceff100006001600,2000eefff8ff1600fcffecff44000400de507eeb3092f451ae62129148cf9c62
974,974,0,ecfffcff1000eeff1000f2ff1c00fcfffaff1c001c01eeff3000e4fffefffeff,f4ff0200eaff0c000000f2fffafffaff04000400060006002c000c002c000c00,dcffdcffe6ff1400eeff2000040004000600e8fffeff1c00deff2000f6ffd6ff,1000eeff1600f8ffecff1e003400f4ffb4620c91a2cd66621cedaacea05010ec
975,975,0,fcff0a000000deffe2ff1000ecff0c000c000c00e2feceff12000200feffeeff,220012000c00eaff0000e2ff0a000a00f2ffd2ff2600d8ff0c000c000c000c00,0e000e001400f6ffdeff1000f4ff1400f8ff0600feffeeffeeff200016001600,ceff10005400e8ffecff1e000400e4ff5cecaecefe50a4ec4291c25028634291
976,976,0,ecfffcffeeff10003000f2fffcffecff0c000c000c00eeff30000200ceffdeff,e4fff4ff1c003c00f2fff2ffeafffaffd2ff1400360006001c000c00fcff0c00,7cffecff040022000000eefff4fff4ff0600d8fffeff1c0000000000e6ffe6ff,beff3000e8ffcaff1e003000f4ff24000c913e50566300927ace6e6336ed90ce
977,977,0,0a00fcff20001000f2ff00000c00fcff1c001c00feffceffe4ff02000e000e00,02000200fafffaffe2fff2ffeaff0a000400f2ff360036000c00eaff0c00ccff,0e002e001400040010002000f4ff0400f8ffe8fffeff0c001000eeff16000600,10001000daff24004000ecffb4fff4ff2eced46234ed52cdce4ffcec72918050
978,978,0,fcffdcffdeffdeff100000001c00ecff0c001c00eeffeeffb6ff1200feff0e00,f4ff02000c00eaff2e0000000a00faff04000400b8ffd8ff0c000c00fcfffcff,0e000e00e6fff6ff1000ceff140034002600f8ffeeffeeff0000eeff06003600,2000deffbaff16001e00fcff24002400984f80edf091fe503e63529190cd6863
979,979,0,fcfffcff0000deff000000001c002c000c000c00feff0c00f4ff1200feff0e00,22002200faff0c00f2ffc4ffeaff0a0004001400e8ffb8ffeafffaffccffecff,fcff1e0022001400ceffeeff040004000600f8ff0c000c000000eeff0600f6ff,0000000006000600dcff0e003400240064636c9102cc66635cee7ace604fc6ed
980,980,0,ecffecffdeff00000000f2ff1c00fcfffaff0c00eeffeeffe4ff0200fefffeff,f4ffe4ffeaff0c003e00f2fffafffaffc0ff1400b8ffd8ff2c000c00fcff0c00,0e000e00040004001000eeff0400e4ffe8fff8fffefffeff0000eeffe6ffe6ff,deff10001600dafffcff3000e4ff04009cee82cdde50f4ed22916e4e88638291
981,981,0,ecfffcffeeff1000f2fff2ff0c00ecfffaff2c001c001c00d4ff22000e000e00,e4ff0200fafffaff0000d4fffaff0a0014000400c8ff06002c001c000c000c00,fcffdcff140004003000deff1400f4ffbaffcaffe0ffe0ffeeffeeffe6fff6ff,eeff2000f8ffbaff30003000c4ff04006c91184f866330920acd3e63f0ee00cd
982,982,0,1a00bcff0000ceffd2ff10001c001c00faff0c000c00eeffd4fff4ffdefffeff,12001200faffdafff2ffd4ff2a00faff36000400b8ffd8ff0c001c002c00ecff,0e000e00f6ff2200deff100014000400e8ffe8ffeeffeeffeeffceff06002600,10001000baff46003000fcff04001400f2cc0664d4ed82cbbe4e70f08291204f
983,983,0,fcff0a00100000002000f2fffcff0c00faff0c001c002c00f4ffe4ff0e000e00,f4ff0200faff0c00e2ffd4fffaff0a00140024003600f8ffeaffcaff1c001c00,8cff1e0004001400eeffdeffe4fff4ffd8ff06002a000c00deff0000f6ff1600,1000deffcaff5400fcffecff04003400784eb2efd692f84d40643291e8cb3864
984,984,0,ecffdcff1000eeff10002000fcff0c00caffdaffeefffeff02001200fefffeff,2200f4ff0c00faffd4ff2e00eaffeafff2ff0400f8ff26004c000c00fcff2c00,ecff0e000400140000001000d4fff4ff2600baffe0fffeffdeffdeff0600d6ff,1000ceffe8ff46000e0040002400e4ff7a647c91e4ca746410f01acc3a4e00f0
985,985,0,fcff0a00deff00000000f2ffecfffcfffaff0c002c000c0040001200eeff0e00,e4fff4fffaffeaff3e00f2fffafffafff2ffe2ffd8fff8ff0c00eafffcff1c00,fcff0e0022000400eeff0000d4fff4ffe8ff06001c000c00eeffbefff6ffe6ff,eeff20007200e8fffcff30000400140032f0fecbd24cc0efb2915e4e9064b291
986,986,0,0a00ecff00000000000000000c00fcfffaff0c000c00f2fe12000200feff2e00,02002200dafffaffd4ff2e001a000a002400d2fff8fff8fffafffaffecff0c00,1e001e00f6ffe6ffdeff0000140004000600e8ffeeffd0ffdeff100006000600,deff20001600caff0e00fcffe4ff34008c91bc4d946406930acce064eaf098cb
987,987,0,dcffecff00001000f2ffe2fffcff1c000c000c00feff0c00f4ffe4ffeefffeff,f4ff12000c00eaffc4ff2e00dafffaffe2fff2ff26000600fafffaff0c00dcff,ecfffcff220004000000ceffe4ff04000600f8ff2a000c00deffdeff06000600,30001000060016004000dcffe4ff04005ecb1a6510f09cc9be4db0f0f291aa4d
988,988,0,0a00ecff0000eeff100020000c00ecffeaff0c00eefffeff1200e4fffefffeff,1200f4ffcaff1c00e2ff2e00faffeaff1400f2ff160016002c001c001c00fcff,fcffdcff0400220010000000f4ff0400f8ff2600e0fffeffeeff00001600e6ff,5800deffdaff72001e001e00040024000c4d4ef1f692924c0065a29108cbf064
989,989,0,fcfffcffeeff0000000000000c001c001c00eafffeffe2fef4ff22000e000e00,f4ffe4fffaff0c00d4ffc4ffeaff0a00d2fff2ff16002600faffeaffdcff0c00,9cfffcff140022000000000004000400d8ff0600feff0c00deffceff16000600,1000beff16001600fcff0e004400f4ff5a65ac914cc9f46490f17acbc04c0af2
990,990,0,2a000a00ceffdeffe2ff00000c00fcff2c000c00e2fedeff12000200feff0e00,020002000c000c00b6ff2e00faff0a00f2ff04000600d8ffcaff1c00fcffdcff,0e000e0004000400eeffeeff040024000600f8ffeeffeeffeeff000016000600,eeff20001600baffdcff1e003400b4ff58f2c2c9744be0f0c2918e4c60650292
991,991,0,fcff0a00eeff10004e00f2ffecff1c00daffdaffeefffefff4fff4fffeff0e00,020012000c000c00e2ffe2ffdaffeafff2fff2fff8ffe8ff2c000c00fcff1c00,ccff1e00140014000000deff94ff0400e8fff8ff0c002a00deffeefff6ff0600,beff58004600e8ff30001e00e4ff0400dc911c4d24653693b4c9c06426f3bcc9
992,992,0,0a00bcff00000000f2ff10000c000c000c00daff2c002c00f4ff02001e002e00,1200f4ffeaff0c00e2fff2ff0a00faff0400f2ffb8ffd8ffcafffaff0c00fcff,0e00fcff040004000000100014000400d8ffe8fffeffeeffceff20000600e6ff,30000000060006001e000e00e4ff440072c97a65bcf1ecc86e4cb4f27292184c
993,993,0,ecffecffeeff000010001000fcffecff0c00daff1c002c002200d4ff3e002e00,e4ff0200eafffafff2fff2ffeaff1a00d2ffe2ff2600b8fffaffcaffecffecff,1e000e00140004000000000004002400f8ffbaffeefffeffceff0000e6ff2600,2000deffbaff54001e00ecff1400e4fff84b28f37493e44a2e66c2910cc99065
994,994,0,fcff0a00eeffdeff100000000c00fcff0c00faff2c002c00f4ff12002e00feff,0200e4ffeaffdaff2e000000eaff0a00f2ffe2ffe8ffaaff0c00faff1c00ecff,fcff0e00040004000000eeff14001400e8ff8cff1c000c000000deff06000600,2000deff16000600dcff0e002400d4ffaa654692bec7946544f3b4c8c84b16f3
995,995,0,ecff0a00eeff20004e00e2ffecff1c000c001c00eeff2c00f4fff4fffeffceff,d4ff02000c000c00e2ffd4fffafffafff2ff24000600e8ff0c00eaff0c00ecff,dcff1e00140014000000eeffd4ffd4ffd8ffcafffeff1c00deffeeffe6ffe6ff,ceff10005400daffecfffcffe4ffd4ff98f362c8644ae2f258921e4c10666292
996,996,0,fcfffcff0000deff1000e2fffcff0c000c00caffe2feeeff120002000e000e00,f4fff4fffaff0c00e2fff2ff1a000a003600e2ffe8ffd8ff0c00fafffcff0c00,0e000e001400f6ff00001000040004000600e8ff2a00eeffdeff100006000600,deff10004600e8ff30001e00e4ff24005692b84bc465369364c86e66aef452c8
997,997,0,fcff0a00eeff00001000f2ffecff0c00daff0c000c000c0030001200fefffeff,f4ff2200faff0c000000d4ff0a001a00f2ff1400e8ff0600eaff1c00dcfffcff,fcff0e000400f6ff2000000004001400e8ffe8fffefffeff0000eefff6ffe6ff,00002000dafff8ff1e00dcffc4ff2400acc75666f2f40ec74e4b36f49292184b
998,998,0,0a000a0000000000f2ff1000ecfffcffbaffcafffeff2c0002000200eefffeff,12001200faff0c00e2ff0000eafffaffe2fff2fff8ffe8ffcaffbaffecff0c00,fcfffcff14001400ceffeeff1400f4ff0600e8fffeffeeffdeffcefff6ff0600,3000eeffbaff54000e00dcff14002400264b34f56693444a7e666892d2c73066
999,999,0,fcfffcffdeff0000f2ff1000fcff0c00faffdaff0c000c002200e4ff0e00ceff,f4ff02000c002c00f2ffe2ffdafffafff2fff2ff1600f8ff0c00caffccffccff,0e001e00f6ff0400eeffeeffd4fff4fff8ffd8ff0c00feffdeffdeffe6ffd6ff,eeffdefff8ff1600fcff0e000400e4ff9666869240c63266c6f434c85c4acef4
1000,1000,0,0a00fcff0000000010000000ecff0c002c00fafffeffeefff4ff0200feffdeff,12002200fafffafff2ff00001a000a0004000400c8ffe8ffeaff1c00dcffacff,0e00ccfff6ff14000000100014001400f8fff8fffeffeeffeeff00000600e6ff,deff00001600e8ffecff4000e4ffe4ffa4f50cc75049d0f6a8927a49d266d292
1001,1001,0,fcfffcff000010000000f2ff0c001c001c00faff1c001c0022003000fefffeff,e4ffe4ff0c00fafff2fff2fffaffeaffd2ff0400b8fff8ff0c00eaffecffccff,fcff2e00140022001000eefff4fff4ffbafff8fffefffeff1000eeffe6ff0600,deff3000540006000e003000f4ff2400c692ac498266b49376c6be66eef5c0c6
1002,1002,0,0a00fcff00000000e2fff2ff0c00fcfffaff0c000c000c00020002003e00feff,12001200eaffdaffd4ffe2ffdaff0a00240004000600d8ffeaffdaff0c00dcff,0e00ecff040004000000100014000400baff1600feffe0ffdeffeefff6ff3600,20001000bafff8ff1e00dcffd4ff24009cc6166730f7e0c53a49c6f6e292cc49
1003,1003,0,fcfffcffeeff1000100000001c00ecffdafffaff1c00eefff4fff4ff0e002e00,02001200eaff0c002e000000eafffafff2fff2ffc8ff26000c00faffecffdcff,dcffdcff1400140010000000e4ffd4ffd8ffcafffeff1c000000eeffd6ff1600,2000deffe8fff8ff0e00fcff140024005c49a0f6a493b0483e67989250c62267
1004,1004,0,1a001a00eeffdefff2ff10000c00ecfffaffdaff1c002a000200c6ff2e00feff,0200f4ffdafffaff0000e2ff0a00eaff24000400c8ffd8fffaff2c001c000c00,0e00dcffe6fff6ff000010003400240034003400fefffeff1000100006000600,00000000f8fff8fffcff1e004400e4ff3667f69232c5a26636f738c50c49bef6
1005,1005,0,fcfffcffeeff00001000e2fffcff0c00aafffaff0c002a00f4ff12002e000e00,02001200faff0c000000e2fffaff0a00e2fff2ff0600d8fffaff0c00ccff0c00,0e000e0004001400deffcefff4ffd4ff0600baffeefffeffdeffeeffe6ffd6ff,eeff00006400f8ffdcff30000400d4ff60f7e0c5fe479ef7d892f84832673e93
1006,1006,0,0a00fcff1000eeff000000001c000c00dafffaff0c000c0012000200feff1e00,1200e4ff0c00faffd4fff2ff0a00faffd2ff04000600f8ffeaff0c00fcfffcff,dcfffcfff6ff2200eeffeeff04000400e8ff3400feffeeff0000defff6ff1600,ceff10000600caff0e001e00d4ff1400f692cc4810678493a8c4ce67b6f730c5
1007,1007,0,0a000a0010002000f2fff2fffcffecffcaffdaffeeff0c0012000200feffeeff,d4fff4ff1c000c000000f2fffafffafff2ff040006000600fafffaffdcffecff,9cff8cfff6ff14000000cefff4fff4fff8fff8fffeff0c00deff000016000600,00000000f8ff06001e00ecffc4ff240050c576674ef892c4d44766f75e935248
1008,1008,0,fcfffcff0000eeffe2ff10002c00ecfffafffafff2feeeffd4ff22000e001e00,e4fff4ff0c00fafff2ffe2ff1a001a00040014000600d8ffcaff1c00fcffecff,dcff0e000400e6ffceff000004000400f8ff2600fefffeffceffeeff26002600,1000deffdaff16001e00dcff240034000c4856f834941e47ae67789320c5a267
1009,1009,0,fcfffcffeeffeeff1000d2ffecffdcfffafffaff0c002a00d4ff02002e000e00,f4fff4ff0c00faff3e00e2fffaff0a00f2ff140006002600eaff0c00ecffdcff,fcfffcff14001400eeffeefff4ff1400d8ffd8ff0c000c0000000000f6ff0600,0000000006001600dcff1e002400e4ffdc67269302c45067faf838c40248f6f7
1010,1010,0,1a00fcff0000000020001000dcff0c00faff0c001c00d0fff4fff4fffeff0e00,120012000c00fafff2ffe2ff0a00eaff0400f2ffe8ffe8fffaffeaff1c000c00,0e009cff22001400eeff0000f4ff0400e8fff8ffeeffeeff0000cefff6ffd6ff,deff20001600f8ffdcff40000400b4ffd8f82cc4be46b6f9f892b44632689e93
1011,1011,0,fcfffcffbeff10000000f2ff0c00fcfffafffaffeeff0c002200e4ff1e000e00,f4fff4fffafffaff000000000a00faff0400f2fff8ff36000c000c00fcff0c00,9cffdcff0400140010001000f4fff4fff8fff8ffd0fffeff10001000f6ff0600,ceff1000e8ffcaff1e000e00f4ff0400769326476067349466c3526898f9e8c3
1012,1012,0,1a00fcffeeffeeff1000f2ff0c00fcff0c00fafffeffd0ff020012003e000e00,e4ff02000c00faffe2ffd4ffeafffaff140014004600f8ffeaff2c00fcff0c00,9cff0e0014001400deff0000240004000600e8ffeeffd0ffdeffeeffe6ff0600,00001000e8fff8ff40000e00f4ff4400fcc32c684afa02c3b4461efade930247
1013,1013,0,0a000a00eeffeeff20000000fcfffcff1c000c00d4fe2a000200d4ff0e00ceff,e4ff12000c000c002e00e2fffaff0a00d2fff2ff6400f8ffcaffbaffecffdcff,ecff2e000400f6ff1000eeff04000400f8fff8fffeff0c0030002000e6fff6ff,eeff1000daff54000e00ecff14001400c646a8f974942046c268689368c34268
1014,1014,0,0a00fcff0000eeff000010000c00ecff0c00faffd0ffeefff4ff1200eeffeeff,1200e4ff1c00faffe2ffe2ffeaff0a00e2fff2ff3600e8ff2c00faff0c00fcff,ecfffcff140004000000eefff4ff0400d8fff8ffeeffeeffdeffeeff16000600,1000beff06000600fcff0e001400f4ff7c6886930ec200687efa16c22c4618fa
1015,1015,0,bcffecff000000001000f2ff0c00fcff0c00daff0c00eefff4fff4fffefffeff,f4ff02000c00faffe2ff00000a00faffb0fff2ffd8ffe8fffaff0c00dcff0c00,dcffdcffe6fff6ff20002000f4ffe4fff8ffe8ffe0fffeff0000200026002600,0000eeff6400dafffcff40000400040022fb40c242454afb98933446fc68ce93
1016,1016,0,ecffecff20001000e2fff2ffecfffcff1c001c000c00eefff4ff3000ceffceff,12002200faffdaffd4fff2fffafffaffc0ff1400d8fff8ffcafffafffcff0c00,0e00fcff04000400eeff100004001400d8ff06002a00eeffeeff0000f6ff0600,00004000f8ffcaff1e001e00e4ff6400d6938a455068949452c1c2684afb9cc2
1017,1017,0,0a00fcff00001000200000000c00fcfffafffafff2fef2fe020022001e000e00,e4fff4ff1c000c000000e2fffafffafff2ffd2fff8ff26000c000c001c00ecff,9cff0e0014001400200000000400f4ffcaffcafffefffeff10002000f6ffd6ff,3000eeffdaff16001e00dcffb4ff140086c1dc68bafb50c16445defa2e947045
1018,1018,0,fcfffcff1000eeff0000e2ffecffecffeaffeaff0c00f2fe1200f4ffdeff0e00,e4fff4ff0c00faff20000000faff0a000400f2ffe8ff1600faff1c001c00fcff,9cff0e00f6fff6ffeeff00000400f4ff0600f8ffd0ff2a0000003000d6ff0600,2000deffdaff1600fcffbaff24001400fa4452fbe494e244e2681a94ccc13c69
1019,1019,0,dcff0a00ceff00002000f2fffcfffcffeaffeaff1a014800020040002e00eeff,2200f4fffaff0c00e2ff2e001a000a001400f2ff1600f8ff1c001c000c002c00,8cfffcff1400f6ffeeff000004001400d8ffd8fffeffe0ff00000000f6ff0600,3000eefff8ff1600ecff30004400f4ff0c69d69330c0906870fc82c12045dafb
1020,1020,0,fcff0a001000eeff10004e001c001c00caffdaff4800fefff4ffc6ff2e00feff,120022000c00fafff2ff00001a000a00f2ff240036000600fafffaffecff1c00,fcff0e00140014000000100014001400d8ffe8fffeffeeffeeffeeffd6ffe6ff,eeff10004600cafffcff40000400d4fff4fcf6c0224428fd7a94d6436c696e94
1021,1021,0,fcffecff00000000f2ff0000fcff0c001c00daff0c000c00020002000e00feff,e4ffd4ffeaffeaffe2ff00000a00faff04000400f8ffb8ff0c001c00acffdcff,fcff0e000400f6ff0000eeff0400e4fff8ffd8ff1c000c00ceffdeff0600f6ff,eeff20000600caff0e001e00e4fff4ff4694f6437068249562c0426942fd2cc1
1022,1022,0,fcffecffeeffeeff0000f2ff0c001c00faffeaff0c00e0ff12001200deff2e00,f4ff12000c001c00d4fff2ffeaff0a00e2fff2ff260006000c000c00fcffccff,fcfffcff14000400100000000400f4ffd8ffe8ff0c00eeff0000eeff0600f6ff,eeff2000caff06003000ecfff4ff1400a6c04c6938fd90c07644a0fdc6941844
1023,1023,0,2a00fcffeeff10002000f2ff0c00fcff1c001c001c00f2fef4ff12000e000e00,3000f4fffaff1c00f2fff2ff0a001a000400f2ff36003600eaff1c001c001c00,fcfffcff0400f6ffceff10001400340006000600fefffeff000020001600f6ff,6800eeffdaff46001e000e0024001400f64354fd6495124482697a94fcc04c69
1024,1024,0,ecfffcffeeffdeff200000000c000c000c00faffeeffeeffc6ffe4ff2e00eeff,020022001c000c00f2ffd4ffcaffeafff2fff2ff0600e8ff0c000c001c00fcff,9cff0e0014002200eeffceffe4ff0400d8fff8fffefffeff1000eefff6fff6ff,1000eeff0600e8ffecff1e00140004007c69949462bff26860fe7ebfb843d2fd
1025,1025,0,ecffecff00000000f2fff2ff0c00fcff0c000c00fefffeff02000200fefffeff,f4fff4ffeafffaff2000e2ff1a00faffd2ffd2ff160054000c002c00ccffecff,fcffacff140014000000eeff04000400e8ffe8fffeff1c0010000000f6fff6ff,beff00004600caffecff40002400c4ff70fee6bfb442a6feca946443dc69f694
1026,1026,0,fcfffcffeeff0000f2ffd2ffecff1c00fafffaffeeff3c0102001200fefffeff,f4fff4fffaff0c002e00d4ff0a00faff14000400360006000c000c00ecfffcff,bcff9cff1400140030003000f4ff0400e8ffd8ffe0ffe0ffdeff1000f6ff1600,deff10001600baff1e000e00a4ff2400b4948242c669a4950ebf266a62fe6abf
1027,1027,0,2a000a00ceff0000100010001c00fcfffafffaffe2fe1c00e4ff12000e001e00,1200d4fffaffdaffe2ffd4ff0a000a000400f2ffe8ff26000c002c00dcfffcff,0e002e0004000400eeff000024000400baff06000c00eeffeeffeeff0600f6ff,68002000dafff8fffcffdcffb4ff3400d0be186a26ffc2be744270fe46950843
1028,1028,0,0a00fcff00000000e2ff1000dcff0c002c003c00feffe2fee4ff1200eeff0e00,e4ff02000c00eaff3e00e2ff0a000a00f2ff140036001600eaffeaffecff2c00,dcff2e00140004000000eeff04001400f8ffd8ff0c001c00eeffdefff6ff1600,2000ceffcaff46001e00ecffe4ffe4ff224240ffb4955442466a5a952abf2c6a
1029,1029,0,ecff2a001000eefff2fff2ffecfffcffeafffafffeffeeff02000200eeff1e00,f4fff4ff0c00faff2e00f2fffaff1a001400e2ff060006000c00faffecffccff,dcfffcff140014002000eeff0400f4ffd8ffd8ffeeff0c000000eefff6fff6ff,1000eefff8ff0600dcff30002400e4ff386a7295f4bdf66900ffcebe3c423aff
1030,1030,0,0a00fcffeeffeeff0000f2fffcff0c00dafffaffcefffefff4ffe4ff0e00feff,0200e4fffaff0c002e0020000a00eaff04000400e8ff06000c000c00dcff0c00,1e00ecfff6ff14000000deff04000400f8fff8ff0c000c00ceff000036000600,eeffdeff1600baffdcff40001400e4ff480070be8e4144003a9530412c6a5695
1031,1031,0,1a00ecffceff0000e2ff00000c000c002c00faff0c00eefff4ff02000e000e00,2200e4ff1c00eaffd4ffe2fffaff0a0004001400e8ffc8ff0c00fafffcff0c00,fcff0e00e6ff14001000000004000400e8ffcaff0c00feffbeffdeff06000600,deff30000600bafffcff1e0014002400c2952841f66904966ebd466a7c00f2bd
1032,1032,0,fcfffcff100000000000f2fffcffdcfffaff0c00feff2c01f4fff4ff1e000e00,f4ff12000c00faff0000f2ff0a000a0004000400e8ff16002c000c00ecffecff,fcff0e00f6fff6ff00000000f4ffd4fff8ffd8fffeff0c002000deff16001600,00001000160016000e00fcffe4ff0400a4bd786ad40044bd10410601a6957c41
1033,1033,0,ecfffcff00000000f2ff2000fcfffcfffafffaff0c00eeff400012000e00feff,f4ff22000c00eaff200020000a001a000400f2fff8ff1600faff0c00dcff1c00,1e001e00f6fff6ff1000000004000400e8ffd8ffeeff0c000000deff16002600,1000ceffcaff46003000dcffe4ff2400d840780014960e41866a2a95b2bd7c6a
1034,1034,0,fcfffcffeeffdeff100010000c000c00faff2c00e2feeeff120022000e00feff,1200f4ff1c000c003e00e2fffaff0a001400f2ff160006003c000c00fcff1c00,0e002e001400e6ffdeffeeff04000400d8ffe8ffe0fffeffceffeeff06001600,0000defff8ff1600fcff40000400d4ff786a3e9644bd366a16019ebca240fc00
1035,1035,0,fcfffcff10000000000010000c001c001c001c000c00e2fe0200e4fffeffeeff,12000200faffdaffe2fff2fffaff0a0024000400c8ff06002c000c00dcffecff,fcffdcff040004000000eefff4ffd4fff8ff26000c00eeffeeff0000f6fff6ff,000000005400daffdcff1e000400f4ff780124bd6040a401aa95e040bc6ae695
1036,1036,0,ecff0a0000001000000000000c001c000c000c000c00f2fe220012000e000e00,0200f4fffaff0c00e2ff2000fafffafff2ffe2ffe8ff1600faffeaffccff0c00,acff8cff1400040010001000f4ff0400e8ffd8ff1c000c000000100006002600,eeff30000600e8ff1e000e00e4fff4ff6e963840666a62965ebc066cac0142bd
1037,1037,0,ecfffcff0000200020001000ecffdcfffafffaff1c001c0012003000feffdeff,0200f4ff1c00faffe2ffe2ff0a00eafff2fff2ff260046000c00faffecff2c00,8cfffcff1400f6ff1000eeff04000400260006000c00feff00000000f6ff3600,00003000baff06004000dcffb4ff0400b4bce86ab80226bc8c3f96014696ea3f
1038,1038,0,fcff0a000000ceff00001000fcfffcfffaff0c00eeffeeff1200f4ff3e000e00,12000200eaff0c00d4ffe2ff0a000a000400040026000600fafffaffdcff0c00,0e000e00f6fff6ff0000eeff0400f4ff2600f8fffeffeeffeeff000006000600,5800eeffdaff06000e00caff24000400423f9202d096123f066cfa952abc386b
1039,1039,0,0a000a0000000000e2fff2ff0c000c00faff0c00eeffeefff4fff4ffdeff1e00,020012001c00faffe2ffe2ffeaff0a00d2ff1400160026000c00fafffcffdcff,fcff1e002200f6ffeeff0000a4ff0400cafff8fffeff0c00deffceff06002600,100000001600f8ffcaff0e001400f4fff86aa096e6bbd66aca02eebb4a3f1803
1040,1040,0,0a00ecff00001000e2ff4e000c00fcffcaff2c000c00eeff4000f4ff0e00eeff,1200e4ffeafffaffe2fff2ff0a00faff0400e2fff8ff46001c002c00ecffdcff,ecffdcfff6ff04002000100014002400d8ffd8ffeeff0c00000010000600e6ff,eeff10005400daff0e003000f4ffb4ff320350bb923e36039a967c3e986b6696
1041,1041,0,fcff0a00eeff00004e001000ecff0c00dafffaff0c00eeff3000f4ff0e00feff,f4ff1200faff0c0010002e000a00eaff1400e2ffe8ffe8ff1c002c00ecff0c00,9cffdcff04003200eeffeeff14000400f8ffe8fffeff1c00deff10001600e6ff,eeff2000f8ffbaff1e001e00d4ff2400f096f23ea66a6097ecbac66b98035abb
1042,1042,0,fcffecff1000eeff00000000fcfffcff0c00dafffeffceff020040001e000e00,1200f4ffeaff1c000000e2fffafffafff2ffe2ff460026001c000c00fcff0c00,0e000e00f6ffe6ffdeff1000f4ff0400f8ff1600eefffeff0000deff1600f6ff,10000000daff06001e00ecfff4ff1400c0ba586b260436bb7c3eac04c696723e
1043,1043,0,ecffecff20001000f2ff0000fcff0c00faff1c00feff1c0122002200feffdeff,e4ff02000c000c003e00e2ff1a00faffe2ff040026001600eaff0c00dcff3c00,dcff2e0014001400eeffdeff04000400e8ffcaff2a000c001000eeff1600f6ff,1000000016001600fcffcaff04000400623ef2036097623e166cba96f8bab86b
1044,1044,0,dcffecff1000eeff00002000fcffdcffdaffdaffeeffdefff4ff4000feff1e00,120002002c000c002e00f2ff0a00eaffd2fff2fff8fff8ff0c00faffecffccff,dcfffcff0400220010000000f4ff0400d8ffcaffeeffeeff00000000e6fff6ff,1000deff0600f8ff1e001e000400b4ff686b2097c6ba066bdc0498b9023e2804
1045,1045,0,ecffecff000010002000f2ffdcfffcffbafffaff1c00ceff0200e4ffceff2e00,1200e4fffaffeafff2ffe2ff1a00faff2400f2ff060036000c000c00dcffecff,9cff1e00040014000000100014000400d8ffd8ff0c000c00eeff00000600f6ff,000010001600bafffcff5000f4fff4ff780510baa43da6040a971c3ed86b2e97
1046,1046,0,0a00fcffeeffeefff2ff0000ecfffcff1c000c00eeffeeff0200f4ff1e002e00,1200f4ff2c00faff0000f2ffeaff0a00f2fff2ffc8ff3600faff1c00ecfffcff,ecfffcffe6ff0400deffeeff04000400f8fff8ff2a001c00deffdeffd6ff1600,deff3000e8ffe8ff1e001e001400f4ff7097263d566bd097c8b9566cd00528ba
1047,1047,0,fcff1a00eeff0000e2ffe2ff1c00ecfffaff0c00e2fefeff1200f4ffcefffeff,120012001c000c00e2ff00001a000a000400f2fff8ff0600faffeaffecff2c00,9cff0e00220014000000eeff0400f4ffe8ffe8fffefffeffeeffdeffe6ff0600,00002000f8fff8ff3000ecffc4ff440066b9986be40540babc3cfc044e97623d
1048,1048,0,1a000a000000100020002000dcffecfffafffaff2c00eeff5e0012003e000e00,f4ffe4ff0c002c002e004c00faffeafff2ffd2ff160026000c002c00ccffccff,fcfffcff0400140010000000d4fff4ffaaffd8fffeff0c00000000002600d6ff,0000deffdaff64003000fcff0400f4ffc63cd406f097f63cb66cca9738b9286c
1049,1049,0,fcfffcffeeffeeff000020000c000c000c000c00fefffeff0200d4ff0e000e00,e4ffe4fffafffafff2ff2e000a001a001400d2ffd8ffe8ff0c000c00fcff0c00,1e00dcff2200f6ffeeffeeff140014002600f8fffeff0c00ceff200006000600,3000defff8ff0600ecff1e002400e4ff7a6ca09732b9566b9c0618b9a23cd806
1050,1050,0,ecff0a001000eeff200000000c000c000c000c00feffdeff02000200eeff0e00,f4ff0200eaff0c00d4ff0000fafffaffd2ff0400f8ff1600eafffafffcff0c00,0e000e00f6ff0400deff100004001400f8fff8fffefffeffeeffeefff6ff0600,eeff00001600dafffcff30001400b4ff4407b6b8563cf4051e981c3c386cde97
1051,1051,0,dcffdcff20001000f2ff1000fcfffcffdaff0c001c01feffe4ff2200fefffeff,120002000c00faffd4ff2e00eafffaffe2ff04001600c8ff0c002c00ccfffcff,ecfffcff0400f6ff0000eeff04001400f8fff8ff66000c00deff1000e6ff0600,deff30001600caff1e000e00c4fff4ff4698003c366c209868b8966c9007a8b8
1052,1052,0,ecffbcffeeff000020002000fcfffcffcaffdaff0c001c0002001200eeffdeff,f4ffd4ff0c001c00f2ffe2fffaffeaffe2ffe2ff160026000c000c00ccffecff,0e00fcfff6fff6ffeeffceff0400f4ff340016000c00eeff00000000e6fff6ff,deff3000daff54003000ecffe4ff1400a0b7ba6c92072ab83a3b0e08ee973a3b
1053,1053,0,fcfffcffeeffdefff2ff3000fcffecfffafffaffeeffceff020002000e000e00,e4ff1200faffeaff2e002e001a002a0024002400c8ffc8ffcaff0c001c000c00,dcffecff0400f6ffeeffeefff4ff1400f8ff2600fefffeffceff10000600f6ff,6800deffacfff8ff0e00fcff04001400c23a0c089098963b366dba9706b8c06c
1054,1054,0,1a00fcff0000ceff00001000dcfffcff0c000c00fefffeffe4ffe4fffeffdeff,0200e4ff1c000c002e00d4ffeafffaff0400f2ff36000600faffeafffcffecff,0e00fcff040004000000deff14000400e8ff16000c000c00ceffdefff6ff0600,2000ceffdaff0600dcfffcff0400c4ffca6c66980ab8f66b5e0834b7be3ab208
1055,1055,0,2a002a00000010000000c2ffecff1c000c00fafffeffceffd4fff4ff2e000e00,f4fff4ff0c00faffe2ffc4fffaff0a001400f2ff5400e8ffeaff0c00fcff1c00,1e00ecff04001400eeffdeff14000400aaffd8ff0c00eeffeeffceff0600e6ff,100010000600daffdcff1e00e4ffe4ffac0890b7a83a52085e984a3bd06cc098
1056,1056,0,fcfffcffdeff10004e0010000c00fcfffaffbaff0c00eeffe4ff12002e00deff,e4fff4ff1c00faff3e00f2fffaffeaffe2ff1400260016000c00faffdcfffcff,dcfffcffe6fff6ff1000eeffd4fff4ffd8ffcaff0c001c00eeffdeffe6fff6ff,ceff20002400e8fffcff1e00f4fff4ffa698a839566c0099e4b6f66c820986b7
1057,1057,0,1a00fcff0000ceff000000001c001c00eafffaff0c00eefff4ff0200fefffeff,f4ff1200faffeaffd4fff2fffaff0a00f2ff0400f8ff0600eaff0c00fcff2c00,2e000e00f6fff6ffeeff100014000400e8ffbafffeffeeffdeffeeff3600f6ff,0000eeffdaff06001e00fcfff4ff2400f0b60a6de0081ab79639fe080099f839
1058,1058,0,fcfffcff100010000000f2ffecffdcfffaff0c002c000c00e4ff0200feff0e00,f4ffe4fffaffdaffe2ffd4ffdaffeaffd2fff2ff160036000c000c00fcff1c00,acfffcff04001400deffeeff0400e4fff8ffcaff2a001c00eeff1000f6ff0600,1000eeffcaff16000e00aaffe4fff4ff38397c090099e839266dce984eb6106d
1059,1059,0,2a000a00100000001000f2fffcfffcff0c001c00e2fe2c001200f4ffcefffeff,0200e4ff0c00faff3e0000000a000a000400d2ff46003600faff1c00fcff1c00,ecff2e00220004000000000004001400d8fff8fffefffeffdeffdeffd6ff1600,3000eeff1600f8ffecff0e000400b4ff1a6d0699cab6666c8e09b2b65839f209
1060,1060,0,fcfffcff00000000f2fff2ffecffecffdaff1c00eefffeffe4fff4ffeeff0e00,0200e4ff0c00eaff3e00e2fffaffcaff0400040036004600faffeaffacfffcff,ecfffcffe6ff1400eeff1000f4ff0400e8ffe8ffeeff1c00deff1000f6fff6ff,eeffeeff6400f8ff0e0030002400d4ff960a60b672392009de98b638106df098
1061,1061,0,2a00ecffeeff0000f2ff20002c000c00fafffaff0c00eefff4ff12004e000e00,f4fff4fffaffdafff2ffd4ff0a000a00f2fff2ff36001600fafffaff2c00dcff,0e00fcff04000400acff0000f4fff4ffcaffe8ffeeffe0ff0000eeff36002600,100030001600caff0e004000e4ff04008699a838466c4e9992b5766db20afeb5
1062,1062,0,fcff1a00eeff00001000f2fffcfffcffeafffaffeeffdeff12001200eeffeeff,f4ff30001c001c0000000000dafffafff2ff1400260006000c00daff1c00fcff,fcfffcff04001400000000000400e4fff8fff8ffeeff1c0000000000f6ff1600,eeff6800e8fff8ff1e00dcfff4ff240094b56a6dc80aaab63638920b5099b838
1063,1063,0,0a000a000000eeff10000000fcfffcfffaff0c002c00deff02000200feffeeff,1200f4fffaff1c00f2ff2e00eafffaff0400f2ff060054000c002c00fcff0c00,1e000e00f6ff04001000ceff0400e4fff8ffcafffeffeeffdeff10000600f6ff,5800deffdaff1600fcfffcff140014002838260bbe99d238766dee986eb5306d
1064,1064,0,ecff0a000000000010002000fcfffcffdaffdaffdefffeff12000200ceffdeff,0200f4ff0c000c003e0000000a00faff0400e2fff8ff06002c000c00ecffdcff,0e00ecff140014001000eeff2400e4ff0600d8ffe0fffeffeeff2000f6ffc6ff,0000eeff16001600fcff0e001400a4ff7a6d46993eb5b46c520bb2b4a637960b
1065,1065,0,ecfffcffdeff0000f2ff20000c000c002c001c00feffeefff4ff22001e000e00,020012000c000c000000e2ff0a000a0004001400d8ffe8ff1c000c000c00ecff,fcff0e0014000400000010000400f4ffe8fff8ffeeffeeffeeffdeff16000600,eeff10000600caffdcff1e002400d4ff0e0c44b50c38080b5e995638806da099
1066,1066,0,0a00fcff000010000000e2ff1c000c00fafffaff2c000c0002000200feffeeff,d4ff12000c000c00f2ff1000faff1a00040004001600f8ffeafffaff2c001c00,fcfffcff140004001000deff040004000600d8fffeffeeffceffeeffe6ffe6ff,eeff30001600baff1e000e00d4ff0400d6995237d46c3e9a82b4086e260c2eb5
1067,1067,0,fcfffcff20000000e2fff2ff0c001c00faffeaff0c000c0002002200eefffeff,12000200eaff0c00100020000a00fafff2fff2ff260016000c000c00fcffccff,dcff0e002200140000000000f4fff4fff8ff26000c00feff000010000600d6ff,00000000daff06003000fcffb4ff3400b6b39a6de60beeb4f236f40b009af636
1068,1068,0,2a000a0000000000f2fff2ffecffecff1c000c002c002c0002001200feffeeff,f4ff0200fafffaff0000e2fffaff0a001400e2ff0600f8fffaff1c001c00fcff,1e00dcff22000400eeff00001400f4ffd8ffaafffeffeeff20000000f6ff0600,2000deffacff06003000fcff3400f4ff5236120d0e9a8e37086e629ad0b3a06d
1069,1069,0,0a00fcff20002000f2ff3000fcff1c00dafffafffeff0c00300012002e00eeff,f4ff0200faff0c00e2ff00000a000a001400e2ff060006001c001c00ecfffcff,dcff0e00140014000000100004001400e8ffe8fffeff0c00eeffceffe6fff6ff,1000eefff8fff8ffdcff1e0014000400266e709a5eb4146da20d42b42e36ae0d
1070,1070,0,0a001a00eeff000020000000ecff0c00eafffaff2c00feff0200f4fffeffeeff,e4ff12000c000c00f2ffe2fffaff1a00f2ff24002600f8fffaff0c00ecff1c00,fcfffcff1400e6ff0000defff4ff1400d8ff06001c000c00deffeeff0600e6ff,000010005400daffbaff1e000400e4ff1e0e16b3bc36b40f929a0236f06d709a
1071,1071,0,fcffbcffeeff000010000000ecfffcfffaffcaff0c000c002200e4ffdeffceff,f4ffe4ffeaff0c0000000000faffeafff2ff3600260036000c001c00fcff9cff,9cff8cff0400f6ff0000cefff4ff1400d8ffe8fffeff0c00eeff2000f6ff2600,beff48001600e8fffcff1e00f4ff1400509a4236346d8e9a10b3e86df20da0b3
1072,1072,0,fcff1a00eeff00000000f2ff0c00fcff0c000c00fefffeff120002000e00feff,02000200eaff0c00f2ff3e000a00eaffe2ff1400d8fff8ffeaff1c00ecffdcff,0e001e00e6ffe6ff00000000f4ff04003400caff0c00eeff2000eeff0600f6ff,0000eefff8fff8ff1e00ecffc4ff1400c6b2266e4410ceb35236920e609aae35
1073,1073,0,0a00fcffdeff0000e2ff2000ecff0c00fafffaffeeff0c000200e4ffeeffeeff,f4ff1200eafffaffe2ff2e00eafffaffe2ffe2ff160026000c00cafffcfffcff,ecff2e00f6ff04001000deff140014000600d8ff0c00eeff30000000e6fff6ff,1000deffcafff8ff1e00fcff240014005635ce0e7c9bbe35186e929ae4b2f06d
1074,1074,0,fcff1a00200000000000f2ff1c000c00fafffaffeeffdeff2200f4ffdeffeeff,020002000c000c00e2ffc4ff0a000a00040014000600e8ff0c00eaff0c00fcff,9cff0e0004001400deff0000e4fff4fff8ffd8ff0c001c00ceffeefff6ff0600,3000eefff8ff1600ecff300044001400366ef09a70b3246d120facb12e35380f
1075,1075,0,1a00fcff0000100020002000ecff0c00faff0c00feffeeff0200f4fffefffeff,e4ffe4fffaff1c002000f2ff1a00fafff2ff1400f8ffe8fffaffeaffccff1c00,1e00fcfff6ff140000000000f4ff0400d8ffd8fffeff0c00ceffeefff6fff6ff,eeff00004600e8fffcff300014000400700f46b2c034da10c29ac235306ed09a
1076,1076,0,0a001a001000200010001000fcfffcff0c00daff0c00e2fe02001200deff0e00,0200d4fffafffaff2e00f2fffaff0a0004000400e8ffc8ff0c003c00ccff0c00,ecff0e00040004000000000004000400caffbafffefffeffdeffeefff6fff6ff,beff1000f8ffcaffecff0e00f4ff1400209b7434446dac9b50b2686ed80f54b2
1077,1077,0,0a001a00deff00002000f2fffcfffcff1c00caffeeffeeff1200e4ff1e00eeff,f4ff02000c00faffd4ffe2fffaff0a00d2ff04002600e8ff0c00faff0c001c00,1e000e0004001400eeffeeff24000400f8fff8ffe0ff0c000000eeff06000600,00001000f8ff16001e001e00c4fff4ff5cb1666e6a1134b00234720f709bf633
1078,1078,0,0a00fcff20001000e2ff0000ecff1c00eafffaff1c000c0012000200deffeeff,e4ff1200faffdafff2ffe2fffafffaff14001400360016000c00eaffecffecff,fcff2e00040004000000eefff4fff4ffe8ffd8fffeffe0ff00000000d6fff6ff,1000eeffe8ff06001e00fcff14000400f8326610dc9be033a86e149cd4b1606e
1079,1079,0,0a00ecff0000ceff00001000ecffecfffaffcaffeeff2c002200f4fffeffeeff,1200f4fffaff0c000000e2fffafffaff0400e2ff0600e8ffcaffeaffecfffcff,dcfffcff0400f6ff10000000d4fff4ff2600baffeefffeff00000000f6ff0600,1000deff16000600fcfffcffe4ffd4ff866e909b14b0646dc6109cb136336810
1080,1080,0,0a000a000000eefff2ff0000fcff0c00fafffaff1c01eeff0200e4ffceff0e00,f4ff02002c00fafff2fff2ffeaff1a00e2ff2400b8ff0600faff1c00fcff0c00,0e00fcff1400f6ff0000100004000400e8fff8ffeeff0c0000003000e6ff1600,eeff0000f8fff8fffcff1e00e4ffc4ff5611ecb06033fe12e49bf032906e909b
1081,1081,0,fcfffcff00000000f2fff2ff0c00fcff0c00baffeeff1c0040000200eeffeeff,f4ff02000c00fafff2ff2e00eafffaffe2ffe2ff3600e8fffaffeaff1c000c00,1e009cff04001400100000003400f4ffd8ffe8ffeefffeffeeffceff1600f6ff,ceff00000600daff1e000e00f4fff4ff109c38323a6e6a9cecb0a86e721134b1
1082,1082,0,0a00fcffeeff1000200000000c000c00fafffaff1c00f2fef4ff0200feffeeff,120002002c001c000000f2ffeaff4a00140004003600d8ff1c00eaffecffdcff,0e001e0014000400eeffeeff14002400e8ffe8ff0c000c00eeff000006001600,00001000e8ffe8fffcffecffe4ff24006cb0d66e5e1374afa032a611729c9a32
1083,1083,0,ecff0a0020001000f2ffd2ff0c00dcfffaff0c001c000c00f4ff0200eeffdeff,e4ffe4ff1c00faff3e002e00faff0a00f2ffe2fff8ff26000c00eafffcffecff,0e008cfff6fff6ffeeffeeff1400f4fff8ffd8ff0c000c002000100006001600,2000eeffcaff54000e00ecff24001400ae3130127a9c2033986e649c7ab0706e
1084,1084,0,0a001a001000ceffe2ff1000fcfffcff0c000c00deffeeff02001200eeff0e00,e4ff02001c002c00f2ffd4ffeaff6a0004003600f8fff8ff2c002c00ecff0c00,0e000e001400f6ff0000000024000400d8fff8ff1c00eeffeeffdefff6fff6ff,6800ceffe8ff64000e001e002400f4ff966e5e9c24afa46d2a12c8afea319212
1085,1085,0,fcff1a00100000004e001000ecffdcff1c000c00eeff0c00e4ff0200defffeff,f4ffe4ffeaff1c003e00f2ff0a00faff1400d2ff2600e8ff0c002c000c00ecff,2e009cff140004001000eeff14001400e8fff8ff0c00eeff0000eeff0600d6ff,eeffeeff1600f8fffcff30002400e4ffe0121cb010324e14a49c6032c86eb29c
1086,1086,0,ecff0a0000001000f2ffe2fffcff0c00fafffaff0c00eeffc6ffe4ff0e000e00,2200f4ff0c00faff0000f2ff0a004a001400f2ff06000600faffeafffcfffcff,fcfffcff0400f6ffceffeeff14002400d8ff0600feff0c00eeff1000e6ff0600,000010004600caff0e001e0004001400729d2e31a46d1a9d88af186fae131ab0
1087,1087,0,fcfffcff0000000000000000fcff1c00fafffaffeeffe2fe02000200feff3e00,1200f4fffaff0c0020003e00eafffafff2fff2ffe8ffd8ff0c00eafffcff1c00,fcfffcff040004003000eeff1400f4fff8ffe8fffefffeffdeffdeff06001600,00002000e8fff8ff1e00ecffc4ff240056afb66e4c1556ae1c318a120a9d1431
1088,1088,0,0a001a0010001000f2ff1000fcff0c000c00daff4c01fefff4ff4000feff1e00,02000200fafffaff3e00c4ff4a000a0014002400e8fff8fffaffeaffecff0c00,fcff0e00220014000000eeff1400d4ffe8ffcaffeeff0c0010000000f6ff0600,1000deffcaff46003000ecfff4ff3400ae30a013ba9d3c31386f349d10afb86e
1089,1089,0,ecfffcffeeff0000f2ff1000ecffecffdafffaff1c00feffd4ff0200eeffdeff,f4ff02000c000c00f2ff10001a00eafff2ff1400d8ff06000c000c00ecff0c00,0e009cff04000400100010001400f4ff3400f8fffeff0c000000ceff16000600,0000defff8ff06000e00300014000400e66e729df6ad6a6e081428af8a302e14
1090,1090,0,0a00ecffeeff0000f2ff0000ecff0c00faff0c000c002c0012000200eefffeff,12001200fafffafff2ff1000faff4a0004000400f8fff8fffafffafffcffecff,fcff0e00040004000000ceff040014000600e8ffeeff0c00deff000006000600,deff00001600bafffcff1e0014000400bc14b6aefc309c15149db82f426faa9d
1091,1091,0,0a001a0010002000000000000c001c00faff1c000c002c00f4ff0200deffeeff,020022000c000c001000f2ff0a001a00f2ff040016002600faff0c00fcfffcff,dcff0e0032000400eeff0000f4ff0400f8ff0600fefffeffeeffeeff0600e6ff,ceff20000600daff1e000e0004004400509e1e30f26d0a9e78aef86e361588ae
1092,1092,0,fcff2a0010001000100010001c002c000c00caffe2fe0c001200f4fffeffeeff,020012001c002c00f2ffe2ff4a000a00460024000600f8ff1c00eafffcff0c00,fcffdcff2200140000001000f4fff4ffd8ffe8ff0c00eeff1000deff16002600,00001000dafff8ff50000e000400f4ff46ae266f4a1618ad182fa8160a9e7a2f
1093,1093,0,fcff0a000000200010002000fcff0c00faffeaffeeff2c00d4ffd4ff0e00deff,f4ffe4fffaffeafff2ff3e000a00faffe2ff0400d8ffe8ffdaff0c00fcffccff,9cffdcff04000400eeff0000a4ff0400f8fff8fffeff0c001000000006000600,2000deffbaff64001e00fcff14000400d82e5c152a9e2630686fa89e28ae226f
1094,1094,0,ecff0a00100000000000f2ff0c000c00aafffaff0c00eeff1200e4ff0e00feff,020012002c00faffd4ffe2ff0a001a0036000400e8ff0600faff0c00dcff0c00,fcff0e0014000400100030001400340006002600e0fffeffeeffdeff36000600,1000eeffe8ff0600ecff0e004400f4ff066f909e98ac226e6816f8add02eb615
1095,1095,0,fcfffcff1000200010000000fcffdcffeaff0c001c000c00020002001e000e00,02000200faff1c00f2fff2ff1a000a00e2ff14002600f8fffafffaffdcffecff,0e008cff14002200eeff000014000400caffe8fffefffeffeeffdeff0600f6ff,eeff10006400dafffcff1e000400d4fffa16caad762f2a17f89e842e426f7a9e
1096,1096,0,0a00fcff0000deff10000000ecfffcff0c00eaffceffeefff4fff4ffeeff0e00,120002000c00eaffe2ffd4ff0a000a000400f2ff160016000c001c004c00ecff,0e00dcff140004001000defff4ff0400caffe8ffeeff0c000000100016000600,ceff10000600caff1e001e00f4ffe4ffb09e382e8a6ee89e48ad286f0e1768ad
1097,1097,0,ecffdcffeeff100020001000fcffecffdaff1c00fefffeff0200e4ffeeffeeff,e4ff02001c001c00f2ff0000eaff0a000400e2ff26000600faff0c00ecfffcff,0e00fcff1400140020002000f4fff4ffd8ffd8ffeefffeff1000000016001600,00001000daffe8ff3000fcffe4ff24003aad266f881778abd42de816ba9e782d
1098,1098,0,0a00fcffdeffeefff2fff2fffcff0c000c000c000c00deffe4fff4ff2e002e00,020012000c00eaffe2ff2e005a006a001400f2ff36002600faff0c000c001c00,1e00ecfff6ff04000000eeff04001400f8ffcaff0c00feffceffeeff26003600,6800deffdaff16001e00ecfff4ff24008c2d3a179a9ef62e486f1ca018ada26f
1099,1099,0,fcff2a00100020000000d2ffecfffcffeaff0c000c00ceffd4ffe4ffeeff0e00,120012001c001c003e00e2fffafffaff140004003600f8ff0c00faffecff0c00,2e009cff140014001000defff4ffe4fff8fff8ff2a000c000000000006000600,5800deff16001600ecff1e00e4ffc4ff566f909fc8abea6e7817f8acc82c5e17
1100,1100,0,0a00fcff00000000200020001c00fcff2c00faffe2fee2fee4ff0200deff2e00,0200f4ff0c000c00d4ffe2fffaff1a001400f2ff1600e8ff0c002c00fcfffcff,0e007cff04002200000000001400f4ffd8ffcafffeff1c00eeffdeff26000600,deffdeff6400f8ffecff30003400f4ff1018b8ac482e78183ca0342c826f529f
1101,1101,0,ecfffcff000010002000e2ffecfffcffdaffdaff1c002c001200f4ffeefffeff,0200f4ff1c000c00f2ff2e00eafffaffd2fff2ff0600e8ff1c000c00ccffdcff,fcff0e0004003200eeff0000f4ffe4ffd8ffd8ff0c00feffceff10000600f6ff,deff20001600caff1e004000d4fff4ff809f9a2c9a6e969fe8ac486fa01830ac
1102,1102,0,1a00fcff0000eefff2fff2ff0c00fcff0c000c00e2fee2fef4ff02000e000e00,120030001c000c002e0000001a00eaff0400f2ffe8ff26002c00faff0c00ecff,fcfffcff22001400deffdeff04003400d8fff8fffeffe0ffeeffeefff6ff1600,00001000dafff8ff3000fcfff4ff2400a8ac766f3019e2aa442cfc18f29f502c
1103,1103,0,fcff1a00000010000000f2ffecffecff0c000c00eeffeeff3000e4ffdeff0e00,120022002c000c00f2ffd4fffaff0a00e2ff1400060016000c00eaffbcff0c00,9cff1e0014002200deff00000400f4fff8ffd8ff1c002a000000eefff6ff1600,1000eeffdaff64003000dcff0400e4ff862bc01826a0e82d486f3ca090abb26f
1104,1104,0,fcfffcff10001000f2ff10001c000c00daff2c00eeff0c00f4ff12000e00feff,d4ff1200faff1c00e2fff2fffafffafff2ffd2fff8ffe8ffeafffafffcfffcff,fcfffcff140004000000100024000400caffd8fffeffeeff00001000f6ff1600,3000ceffe8ff16000e000e004400f4ff366f46a002aa4a6f5c1978ab602b5019
1105,1105,0,fcffecff0000eeff10001000fcff0c000c000c00deff1c00e4ff3000fefffeff,02001200eaff1c003e00f2ff1a00faffe2ffd2ff260006000c001c00ecffccff,1e00fcffe6ff14000000000014002400e8fff8ffeeff1c00eeff00000600f6ff,0000eeff0600f8fffcff3000340004000a1a14ab882dc41afca0e42bc26f22a0
1106,1106,0,2a001a0020000000e2fff2ff0c000c00fafffaffeeffc2fec6ffe4fffefffeff,12001200fafffaffd4ffb6fffaff1a00040014002600b8ff1c00caff0c001c00,dcff0e001400f6ff00000000f4ff04002600f8ff1c000c000000deff26000600,eeff68000600baff0e00400014002400a6a0be2aca6e16a0a8ab886f701a40ab
1107,1107,0,ecfffcff1000100010001000fcfffcffcafffafffeffe2fe020012000e00feff,12001200faff4c000000c4ffeafffaff0400f2ff1600f8ff0c000c00ecff1c00,ecffdcff140004001000ceff04000400e8ffe8ffeeff2a0020000000e6ffe6ff,deff3000060016001e00ecffc4ff140074aacc6f641b92a9142aac1962a0942a
1108,1108,0,fcfffcff20000000f2ff10001c00fcfffaff0c001c002c00c6fff4ff3e002e00,02000200faff1c00f2ffe2fffaff1a00f2fff2ff460016000c00eaffdcffdcff,dcfffcff14000400eeff00002400a4ffe8ff06001c00feff1000eefff6fff6ff,2000deffcaff16004000ecfff4ffe4ff64299a1a56a0882da86faca184aaa26f
1109,1109,0,ecfffcff0000eeff100020000c00fcff0c00eaffdeffeeff02000200eeff2e00,1200f4ffeaff0c004c00e2ff0a00eafff2ff1400f8ff64000c000c001c00fcff,0e00fcff040004001000100024000400f8fff8fffeffe0ff2000000026000600,0000eefff8fff8ff0e001e004400e4ffbc6fd6a002a91a6f001bd8abe429801a
1110,1110,0,fcff1a00eeff0000f2fff2ff0c000c00fafffaff1c001c00e4ffe4ff0e002e00,220012001c00daffd4ffd4ff0a000a0024001400e8ffe8ffeaff2c000c002c00,0e00fcff1400f6ff0000eeffe4ff040026000600eeffeeffeeffeeff16002600,eeff30000600baffbafffcff240024000a1b34aace28741b7ca1e028c26f44a1
1111,1111,0,0a00ecff00000000100020000c001c001c000c00ceffeeff3000f4ff4e000e00,d4ff1200eaff2c00e2fff2fffaff1a00f2fff2ff060016002c00faff1c00fcff,0e000e0014001400eeff00001400f4ffd8fff8fffeff0c00deff0000d6fff6ff,ceff3000f8fff8ff1e001e00d4fff4ff16a1d428ea6e46a126aa886ff21b54aa
1112,1112,0,ecffecff1000100000000000fcfffcff0c003c001c00deff0200e4fffefffeff,d4ff2200fafffafff2fff2fffaff0a00f2ff1400e8ffe8ff2c000c00fcfffcff,dcff1e00040014001000deffe4ff0400f8ffe8ff1c00feff30000000f6ff0600,deff1000f8ff16003000ecffd4fff4ff5aa9cc6f241d02a9e028721c84a14429
1113,1113,0,0a000a0000000000e2ff4e000c00fcff0c00daff0c000c00f4ff30002e00ceff,f4ffe4ffcaffeaffe2ff3e001a00eafff2ff0400d8ffe8ff0c002c00fcff2c00,3e00fcff04000400eeff0000f4ff1400d8ff0600eeffeeffdeff000036002600,2000ceffcafff8ff30000e00040024007428dc1c86a1dc27e86faca1b4a9d26f
1114,1114,0,0a00fcff20001000f2ffe2fffcff0c002c002c00eeff0c001200f4ffdeff1e00,f4ff12000c00eaffe2ffd4fffaff0a00040024003600d8fffaffcaff1c001c00,fcff0e0022001400deffcefff4ff1400d8fff8fffeffe0ffceffceff06002600,6800deff46001600caffecff24000400766f86a162a8fa6e821c32a90a28ca1c
1115,1115,0,ecff1a00100010000000e2fffcff0c000c00eaff0c00eeff3000d4fffeff0e00,e4fff4ff0c00faff200000001a000a00d2fff2ffd8ff36000c001c00fcff1c00,dcff0e000400220020001000e4ffd4ffbaffcafffeff0c000000eefff6ffe6ff,deff00004600e8ffdcff3000f4fff4ff7c1d6aa9ec26c21d80a24028b26fd4a1
1116,1116,0,ecfffcff000010000000e2fffcfffcffdafffaff2c002c00e4ffe4ff3e000e00,e4ffe4fffafffafff2ffe2ffdafffaff2400f2ff360006000c00faff0c00fcff,ecffdcff04000400000000001400f4ffbaffd8ff1c00eeff0000eeff26000600,ceff48003600caff1e003000f4ff040050a25e27fa6e16a202a9a86f8a1dcaa8
1117,1117,0,2a00ecffeeffceffe2ff00000c00dcff0c00daffe2fe1c00f4ff4000eeff2e00,1200e4ffdaffeaffe2ff4c004a00faff14000400f8ff06001c002c00fcff0c00,1e00ecff04001400deff0000140004000600f8fffefffeffeeff100016000600,10001000daffdaff1e00fcfff4ff34005aa8bc6fc21da4a77c27121d64a2da27
1118,1118,0,0a00fcff10000000f2ff00000c00fcfffafffaff0c000c00d4ffd4ff1e001e00,120022001c000c000000e2ff1a000a00f2ff3600c8ffc8ffdaff0c001c002c00,fcff2e0014001400eeffeeffe4ff0400e8ff34000c000c00deffceffe6ff0600,5800eeffe8ff46001e00caff14005400de26181ea4a2bc26786f40a35aa8f26f
1119,1119,0,0a00fcff00001000100000001c000c00caff0c000c000c00e4ff1200feffeeff,12000200fafffaff3e00f2ffeaffeafff2ffe2fff8ff2600eaffeaffdcfffcff,0e009cffe6ff14001000eefff4fff4ff0600caff0c001c00200010000600d6ff,2000befff8ff6400ecff1e00e4ffc4ffdc6fc0a274a7fa6eb21ee2a89a261a1e
1120,1120,0,ecff0a00eeff00004e000000dcfffcffdafffaffeefffefff4ff1200feff1e00,e4ff0200eafffaff0000e2fffaff0a00d2ff040036000600fafffaffbcff1c00,ecffdcff14001400eeffeeff1400140006000600fefffeff0000000016001600,eeff1000f8ffdaffcaff30002400d4ff4a1e3aa84c26601f40a32c26d26fd4a2
1121,1121,0,1a00fcffeeff0000e2ff00002c001c001c000c000c00feff020002001e000e00,0200f4ffeaff1c00e2ff4c000a000a00f2ffe2ffe8ff16000c000c000c00fcff,fcfffcfff6ff14000000deff1400140006000600feffeeff0000deff16002600,00003000e8ffcafffcff3000f4ff1400c0a23e263a6f14a332a8a86f321f1aa8
1122,1122,0,0a002a00300030001000e2ff0c001c00daffeaffe2feeefff4ffe4fffeffeeff,020012000c00eaffe2ff0000faff0a001400f2ff54000600fafffaffecfffcff,1e003e001400e6ffeeffeeffe4ff0400cafff8ff0c001c00deffdefff6ff0600,00005800e8ffdaff0e00caffe4ff440064a7dc6fc01f86a6ec25621f90a33826
1123,1123,0,ecfffcff0000eeffe2ff1000fcffecffdaffdaffe2fee2fe0200f4ff0e002e00,120002001c001c002e002e00faffeaffd2ffd2ff160016002c000c00fcff3c00,8cffecff0400040010001000f4ff1400baffd8fffeff0c0030003000d6ffd6ff,1000eeffcaff460030000e00f4ff140040259a1fc4a2d0242c7070a350a7d26f
1124,1124,0,0a00fcffeeff0000000000000c000c00daff0c00e2fedeff020002002e00eeff,0200f4ff0c001c00d4ff2e00faffeaffe2fff2ff0600d8ff0c004c00fcfffcff,0e009cff0400f6ff0000300014000400e8ffd8fffefffeff0000000006004600,1000deffe8ff06000e001e003400e4ff1c70a0a366a60a6f56202ea72825a21f
1125,1125,0,1a000a0010000000f2ff20001c000c00faff1c00eeff4c00e4ff12000e00feff,02001200eaffeaffe2ff0000eafffaff14000400f8fff8ff1c000c00ecfffcff,0e001e00040004001000eeff14001400d8fff8ffeeff0c00eeffeeff16000600,000000000600f8fffcff1e00140004007020a4a6e023ee20bea48c24e26fe0a3
1126,1126,0,ecff1a00deffdefff2fff2fffcfffcffdafffafffefffeff02000200ceffeeff,f4ff2200faffeaffe2ffd4fffafffafff2ff14000600d8ff0c00faff2c00dcff,1e00fcff14000400ceffeeffe4ffd4ffcaffe8ff0c000c000000deff06000600,deff48001600caffecff0e0004000400d0a3e0244a6fe8a34ea7d86fd420e8a6
1127,1127,0,fcffbcff10000000f2ff00001c00dcff0c00dafff2fef2fe3000f4ff0e00eeff,f4ff0200eaff1c003e00d4fffaffeafff2ffe2ffe8ff54001c00fafffcff0c00,bcff8cff040032000000deff0400b4ffd8ffd8ffeeff0c0000002000e6fff6ff,eeff1000cafff8ff4000ecffe4ff340084a61c708c21e6a5dc23062130a42024
1128,1128,0,fcff1a001000eeff00000000fcffdcff0c00faffe2fec2fe0200f4ff0e002e00,e4ff1200faffeaff0000e2ff0a00faffb0fff2ff2600c8ff1c000c00dcff0c00,0e000e0014000400eeffeefff4ff14000600e8ffeefffeff1000200006000600,6800defff8ff16004000fcff240044002a23602138a45023c86f3ea558a61270
1129,1129,0,fcff0a0000000000200010000c000c002c00faffe2feeefff4ffe4ff0e00eeff,f4fff4fffafffaff2e00f2ff1a00eaff0400f2fff8ff06000c001c00fcffdcff,fcff0e00f6fff6ffeeffeefff4ff0400e8ff26000c00feffdeffeefff6ff1600,3000beffdafff8ffecff0e00040014001c707ea4a6a53a6fb621eea6a0237421
1130,1130,0,2a000a0000000000f2fff2ff1c000c00faff2c000c001c000200f4ff0e002e00,12000200faff0c00e2ffd4ff0a000a0004002400e8ffe8ffcafffaff1c00ecff,0e00fcff1400f6ffeeffeefff4ff1400e8ff1600feff0c000000eefff6ff0600,eeff10000600daffdcff30005400e4ff602134a6d2221222fea44a22e26fe8a4
1131,1131,0,0a001a00100020000000f2ff0c00fcff2c000c00eeff0c0030004000feffeeff,f4ffe4fffaff1c0020002e00eaffeaffd2ff0400f8ffd8ff0c00faffdcffecff,8cff0e0004001400000010000400a4ffd8ffe8fffefffeff000020000600e6ff,beff30005400daff1e001e00c4ffd4ffcea45a224a6f16a52ea62c702422e8a5
1132,1132,0,2a001a001000eeff000000000c00fcfffaff1c00fefffeffe4fff4ff0e000e00,120002000c00faffd4ff2e000a00faffe2ff1400060006000c001c00fcfffcff,1e001e00f6ff0400ceff1000f4ff2400e8ffcafffefffeff1000eeff0600f6ff,10000000daffe8ff0e00ecffe4ff240066a5cc6f922256a51a22fa2248a5a422
1133,1133,0,0a001a0010001000f2ff10000c001c00faff2c001c001c001200f4ff2e003e00,020002000c00eafff2ffe2ff1a000a0004000400060006001c000c001c00dcff,1e00ecfff6fff6ffeeffeeff04000400f8ff2600feff1c00eeff000026001600,4800deffe8ff0600fcffbafff4ff44002a22ca2286a53222886feea5b8a5f26f
1134,1134,0,fcff1a0020001000200010000c00fcff0c00faff3c002c001200f4ffeeffeeff,f4ff12000c000c00f2ffe2ffdaff0a00e2ff0400060006000c000c001c00fcff,fcff0e0004000400eeffeeff04000400e8ffd8ffeefffeff20002000f6ff0600,1000deff16001600dcfffcff04002400cc6f76a558a4fa6efa225ea524224023
1135,1135,0,fcfffcff000010004e00f2ffecfffcfffaff0c00f2fe2c0002003000eeffeeff,f4fff4ffeaff0c00000000000a00daffe2fff2ff060006000c000c00ecff1c00,0e00fcfff6ff32000000eeff14001400e8fff8ffeeffe0ffeeffdeff16000600,000000004600f8ff0e001e002400e4ff5a2316a59c2090239ea63a22d26fc8a5
1136,1136,0,fcff2a00000000000000f2ff0c001c00faff0c00eeff0c00020012000e000e00,f4fff4ffeaff0c0020003e00faff0a001400140036000600fafffafffcff1c00,dcffdcff1400f6ffeeff100024000400e8ffe8ff0c00feff2000eeff0600f6ff,eeff1000f8ffacff1e001e00e4ff040064a6b020fa6e66a52ea52c70e02318a5
1137,1137,0,2a00fcffeeff200010000000fcffecff0c00caffeefffeff12001200eeff0e00,120022001c00faff2e00b6ffeaff0a000400040046003600eafffaffccffccff,1e00fcff04001400eeffdeffe4ffe4ffe8ff06001c00eeffeeffdefff6ff1600,10003000e8ffe8ff40000e00d4ff2400d0a3dc6f8024f8a33620fc2328a61421
1138,1138,0,0a000a001000100010001000fcffecfffafffaffeefffeff1200e4ffeeffdeff,12001200eafffaff3e00c4ff0a001a00f2ff1400d8ff54002c00faff1c00bcff,ecfffcff04000400eeffeefff4ff1400e8fff8fffefffeff100030000600f6ff,00000000caff46001e00ecff040034004020ea2366a6dc20c86f0ea740a4f26f
1139,1139,0,fcffecffeeff0000100000001c001c001c00faff0c00feff020030000e002e00,e4fff4ff1c001c00f2ff20000a00eafff2fff2fff8ff06000c002c00fcffdcff,9cffecfff6ff14002000eeff14000400f8ffd8fffefffeff300010000600f6ff,1000ceffe8ff46000e00fcff4400c4ff1c70d4a688a36a6fae24fea49420a824
1140,1140,0,1a00ecff2000defff2ff20000c00fcfffaff0c00eeffeeff120002001e002e00,02001200eaff0c00e2ffe2ffeaff0a00040004000600f8ffeaff0c00fcfffcff,1e000e0014000400deff0000f4ff24000600f8ff0c00feffeeff000006002600,deff0000f8ffcaffecff30001400e4ff802580a3201f6025aea7121f0270c8a6
1141,1141,0,0a00fcff0000eefff2fff2ff1c000c00daff0c002c000c00120012002e00eeff,02001200eaffeafff2ff0000faff0a00f2ff040016003600faff0c00bcfffcff,1e00fcff04000400eeffdeff0400f4fff8ff0600feffeeffdeffeeff16001600,eeff20001600daff0e001e00f4ff04002aa85a1f2a6f66a64ea42c708825f0a3
1142,1142,0,ecfffcff100010000000f2ffecff0c000c001c002c00eeff400012000e00feff,f4ff0200faff1c0000000000eafffafff2ff1400160016000c00faffccffecff,ecffdcff140014000000ceff1400f4ffe8ff3400fefffeffeeff0000e6ffe6ff,eeff1000f8fff8ff3000fcffe4ff240010a3ac6fd025a8a2121f9e2640a7621f
1143,1143,0,0a00dcffeeffdefff2fff2ff1c00fcffeaff0c00deffeefff4ff0200fefffeff,1200e4ffdaffeaff2e004c00faffdafff2ffe2ffc8ff7400fafffaffccffecff,1e000e000400040000002000f4ff1400d8ffd8fffeffeeff00001000f6ffe6ff,20000000baff54004000dcff14002400ba1e9e26f4a6001fc86f7ea7b0a3e26f
1144,1144,0,fcff1a000000deff00002000fcff0c00faff3c00defffeff0200f4ffdeffeeff,0200f4ff0c00faffd4ff2000faffdafff2ff040016000600eaff0c000c000c00,ecff0e002200f6ff1000eeffe4ffe4fff8ffcaff0c000c002000ceff36000600,1000deffe8ff0600fcfffcff040004001c704aa8e8a23a6fac267ca24a1e6826
1145,1145,0,0a000a0010000000f2ff00000c00ecfffaffdaff0c00eeff02000200feff2e00,12001200fafffaffe2ff0000faffeaffd2ffe2ff16003600baff0c000c00ecff,fcff2e0004001400deff0000f4ffe4ffe8ffd8ff0c00e0ffdeff100016000600,000000001600e8ffecff0e00e4ffc4ff3e27a0a2601eec2672a8d21ef26f1aa8
1146,1146,0,ecff0a00000000000000f2fffcff0c00faff0c00e2fefeff1200d4fffeffeeff,d4ffe4ff2c001c004c000000faffdafff2fff2ff060006000c001c00ecffdcff,0e000e000400f6ffdeff1000f4fff4ffd8fff8ffeeffeeffeeffeeff0600f6ff,deff10005400e8ff0e000e00c4ff14006aa88c1d6a6fd4a740a3986f0a2720a3
1147,1147,0,fcfffcffeeff0000000010000c000c002c000c00eefffeffe4ff12003e000e00,12001200fafffaff2e002e002a00eafff2ff0400f8ff16001c002c00dcff1c00,fcfffcff0400e6ff00001000f4fff4ffd8ffe8ffeeff0c0000001000f6ff1600,00001000dafff8ff4000ecff0400340050a21c700c2798a2b21dfc267aa83a1e
1148,1148,0,fcfffcff0000eefff2ffe2ffecffecff1c00faffdeffeeff40000200feff0e00,120002000c00eafff2ffd4fffaff1a00e2ff1400d8fff8ffeaffeaff1c00fcff,fcff0e00320022001000eeffe4ff1400d8ff2600eefffeffdeffceff06002600,3000eeffcaff06000e00ecfff4ff2400ec1c0428a2a8141d886fc2a894a2d26f
1149,1149,0,ecff3a000000eeffe2ff3000ecff0c00fafffaffeeff2c0102000200defffeff,020002000c000c0020002000faffeafff2fff2ff1600f8fffafffafffcfffcff,1e00fcff14001400eeff0000e4fff4ff0600e8fffefffeffeeffdefff6fff6ff,1000beff06001600ecfffcff2400e4ff766f1aa996a10a6fbc27d0a2aa1cca27
1150,1150,0,dcffecff200020001000f2ffdcffecfffaffcafffeffeeff12001200eeff2e00,02001200fafffaffe2ffe2fffaff0a00e2fff2ff0600f8ff3c000c000c00ecff,ccfffcff14002200eeff000004001400f8ffcaffeefffeff2000eeff0600e6ff,eeff00001600e8ffdcff3000f4ffc4ff542840a2e41c3c28b2a9221cd26f24a9
1151,1151,0,fcffecffeeffeefff2ff20001c00ecff2c00fafffeff0c00300030001e000e00,0200f4ff0c00faffe2ff2e001a000a00f2fff2ff0600e8ff1c000c00ecffdcff,0e00fcff04000400deffdeff0400f4fff8ffd8ffe0fffeffeeffeeff1600f6ff,eeff20000600f8ff0e001e00e4ff2400aaa9c81b2a6ff2a828a12c70442914a2
1152,1152,0,0a000a002000000000000000fcff1c000c000c00eeffeeff02000200eeff2e00,f4ff2200faff0c00d4ffd4ff0a000a00f2ff0400260006000c001c00ccff0c00,0e000e000400f6ffeeffeefff4ff1400d8ff3400feffd0ff0000defff6ff1600,100058000600e8ff3000ecffe4ff440026a1cc6f1a2936a1701b502974a9d21b
1153,1153,0,fcffdcff00001000100010000c00ecfffaff1c00eeffeeff1200f4ff0e00feff,d4ff02000c000c002e0000001a000a00f2ffe2ffe8fff8ff0c002c000c00fcff,fcffdcff04001400eeff10001400f4ffe8ffd8ffeeff0c0010000000f6ff0600,1000eeffe8ff64001e00ecfff4ff1400781ba42842a9c41b786fb2a944a1d26f
1154,1154,0,fcfffcff000020000000f2ffdcfffcffeafffafffefffeff12001200eefffeff,f4ffd4ff2c001c002e00d4fffafffaff1400f2ffe8fff8fffaffeafffcfffcff,fcfffcff14000400eeffcefff4ff0400d8ffe8ffe0ff0c00deff000016000600,0000deff06001600fcff0e0044000400666f44aa06a12a6f9029b8a0421ba429
1155,1155,0,fcfffcffdeff1000200030000c000c00faffeaff0c000c00300002001e00feff,220002001c00eafff2ff20001a00faff04002400e8ff4600faff2c00ecffbcff,1e009cfff6fff6ffeeffeeff24002400d8ffd8ffeefffeff0000deff06000600,100010002400f8ffecff40002400e4ff4e2af6a0841a522a76aab01aa26f14aa
1156,1156,0,0a001a0010002000e2ffe2ffecff0c00daffeafff2fefeff0200d4ff2e000e00,e4ff12001c00faffe2fff2fffaff0a00f2ff2400f8ff1600faff0c002c000c00,fcff0e001400e6ffceffceffb4ffe4fff8ff06000c001c00eeffeeff16000600,eeff58004600caff0e0040001400e4ffb4aa0a1a1a6fd2a988a0886f842ae4a0
1157,1157,0,fcfffcffeeff100020000000fcffecffcafffaff0c00f2fe12003000befffeff,f4ff02000c00eafff2ff3e00eaffeafff2ffe2ffc8ff54000c000c00ecfffcff,8cff0e00f6ff040000000000a4ff14000600f8ffeeff1c001000000016001600,00001000e8ffdaff3000fcffb4ff040086a0866f822ab6a0401a642ad4aaf019
1158,1158,0,ecffbcffeeffcefff2ff10001c00fcfffafffaffeefffeff4000e4ffeefffeff,120002000c00eaff2e00d4fffaff0a000400f2ff3600d8ff0c000c00ecffecff,0e000e000400f6ffeeffeeff0400f4ff0600f8ff2a00feffeeffeefff6ff3600,5800deffdaff46003000fcff040004006019de2a52aa561a886fb8ab42a0b26f
1159,1159,0,ecfffcff0000eefff2ff1000ecff1c000c000c001c00feff12003000feffeeff,f4ffe4fffaffeaffe2ff2e00eafffaff0400f2ffe8ff36001c001c00ecff0c00,0e00fcff0400f6ffdeffeeff04000400d8ffbaffe0ffeeff1000eeff36001600,2000aeffe8ff4600ecff0e00e4ffd4ff666f44abf69fca6e242b58a08019902b
1160,1160,0,fcfffcff20000000e2ffe2ffecfffcff0c001c001a012a00f4ff0200feffeeff,120012000c00faffd4ffd4ff0a000a00e2ff0400f8fff8ff1c001c00fcff2c00,0e000e000400f6ffeeffeeff04000400e8ff06000c00eeffceffeeffe6fff6ff,deff10001600daffecff1e000400d4ffce2b36a04019522b38ac7c18926f60ab
1161,1161,0,ecffbcff000010000000f2ff0c00dcff0c000c00eeffeeff220012000e00feff,e4ff02000c001c000000f2fffafffaffd2ffd2ffb8ff06000c000c00ccffdcff,ecff0e00040014000000eefff4ff0400caffd8fffeff1c00300000001600f6ff,ceff10000600f8ff0e004000d4ff040014acb0181a6f40ab849f586f602cd29f
1162,1162,0,0a00fcff200000001000f2ff2c000c001c00dafffeffeeffe4ffe4fffeffeeff,f4ffe4ff0c00faff000000000a00faff1400f2ffe8ffd8fffaff1c00fcff3c00,0e00fcff14000400eeff0000e4ff0400d8ffe8fffeffe0ffeeff00002600f6ff,10001000dafff8ff30000e00e4ff1400e69f566fa82ec69f6c18682d90ab7018
1163,1163,0,fcfffcff000000001000f2ff1c00fcfffaffdaff1c00eeff400012000e00eeff,02001200fafffaff0000e2ff0a000a0024000400f8ff16001c000c00bcff2c00,0e000e00f6ff0400deffeeff0400f4fff8fff8ff0c00feffdeffeeff0600f6ff,2000deffdaff46001e00ecff0400140010184c2c70ab3a18486fe8ab929f926f
1164,1164,0,ecfffcff00002000f2ff1000fcff1c001c001c0002fff2fe0200f4fffeff0e00,f4ff12001c000c000000d4fffaff0a00e2ff0400f8ff1600faff1c00dcffecff,fcff0e001400e6ffeeff000024001400caff0600fefffeff0000deff0600f6ff,3000deff06000600fcfffcffe4ff1400666fc8ac469faa6e782db49ebe17362d
1165,1165,0,ecfffcff00000000200000000c00fcfffaff1c001c000c00e4fff4ff0e00feff,e4fff4ff0c002c00f2ffe2ff0a00eaffe2fff2ff160016000c00faff0c00dcff,9cffecff14002200deff0000f4ffe4fff8ffe8ff0c000c00100000001600e6ff,ceffdeff4600f8ffecff0e001400c4ff622d409f1a18f62e18ad3c17826f60ac
1166,1166,0,ecfffcff0000ceff10002000ecff1c000c00faffeefffeffe4ffd4fffeff1e00,1200f4ff0c00faffe2ff00000a001a000400f2fff8ffe8ff0c001c00ecfffcff,0e002e000400f6ffdeffeeff1400f4ffd8fff8ffeeffeeffdeff000006003600,eeff20000600bafffcff30002400f4ff08adfa168a6ef0abb49e186fca2d329f
1167,1167,0,fcfffcffdeff0000100020000c001c002c00faffeefffefff4ff12000e000e00,020012000c000c00e2ff2e00fafffafff2ffe2ffd8ff1600faffeafffcff0c00,ecfffcff140004000000deff1400f4fff8fff8ffeefffeffeeffeeff06001600,10001000daffdaff0e001e00e4ff1400d09e066f562f269fbc15682e18ad3e17
1168,1168,0,0a00ecff10000000e2ffe2ffecff0c000c00faff1c002a00f4ff22002e002e00,f4ff12001c001c00e2ff2e001a000a000400f2ff1600e8ffeaffeaffdcff0c00,dcff2e0022000400deffeeffe4ff0400e8ffcaff1c001c00eeffdeff06001600,1000eeffdafff8ff3000ecff0400e4ff68166e2e20acea16f86ef8ad9a9e526f
1169,1169,0,ecfffcffceff0000f2ffe2ff0c00dcff0c00caffeeffeeff120030000e00deff,e4ffe4fffaff1c000000e2fffaffeaffe2fff2ffe8ff06000c00eaff2c000c00,acff9cffe6ff140030001000f4ffe4ffe8ffcaffe0ff1c002000eeff0600e6ff,0000defff8ff16000e00fcff3400d4ff266f9aad7a9e9a6ed82e949e66162a2e
1170,1170,0,fcff2a00deffeeff20000000ecfffcffdaff1c00d0fffeffe4fff4ff0e000e00,020002001c001c00d4ffe2ff0a002a001400f2fff8ffe8fffaff0c00dcffecff,fcff2e000400f6ff000010001400f4ffe8ffaafffeffe0ff0000000006000600,ceff00000600e8ffecff30002400f4ffbe2e809e5a16163018ae9c14426f88ad
1171,1171,0,fcff0a00eeff1000f2fff2ff0c00ecff0c00fafffeffeeff0200e4ff0e002e00,1200f4fffaff0c002e00e2ff1a00faff1400f2ff260036001c000c00ecff0c00,0e000e002200f6ffdeffeeff14000400d8ffd8fffefffeff1000eefff6ff1600,000068002400daff0e001e00f4fff4ff66ae5c15ba6e30acb49d586f502f6a9e
1172,1172,0,ecffecff0000ceffe2ff0000fcff0c000c001c00fefff2fe0200f4fffeff0e00,f4ff02001c002c00d4ff2000eaff0a0014001400160006000c000c00ccffecff,9cff0e00040004001000eeffd4ffe4ffd8ffd8fffeff0c001000000016001600,ceff0000060006001e00ecffd4ff2400e29dd66e4c31ea9d8c147c30f8ad9615
1173,1173,0,ecffecffeeffdefff2ff20000c00ecff0c00faff2a002a00f4ffe4ff4e000e00,d4fff4ffeaff0c00f2ff2e00faff0a001400f2ff260026000c000c00fcffdcff,fcfffcff14001400000000003400f4ffd8ffcafffeffeeff1000000016001600,2000eeffcaff5400fcffecffe4ffe4fffc141e3098ad4c15386fc8aefa9de26e
1174,1174,0,ecfffcffeeffdeff10001000fcfffcff2c000c00feffeefff4ffe4ff2e000e00,0200f4ff1c00faffe2ff20000a000a001400f2ff060016000c001c00fcff1c00,1e008cff04000400eeff100004001400baffe8ffeeff0c0030000000f6ff1600,1000deff16001600fcfffcff1400d4ffe66eb6aeca9d9a6e8c30349dd614b02f
1175,1175,0,0a00fcff0000eeff00001000ecfffcfffaff2c002c01eeff12001200defffeff,220002000c001c00f2fff2ff0a005a002400040026000600eaff0c00ecffecff,0e00fcff14001400deffdeff1400f4ffd8ffbaffeeffeeff0000eefff6fff6ff,000010004600f8ffdcff30002400e4ffbe30b29d8c14003288af6a13626fc8ae
1176,1176,0,0a000a0010001000f2ffe2fffcff0c001c000c00e2feceff02003000deff3e00,020002001c00faff2e00e2ff1a00eaffe2fff2ff0600e8fffaff2c002c00dcff,ecfffcff1400e6ffdeffeefff4ff0400baffd8ff1c00eeff4000deffe6ffe6ff,eeff20000600caff0e000e00f4fff4ff96af70138a6e06ae149de86e80305a9d
1177,1177,0,0a00fcffeeff0000f2ff1000fcfffcfffafffaff1c00eeff020030002e00eeff,020002001c001c00f2ff20000a00eaff2400e2ff0600e8ff0c002c00fcffecff,dcff0e0014001400100000001400f4ffd8ffaaff0c00feffeeff4000e6ff0600,eeff10000600e8ff1e00fcffd4fff4ff529d966ecc314a9dba121c3110afce13
1178,1178,0,0a001a000000eeff0000e2fffcffdcffdaff0c00f2fedeff400030001e00deff,020012000c00faff2e0000001a00faff140014000600d8ffeafffaffecff1c00,9cffacff04000400eeffdeff04002400f8ffcaffeeff0c001000000016001600,1000eeffdaff16003000fcffe4ff0400a0126e3104af8e13086f6cb03a9df26e
1179,1179,0,fcfffcff2000eefff2ff0000dcfffcff2c000c001c000c0022001200eeffceff,f4ff02001c000c00d4ff20000a005a0004001400360006000c00faff0c000c00,0e001e0004001400eeffdeff140004000600e8ffeefffeff0000eeff1600f6ff,6800eefff8ff1600fcfffcff0400e4ff966e2cb01a9d4a6e9c31d49ca212ca31
1180,1180,0,bcfffcff10001000d2ffe2ff0c00ecfffafffafffeffdefff4ff02002e000e00,020012000c00faff0000f2ffeaff0a00f2ff2400060026000c000c00ecfffcff,fcff0e00140004001000eeffe4fff4fff8ffd8fffeff0c00200010003600f6ff,deffeeff5400f8ffdcff1e002400a4ff4832e29c7e1350336cb02611706e20b0
1181,1181,0,fcfffcff10000000f2ff00000c000c00caff0c000c00ceff22004000feff0e00,f4ffd4ff2c00faffd4ffe2ff0a00eafff2fff2ffe8ff06001c000c00ecff0c00,ecffecff04000400eeff00000400f4fff8ffcaff0c00feffeeff10001600f6ff,ceff58004600daff0e00fcff0400e4ffacb010125a6e34af449cd86ef632ea9c
1182,1182,0,ecff0a0000000000f2ff1000fcff1c000c000c00deff1c00f4fff4ffeefffeff,f4ffe4fffaff3c00f2ff2e001a00eaffe2fff2ff0600e8ff0c000c00fcff0c00,1e00fcff040014000000ceff0400140016000600eeff0c002000eeff06001600,eeff2000daff46001e000e00f4ff14005e9c766ed0338a9ce610503390b09211
1183,1183,0,fcffdcff00001000e2fff2fffcffecfffafffaff2c00defff4ff3000feff2e00,f4fff4ff0c00eaff2000f2ff0a001a002400f2ff260016000c00faffecfffcff,dcfffcff0400f6ffdeffeefff4fff4ff2600f8fffefffeffdeff0000f6fff6ff,20000000dafff8ff0e00aaff04003400e610d83204b04e12b86e6cb0729c706e
1184,1184,0,ecfffcff00000000f2ff2000fcff0c00dafffaff2c000c0012000200eeff0e00,e4fff4ff0c002c00f2ffe2ffcaff0a0014003600f8ff4600faffeafffcff0c00,fcff0e00220022000000ceff0400f4ffd8ffd8ff0c000c00eeffeefff6fff6ff,1000eeff16000600ecffecff2400d4ff766efcb07a9c2a6e4033049c12113633
1185,1185,0,fcfffcff0000eeff000000000c00fcfffaffdaff1c000c0022000200feff0e00,0200e4fffaff0c002e00e2ffeafffaff04001400060006002c001c00acffecff,1e008cfff6ff0400eeff0000240004002600d8ff0c000c00eeff00002600e6ff,eeffdeff1600f8ffecff30004400e4ff3833909b6a111e354cb1b610706e5ab1
1186,1186,0,fcfffcffeeff1000f2ffe2ff1c002c001c000c00eeff2c0002005000eefffeff,f4ffd4ffdaff0c00d4ff2000faff1a0014000400060006000c00faffdcff2c00,ecfffcff1400f6ff0000eefff4ff1400d8ff1600feff0c000000ceff06003600,ceff10001600caff1e000e0014000400acb16610ca6d44b0629b686ec633229c
1187,1187,0,fcfffcff0000000000000000dcff0c000c00faff2c001c001200e4ff3e00feff,e4ff12000c000c00d4fff2ffeafffafff2ff0400f8ff0600faff0c00dcfffcff,0e000e00140040001000deff04000400e8ffd8fffeffe0ff3000eeffe6ff1600,eeff1000f8fff8ff0e00fcffc4ff4400509b666e7e351c9c620fc2331ab2e80f
1188,1188,0,fcfffcff00000000f2fff2fffcfffcfffaffdaff0c00eeff1200d4fffeffdeff,d4ff1200eafffaff4c00f2fffafffaffe2ff1400f8ff26001c00faffdcffbcff,9cffdcff04000400deffceff04000400d8ff1600e0fffeff20002000f6fff6ff,1000eeffdaff46001e00ecffe4ff1400200fc634d2b0ba10486ea0b2c29b306e
1189,1189,0,0a00ecff1000eeff10002000fcffecfffafffaffeeff1c01020030002e000e00,1200d4ffeaffeaff0000f2fffaffeaffd2fff2ff26002600eaff0c00ccffecff,dcfffcff04000400ceffeeffe4ff0400e8ffcafffefffeff0000200016000600,eeffbefff8ff16000e00fcff04000400266e26b26c9b4a6e2235b29a480fde34
1190,1190,0,ecffecffdeffeeffe2fff2ff0c000c000c00faff0c000c00020002000e00feff,02001200faff0c00f2ff00001a000a00e2ff0400d8ffc8fffaff0c00ccffacff,0e000e0014003200ceffeeff14000400f8ffd8fffefffeff2000eefff6ffe6ff,000000007200daffdcff30003400d4ff8635f09a1410be35f0b2320ee06dbab2
1191,1191,0,fcffdcff000010002000f2fffcffecfffaffdaff2c000c00d4ff02003e00feff,e4ffe4ffeafffafff2ff00001a001a00d2ffe2fff8ff06001c002c000c00fcff,0e00fcff140004000000deffd4ffd4fff8ff06001c001c000000eeff06000600,ceff30001600caffecff1e00f4ff0400c6b25e0e546da2b1d29a186e9e35e09a
1192,1192,0,ecff0a000000eeff0000d2ffdcff0c00fafffaff0c000c00e4ff1200deff2e00,120002001c000c00f2ffd4fffaff5a00f2fff2ffe8ffe8ff0c00faffecffecff,ecff1e0014001400ceff00000400f4ffe8fff8ff0c00feffeeff1000f6ff1600,deff2000f8fff8ff1e00ecffd4ff2400809a366ecc363c9bd20df23636b3420e
1193,1193,0,ecffdcff00000000e2ff00001c00ecffdaffbaffeeffeeff12001200feff0e00,f4fff4fffaff1c003e0010000a001a00e2ffe2ff060026000c000c00fcff0c00,0e00fcff040004001000eeff14000400f8ffd8ffeeffeeff1000000006000600,20000000caff54001e00ecffe4ff24002e0e923682b1040f386e30b3a09ae06d
1194,1194,0,ecff1a001000eefff2fff2ff0c000c00eafffaffceffeeffd4ff40000e000e00,120022001c001c00d4ffe2ff1a005a00f2ff0400f8ffe8ffeafffaff3c000c00,0e00ecff1400f6ffceffeeff04000400cafff8fffeff0c00deff000006001600,1000eeff06000600fcffecff0400d4ff266e46b3ac9ab46c5236529a920d6e36
1195,1195,0,1a00fcffeeffeeff2000d2ffdcff0c00fafffaffe2fe0c0012000200deff0e00,e4ffe4ffdaff1c002e00e2ff0a000a00b0ffe2ff06000600eaff1c00fcfffcff,acffdcffe6ff1400deff0000f4fff4ff0600e8fffeffeeffeeffdeff1600d6ff,eeffdeff1600e8ffecff1e000400f4ffd236709ac40e0c3702b4e20dd06d96b3
1196,1196,0,ecff2a0000000000e2ffe2fffcff0c00fafffaff0c000c00020012001e000e00,0200f4ff1c000c002e00e2fffafffaff1400f2ff26002600faff0c00acff0c00,0e001e0014001400eeff000004000400f8ffd8fffeff0c001000eefff6ffd6ff,beff20000600dafffcff1e00e4ff240006b4d20c146d96b2ce99086e2637409a
1197,1197,0,fcffdcffeeff200000000000fcffecffcaffcaffeeff0c00020002002e00feff,f4fff4fffaff0c003e00e2ff1a00fafff2fff2fff8fff8ff0c001c009cffdcff,1e00fcff0400140010000000f4ff0400f8ffe8fffeffeeffeeff100016000600,deff1000f8ff06003000fcffc4ff0400309a266e1a38669a220c323776b4580c
1198,1198,0,ecff1a00100000001000e2ff1c002c00daff0c00e2feeeff02001200feff0e00,120012001c000c00c4ffd4fffaff1a00240024003600e8ffeaffeaffbcffecff,1e001e00f6fff6ffceff0000f4ff0400e8ffe8ffe0ff1c000000deff06000600,3000eeffcaff06000e00ecff040034009e0bd8376eb5d60de86de2b4b099a06d
1199,1199,0,fcff0a000000eeff5c0020000c00fcffdafffaffe2fe2c0040001200eeffeeff,f4ff0200faff1c00200020001a000a00e2ff0400f8ff36001c00faffccfffcff,0e00fcff140004000000eeff1400a4ff06000600feffeeffeeffdeff0600f6ff,3000eeff06000600fcff1e00340014007a6d84b5369ae46ca638de99880bc637
1200,1200,0,dcfffcff00002000e2ffe2fffcff1c00faff0c00feffeeffe4ffe4ffeeff2e00,1200f4ff0c00eaff0000d4ffeaff0a00f2ff04003600f8ffeaff1c00fcff0c00,1e001e00f6ff0400deffeeffe4ff1400caffd8fffeff1c00deff0000f6ff0600,eeffeeff0600f8ff0e0030002400e4ff58389699780a623932b5420a706d5eb5
1201,1201,0,fcffdcffeeff0000f2fff2ff0c00ccff1c00caff2c000c00f4ff02000e00feff,f4ffe4ff0c00faff2e00e2ff1a000a00f2ff040036002600faff0c00ccfffcff,1e00dcff140014001000eeff0400e4ff2600f8ff1c00eeffeeff10001600f6ff,deff10000600caffecff0e00f4ff040094b57e0b866c5eb61e99086e5838a099
1202,1202,0,fcfffcff0000eeff0000e2fffcff1c00eaff1c000c00defff4fff4ffeeff1e00,0200f4ff1c00eaffe2fff2fffaff0a0004001400b8ff06000c00faff0c00dcff,dcff0e0014000400100010000400f4ffe8ffe8fffeff0c00deffbefff6ff0600,00001000e8fff8ff30000e00e4ff340006995a6d82397e99620a7639aeb55c0a
1203,1203,0,fcffecff10002000e2ff1000dcfffcff1c00faff1c00f2fe40001200feff0e00,e4ff02000c000c002e0000004a00fafff2ffe2ffc8fff8ff0c00fafffcffecff,fcffecffe6ff0400eeff10001400f4fff8ffd8fffeffeeff0000100006000600,4800eeffcaff16001e00dcffe4ff24004e0a08392ab76209e86da2b56099306d
1204,1204,0,dcfffcffeeff10000000f2fffcffecffcaffdaff0c002c0012000200feff1e00,f4ff02000c003c00f2ffe2fffaff1a0004000400f8ffe8ff0c00eaff1c00fcff,fcfffcff0400f6ffdeffdefff4ff0400cafff8ff0c000c00deffeeff0600e6ff,5800deffdafff8fffcfffcff1400d4ff2a6df0b64e99366c2a3a8e98ec097839
1205,1205,0,fcfffcffeeff0000000000000c001c00fafffaff4c00e2fe120030000e00feff,0200f4ffdaff0c0020003e000a00fafff2ff0400160016000c000c00fcfffcff,fcffdcff04000400eeff300024001400f8ffe8fffeff1c001000300036001600,eeffceff16000600ecff1e002400d4ff223ad6989208a83a14b7320a106d6eb6
1206,1206,0,fcfffcffeeff1000f2ffd2ff1c000c00fafffaffeeff2c010200f4ffeeff0e00,02000200faffdaff0000d4fffaff1a0014002400f8ff0600faff1c00ecfffcff,0e00fcff220004001000defff4ff0400e8ff06001c00feffeeff0000f6fff6ff,eeff20000600caff0e001e00f4ff140010b77409266c9ab7de98166da839c098
1207,1207,0,0a00ecff0000ceff00000000fcff0c00daff0c002c00eeff120022000e002e00,e4fff4fffafffafff2ff3e001a000a00f2fff2ff0600d8ffeafffaff3c00fcff,0e008cffe6fff6ff10000000f4ffe4ffe8ff0600eefffeffdeffeeff06000600,00006800f8fff8ff0e000e00c4ff3400c6981a6da83ac0982e081a3a06b7fc08
1208,1208,0,fcff0a0000001000f2ff20000c00fcffeafffaffdefffeff3000f4ff3e00feff,e4ff12001c000c000000f2ffeaff1a00b0fff2ff260006000c00fafffcff1c00,fcff0e0004001400eeffeefff4ffe4ffd8ff0600eeff1c00deffeeffe6fff6ff,0000eeffe8ff06001e00ecffe4ff44008408723afab7f207166d94b79098d06c
1209,1209,0,fcfffcff1000eefff2fff2ff1c002c001c00daffeefffeff12000200feff1e00,1200f4ffeafffaffe2fff2ff0a000a0004000400f8fff8ff0c002c00dcffbcff,0e00dcfff6ff0400eeff000004001400caffd8ffe0ff0c00eeffeeff06001600,3000ceffdaff16000e000e000400c4ffca6cd6b7d098266cea3a9e986208da3a
1210,1210,0,dcffecff0000eefff2ff1000fcff1c00caffeaffdeff0c000200e4ffeeff0e00,d4ff1200faffeaff2000d4ff0a000a001400f2ff4600e8ff0c00eafffcff0c00,8cfffcff140014000000eeffe4fff4fff8ffe8ff0c00feff0000eefff6fff6ff,000010001600dafffcff1e000400c4ffa23a66988207b63b48b80a07b06ca6b7
1211,1211,0,fcfffcffbeffeefff2ff20000c001c00cafffaff1c001c00e4ff0200feff2e00,22000200faffeafff2fff2ff0a00faff140004001600f8ff1c002c00acffccff,9cfffcfff6ff04001000eeff0400f4ffe8ff0600eefffeffeeff00000600f6ff,eeff30000600caffecff1e00e4ffe4ff86b87c07166caab8da97f66c6a3b4e98
1212,1212,0,fcfffcff000020002000f2fffcff0c00aafffaff1c000c00f4ffd4ffeeffeeff,e4ff12000c000c004c000000cafffaffe2fff2ff2600f8ff0c00eafffcfffcff,fcfffcff140014001000eeffa4ff2400e8ff26000c000c00deff1000e6fff6ff,deff20001600daff3000dcffd4ff24003698ca6cb63c3098ca063c3c98b8f206
1213,1213,0,fcfffcff0000defff2fff2fffcff0c00faffcaffeeffeeffe4fff4ff2e000e00,12001200fafffafff2fff2ff1a000a001400e2fff8ff0600faff0c005c00fcff,0e00fcfff6ffe6ff0000eeff34001400f8ff16000c000c00ceff000036001600,1000eeffcaff16004000ecff040004004406003c3ab95206f66ca8b80e98806c
1214,1214,0,bcfffcff00000000f2ff0000fcff0c00daff0c000c000c00f4ffe4ff0e002e00,f4ff12001c000c0020003e00faff0a000400f2ff0600e8ff0c00faffecff0c00,dcfffcff040004000000000014001400caffcafffeffeeffdeffdefff6ffe6ff,2000ceffe8fff8fffcff0e00140004007a6c16b90098e66b8c3c8a973006a23c
1215,1215,0,fcfffcff0000ceffe2ff00000c00fcff2c001c002c010c00f4ffc6ffeeff0e00,2200f4fffafffaff0000d4ff1a00eaff0400f2ff060016000c002c000c001c00,ecff0e0004000400deff100014001400e8fff8ffe0ffeeffdeffeeff06000600,000010004600dafffcff30002400e4ff163da0974605563d38b93a06486c48b9
1216,1216,0,ecffdcff00000000100010000c00fcffdaff0c00eeff2c0002000200feffceff,020002000c000c000000e2fffaff4a00e2fff2ffe8ffd8fffaffcafffcff0c00,0e00ecff400014000000eeff1400f4ffe8fff8ff1c000c00eeffcefff6ff1600,ceff30001600caff0e001e000400140010ba9805a66b30ba7a97666c323dbe97
1217,1217,0,1a00ecff1000eeff0000f2ff1c00fcff0c00caff0c00feff0200e4ff1e000e00,22000200eafffafff2ff00000a000a0014000400e8ff1600faff0c001c002c00,0e00fcff0400f6ff100000001400f4ffd8ffcafffeffeeffeeffeeff3600f6ff,10001000f8fff8ff1e000e00e4ff040030977a6c223ee097cc04cc3cb8b97005
1218,1218,0,0a00ecff20000000f2ff00000c001c00faff1c000c000c0002000200eeff2e00,020002002c00faff0000e2fffaff0a00e2ff14000600d8ff0c00eafffcffecff,fcfffcffe6ff2200eeffceff14000400d8fff8fffeffe0ffbeffcefff6ff2600,10001000caff06000e00ecff140004000805b63dd6bae604866cfcba4e97f86b
1219,1219,0,ecff0a000000defff2ff2000ecff0c001c00eaff1c000c000200e4ff2e000e00,02000200faff0c00f2ff3e00faff0a0014000400f8ffd8fffaffeafffcffccff,1e000e00f6ff1400deff100014001400e8ffe8ff0c00feffceffdefff6ff0600,2000deffdaff0600dcff0e000400e4ff686b70baa097666bcc3d3a970005a23d
1220,1220,0,fcff0a0000000000f2ff0000fcff0c00faffeaffeeffeeffc6ffe4fffeff0e00,020012001c00eaffe2fff2ff0a00eaffe2ff1400060026000c00faff1c00fcff,0e002e00140014001000000014001400e8ffd8ff0c001c000000cefff6ff1600,000000004600f8ffcaff0e001400a4ff723e3097c603323eacba0a03d86b18ba
1221,1221,0,0a00dcff00001000f2fff2ff1c000c000c001c00e2fe0c000200f4ff1e003e00,22000200eaffeaff0000e2ff0a00eaff0400d2ffe8ffe8ff1c00faffdcffdcff,0e00dcfff6ff1400eeff200014001400d8fff8ffeeffeeff1000eefff6ff1600,deff30000600caff0e003000e4ff1400f0ba6203066b76bbea96466c823e1e97
1222,1222,0,1a00ecff0000eeff3000f2ff0c002c000c002c000c00eefff4ffc6ffdefffeff,f4fff4ff0c00faff2000e2ff0a00fafff2ffe2ff160016000c000c00fcff0c00,dcff1e0014001400deffdeff04001400d8ffe8fffeffeeffeeffdeffe6ff0600,eeff3000daffe8ff1e00fcffe4ff24001097286bd23e70975a034c3fe8ba0804
1223,1223,0,1a00fcffeeff0000f2ff3000fcff0c00caffeaff0c000c00120012000e00feff,0200e4fffafffaff0000e2ff0a00daffe2ffe2ffd8ff06002c001c000c000c00,fcff0e00140014000000000004001400d8ffbafffeff1c00deffeeff06001600,5800defff8ff16001e00dcff14001400f202f23ef6bb2603366c1cbbc696b86b
1224,1224,0,fcfffcff10001000e2ffe2fffcff1c000c000c002c00eeffe4ffe4ffeefffeff,f4ff02000c00faff3e00e2fffaff0a002400d2ff0600f8ff0c00caffdcfffcff,9cff0e00040014001000deff14001400caffe8fffeff0c00ceffceffe6ff1600,1000deff06004600fcfffcff2400f4fff86a80bb1097f66a4c3f8a962803ea3e
1225,1225,0,fcffdcffeeff0000f2ff1000ecff0c000c001c00fefffefff4ffe4ff1e000e00,12000200eafffaffe2ff20000a00eaffe2ffd2ff16000600eaff0c000c00ecff,0e002e00f6ff1400eeff1000040014001600baffeeffeeff00000000f6ffe6ff,000010000600f8fffcff1e001400d4ff923fd0961802923f4ebc3a03786beabb
1226,1226,0,fcfffcffeeffeeffe2ffe2fffcffecffcaffcaffdeff0c00e4ff0200ceff0e00,120002000c000c00f2fff2fffaff0a000400f2ff060006000c000c00fcfffcff,fcff0e001400f6ffeeffeeff04001400caffd8fffeffeeffdeff00000600f6ff,ceff10000600e8ffecff40000400f4ff00bc6202566a26bc4a96b66baa3f9696
1227,1227,0,ecffecffdeff0000e2ff0000fcfffcff0c00daffceffceffd4ffe4ffceffceff,2200f4fffaffeaff2e002e001a00eaff0400040006003600eafffaff1c00ccff,fcffdcfff6fff6ffeeff200014001400baffcafffeff0c00deffeefff6ff0600,deff68000600daff1e000e00e4ff24009096c86a3240109776017c3f6abc0c02
1228,1228,0,fcfffcffeeff0000f2ffe2fffcffecffcaff0c00deffeefff4ffd4ffdeff1e00,e4ff0200eaff0c000000d4fffaff0a00f2fff2ff06003600eaff0c00ecfffcff,ecffecff140004001000eefff4fff4ffcaffcaffeeff0c00eeff1000f6ff0600,00000000daff06000e00fcffe4ff34002801684094bd3201a66b3ebd2696186b
1229,1229,0,fcff1a00deff0000000020000c000c00caffdafffeffeeff020012001e001e00,0200e4fffaff1c00e2ff0000eaffdaff04001400e8fff8ffeaffeaff1c00fcff,1e00fcff14001400000010001400f4ffd8ff0600e0fffeff0000eeff16000600,1000aeffdaff4600dcfffcff2400e4ffa86a44bdb296766af040aa955c018c40
1230,1230,0,ecff0a000000eeff20001000ecff3c00daff0c001c00eeffd4ffc6ff0e000e00,e4ff2200fafffafff2ffe2ff0a00faff14001400d8ffd8ffeaffeafffcff0c00,fcff2e00f6ff0400eeffeefff4ff1400f8ffd8ff1c000c00deffeeff16000600,000000001600dafffcfffcff2400e4ff98404e96c20090404ebd4600ac6a32bd
1231,1231,0,ecffecff0000000020000000fcfffcff0c000c00eeffeeffe4ffd4ff2e00feff,02000200faff0c00c4ff20000a001a000400d2ffd8ffd8fffaff0c00ecffecff,fcff0e0014001400eeff1000140014002600cafffeff0c000000eeff06001600,eeff20004600acfffcff1e002400040060be9800166ae4bd9a95b66b3c41f695
1232,1232,0,ecfffcff000000000000e2ff1c000c00fafffafffeff1c00020002000e003e00,f4fff4ff0c00faffe2ffd4ffeafffaffd2ff0400060026002c00eafffcfffcff,9cff1e00140014000000eeffd4fff4ffd8ff1600eeff1c000000eefff6ff0600,deff1000f8ffcaff0e00fcffe4ff2400a295386a2442729680ff344202be6c00
1233,1233,0,2a00fcff100010000000f2ff1c00ecfffafffafffeff0c00f4fff4ffeefffeff,1200d4ff0c00eaffe2ff2000eaff0a002400f2ffe8ff16001c000c00ecffecff,1e002e001400140030001000f4fff4fff8fff8ff0c00feffeeff1000f6ffe6ff,10000000caff460030000e000400040060ff324202bfa6ff966bdebdb6955c6a
1234,1234,0,ecff0a0000000000e2ff00000c001c00daffeaff1c000c000200d4ff0e00eeff,0200f4ff0c000c00e2ffd4ffdaff0a00040004001600f8ff0c00eaffdcff1c00,0e00fcff14000400000010001400f4ffe8ffbaffeefffeffdeffeefff6ff0600,3000cefff8ff46000e000e002400f4ff186aa0bef495066a94425a954affec41
1235,1235,0,fcfffcffdeff000010000000fcffecff1c00daff2c001c00e4ff02000e00feff,2200d4ff0c00faffe2fff2ff1a000a001400e2ff36001600eaff0c000c000c00,0e000e0014000400eeff10001400f4ffd8ffcafffeffeeffeeff100026003600,eeffeeff0600e8ffbaff0e002400c4ffc242929506ff7442cebe50ff4c6aa2be
1236,1236,0,ecfffcff0000eeff000010000c00fcfffafffaff1c00fefff4ff02001e000e00,120002000c001c000000f2ff0a000a00e2ff1400e8ffd8ffcaff2c00dcfffcff,fcff0e00040014001000eeff0400f4ffd8ffbaff1c000c00deffdeff0600f6ff,ceff30001600e8ff0e001e00e4ffe4ff70bfb0fe726952bf0a95d2699c424695
1237,1237,0,fcff0a0000000000000020001c00fcffdaffbaffceffcefff4ffe4ffceff1e00,22000200eaffeaffd4ff20000a000a00e2ff1400f8ff1600faff2c00fcfffcff,0e009cfff6fff6ffdeff1000f4ff3400d8ffe8fffeffd0ffeeff0000f6ffd6ff,00000000f8fff8ffecfffcffe4ff240062959e695443d49520fe24436abf72fe
1238,1238,0,fcfffcffeeff2000f2ff00000c000c00dafffaff2c000c0022001200eeff0e00,f4fff4ffeaff1c002e00c4ffcafffaffe2fff2ff060006000c00faffdcfffcff,fcfffcff14002200eeffdeff04000400d8ffaafffefffeffeeff00000600c6ff,58001000daff160040000e001400340050fee242c0bf08fed26952c04695ec69
1239,1239,0,ecfffcff1000deff000000002c00fcff0c002c00ceff3c01f4ff12001e00eeff,1200f4ff0c00eaffd4ff2e000a00fafff2fff2ff0600b8ff0c001c00fcffdcff,ecff0e001400040000001000f4ff1400e8fff8fffeffeeffbeffbeff0600f6ff,5800defff8ff0600ecfffcff140004005c6956c09495426984431a95b2fd3843
1240,1240,0,fcffecffeeff00004e000000fcfffcffcafffaff1c00feff120030000e000e00,12000200fafffaff2e00e2fffaff0a0004000400d8ffc8fffaff1c00fcffdcff,0e00fcff04001400deffeeff0400d4fff8ff16000c000c000000eeffc6ffe6ff,0000deff46001600ecff0e004400e4ff824394940afdd243b2c030fdbc69fabf
1241,1241,0,0a00fcff0000eeff0000e2ff0c00fcff0c002c001c002c00f4ff12000e001e00,f4ff1200fafffaffe2fff2ff1a00faff0400f2ffd8ffc8fffaff1c00fcffecff,fcff0e000400f6ffdeff000004000400caffd8ff1c00eeffeeff000006000600,eeff00006400bafffcff40000400e4ff86c0f4fc5269a0c0aa94b269b843f694
1242,1242,0,fcff1a00ceff100010001000fcfffcffdafffaff1c000c00400040001e00feff,e4ffe4ff0c001c00e2ff0000eafffaff0400040026003600fafffafffcffccff,8cff0e001400f6ff0000defff4ff0400d8ffcaffeeff0c00eeffeeff06001600,eeff0000daffe8fffcfffcffc4ff140094941c6982449495a0fc8644acc0f2fc
1243,1243,0,ecff0a0010001000000020001c000c00caff0c000c00eeff02001200beff3e00,02002200faffeaffe2ffd4ff4a001a00f2ff04001600f8ff0c000c00ecfffcff,fcff0e0004000400eeffeefff4ff1400e8ff0600eefffeffdeffeeff16001600,20000000f8ff54001e00caffe4ff440064fc7a44d0c0aafc726992c0ae94ac69
1244,1244,0,ecfffcff0000000010001000ccffdcff0c000c00eeffeeff12001200fefffeff,020002001c000c002e00d4ffeafffaffe2ffe2ffe8ffc8ff0c00faffccffccff,dcff0e00140014000000eeff0400f4ffd8fff8ffeeff0c000000ceff1600f6ff,3000eeff060046000e00ecff1400e4ffec6806c1f494e26816457a94fafba044
1245,1245,0,fcff0a000000eeff0000f2fffcff1c00eaff0c00eefffeff0200f4ffdeff0e00,020002000c00daff2e00d4ff1a00faffe2ffe2ffc8ffd8ffeafffafffcffccff,0e000e0004002200eeff00000400f4ffcaffd8fffeff0c000000ceff06001600,1000deff16000600ecff30001400d4ff1a4506940afcd24472c140fc3c698cc1
1246,1246,0,fcfffcffceff1000100020001c001c00faff0c00feffeeffe4fff4ff0e00eeff,1200f4ffdaff0c00e2ff20001a000a00f2ffd2fff8ff0600eaffeaffdcffdcff,dcff0e001400320010001000140004000600f8ffeeff1c0010001000f6fff6ff,deff10004600caff1e001e001400d4ff20c2e0fbb26820c21a94f26840457e94
1247,1247,0,ecfffcff2000eeff00001000ecfffcfffaff1c00feffeefff4ff12000e000e00,2200f4ff0c00faff0000f2ff0a000a00f2fff2ffd8ff06002c000c00fcfffcff,9cff0e0022000400deffdefff4ffe4ffe8fff8fffeffe0ff000000001600e6ff,10004000daffdaff1e00fcff04005400a6938c687245f4949efa26458cc22afb
1248,1248,0,1a000a00deffeeff20000000fcffdcff0c00faff4c00e2fe300012003e000e00,1200e4ff0c001c003e00e2ff1a000a00f2ffe2fff8ff06000c00eaffecffdcff,dcfffcff14002200000000001400a4ffd8ffd8fffeffe0ff1000eefff6fff6ff,0000eeffcaff06000e00bafff4ff040002fa464632c35afb026942c3ee93ec68
1249,1249,0,bcfffcffeeff0000e2ff1000fcfffcff2c002c00e2fe0c001200f4ff0e00feff,020002001c000c00e2ffe2ff0a000a001400140006001600eaff0c00ccfffcff,fcff0e001400f6ffeeff100014001400f8fff8ff1c00feffceffdefff6fff6ff,1000eefff8ff1600fcfffcff640004006c68a0c27494826864460a9418fa1046
1250,1250,0,fcfffcff0000deff000010000c00ecffeafffaffceff1c00f4ff22002e002e00,f4ffe4ffeafffaff0000e2fffafffaff0400e2ff26001600fafffafffcffecff,ecffecfff6ff0400eeff000004001400f8ffd8ffe0ff0c002000eeff0600f6ff,eeffeeff0600f8ffecff1e001400f4ff0647b6937afa8e46e4c3eaf8dc68bcc2
1251,1251,0,ecff0a00deff1000100000000c000c00cafffaffdeff0c0012000200eefffeff,f4fff4ff0c000c00d4fff2ff1a000a00f2ff1400d8ff06000c00eaffbcfffcff,0e00dcff04000400eeffdeff040004000600f8ff1c001c001000ceffe6ff1600,eeff10004600caffecff3000f4ff040080c378f9a067b2c3fa93a26842471e94
1252,1252,0,ecffbcffeeff0000d2fff2ff1c00ecffdaffdaff1c00e2fef4ffe4fffeffceff,1200f4fffafffaff20003e000a000a001400f2ff36004600eaff0c00dcfffcff,0e00ecff1400f6ff100020001400f4ffe8ffe8ffeeff0c00eeff00001600f6ff,deffeeffe8ffe8ff1e00dcffa4ff240086931c680e477494faf89447a8c368f9
1253,1253,0,bcfffcffdeffeeff0000e2fffcffecfffafffaff0c000c00220002000e000e00,f4fff4fffaff1c002e00d4ff1a001a00f2fff2ff1600f8ff1c000c00fcfffcff,fcffdcff14001400eeffeeffd4ff1400e8ffcaff0c000c000000eefff6fff6ff,10001000e8ff16001e000e002400340026f8464732c456f9526824c4ce931268
1254,1254,0,dcff0a00eeffeeff100020000c00fcffeafffaff0c00feff0200f4ff1e002e00,e4ff12000c001c000000f2ff1a000a00e2ffe2fff8fff8fffafffafffcffccff,dcff0e001400f6ffeeff000024001400f8ffe8ffeeff0c0000001000f6fff6ff,4800befff8ff1600fcff0e00240024001c6802c414945067b447389378f86247
1255,1255,0,fcfffcff2000cefff2fff2fffcff0c000c00fafffeff1c0012000200ceffeeff,2200f4fffafffaff0000d4fffaff1a000400f2ff3600e8ffeafffafffcffdcff,dcffecff22000400deff100004001400e8fff8fffeffe0ffdeff00001600f6ff,0000deff1600f8ffecfffcff2400f4ff0c48269306f9ce4750c5aaf8e26738c4
1256,1256,0,ecfffcffeeffeefff2fff2fffcff0c000c00faffeefffeff220012000e002e00,1200d4ff0c00faffd4ff4c000a000a000400e2ff160016000c000c00ecffecff,0e001e0004000400deffeeff24001400f8ffcaffeefffeff000030001600f6ff,ceff10001600baffecff30002400140060c406f83067d2c45893ce6752485e93
1257,1257,0,ecffdcffceff0000100000000c00fcfffafffaffdeffeeff120012000e00deff,f4ff1200eafffaffe2ff00000a00faffe2ff1400540036001c001c00fcffecff,dcff0e0014001400deff0000f4fff4ffd8ffe8ffd0ffe0ffdeffdeff16000600,00002000f8fff8ff4000fcff04000400269376672e48349476f7384820c5c6f7
1258,1258,0,ecfffcff20000000000010001c00fcffcaffdaff0c00e2fe02000200eeff0e00,0200f4fffaffdaff3e000000fafffafff2ff24000600e8ff1c000c00fcffccff,fcffecfff6fff6ff0000eefff4ff14004400caffeeffeeffeeff0000f6fff6ff,3000eeffdaff46003000dcff1400240030f7cc48b0c5aef75e6780c68e93c267
1259,1259,0,fcfffcffeeffeeff1000f2ffecfffcfffaffbaffeeffdeff02002200eeff0e00,22000200eaff0c00200020000a00eaff14001400060036001c001c00fcffecff,0e000e000400140000001000f4ff0400d8ff0600eefffeffdeffbefff6ff0600,68000000daff16000e00fcfff4ff0400266700c654941067984828938ef60c49
1260,1260,0,ecffecff00000000000010000c000c00eafffaffeeff0c00e4fff4ffeeff2e00,120012000c000c00e2ffe2fffaff0a0004000400360016000c000c00dcffecff,ecff1e000400140000000000e4ff0400e8ffcaffeefffeffdeffeeff06000600,deffdeff16000600ecff1e004400f4ff7c49f692b0f6ae4880c6e6f55267d0c5
1261,1261,0,fcfffcffdeffeefff2ffe2fffcff0c001c001c001c000c00f4fff4ffeeff0e00,1200f4fffaff0c00f2ff00001a000a00f2ff1400640006001c003c001c00fcff,dcfffcff14001400eeff0000f4ff0400f8ff0600eeff0c00deff00001600f6ff,ceff10004600caffecff40000400f4ffdcc640f6926650c6f8924e678c49f292
1262,1262,0,fcff0a002000eeff2000f2ffecfffcff2c000c00feff2c0002001200feff2e00,12002200eaffeafff2ff0000eaff4a000400f2ff16003600faff1c00ecffecff,ecfffcff140014000000eeff1400f4ff0600caffeeffe0ffeeff000016001600,ceff20000600e8ff3000fcff04003400c692d6663e498493e6f52e4a08c7eef5
1263,1263,0,fcffdcffeeffdeffe2ff10000c00fcfffafffafffeff3c00e4ff02002e000e00,120012000c000c00f2ffd4ff4a00faff04001400060016001c00eafffcffecff,dcfffcfff6fff6ffeeff0000f4fff4ffe8ff06000c001c000000000016001600,1000eeff060006001e00dcfff4ff240010f69c49bec660f60e67c0c6e2924267
1264,1264,0,bcff74000000defff2ff0000ecffecffcaffdafffefffeff1200d4ff0e00feff,0200e4fffafffaff2e00e2fffaff4a00f2ff1400260046001c001c000c00fcff,fcffecff040004001000eeff04001400cafff8ff1c000c000000deff16001600,3000ceff160016001e000e0004001400d6666cc7949352669a49a8922ef53c4a
1265,1265,0,fcffecffeeff00000000d2fffcfffcffdafffaff1c001c0012000200fefffeff,12002200daff0c00d4ffd4fffafffaff2400e2ffe8ff06002c002c00fcffecff,1e009cfff6ff04001000deff14000400e8ffd8ffeefffeff00001000f6ff2600,0000deff1600e8ffcaff1e0044000400664a969202f5344ab0c706f6b26618c7
1266,1266,0,ecffdcffeeff00001000e2fffcfffcffcafffaffdeff0c00120002000e00feff,020002000c00daff2e000000faffeaff0400f2ff3600c8fffaff0c00fcffdcff,0e000e00040014001000eeff04000400e8ffd8ff0c00eeff20000000f6fff6ff,deff10004600caffecff1e00e4ff040042c810f452669ec708936e668c4a0293
1267,1267,0,fcffdcffdeff1000f2ff1000dcff0c000c00daffeeffe2fe12003000eeff0e00,12001200fafffaff0000e2ffeaff1a00f2ff3600e8ffd8ff1c00eaff0c001c00,0e00fcff1400f6ff10001000f4ff040026000600e0ffeeff0000000036002600,100030001600daff0e000e00e4ff240076926666844a7493d6f36e4a42c8bef4
1268,1268,0,0a00fcff100010002000f2fffcffecffbaffdaff2c00eeff2200f4fffeff0e00,f4ff12000c00faff2e00f2ff0a00faffd2fff2ff54002600faff0c00fcffdcff,fcff0e00f6ff1400eeff000004002400f8ffd8ffeefffeffeeff300006000600,68000000daff16004000dcfff4ff340028f3b84b1ec872f4ae6634c972923c66
1269,1269,0,dcffecffeeffeefff2ff4e00fcff0c00dafffaff0c004c00e4ffd4ff0e00feff,1200f4ff0c00faffd4ffe2ff0a00faff040014005400f8ff2c00fafffcff1c00,fcff0e001400f6ff2000eeff0400f4ff0600e8ffeeffeeffeeff100026000600,0000beffe8ff06000e00300014000400266602c94693b4651e4ca892a6f37e4b
1270,1270,0,ecfffcff00001000000010001c00dcffeaff0c00feff1c0102000200eeffeeff,e4ff2200faff1c00e2fff2ffeaff0a00f2ff0400c8ff26001c00faffccfffcff,0e00dcff220004001000eefff4ff2400d8fff8ff0c001c000000eeff06002600,000000004600f8ffecff1e0024001400f84b5692a4f3244b14c9e4f2c065b2c8
1271,1271,0,0a00ecffeeffeeff0000d2ff0c000c00faffbaffeeff0c00f4ff22002e000e00,1200f4ff0c00faffe2ffe2ff0a00eaff14003600e8ff0600caff2c00fcff0c00,fcff0e00f6ff04000000eeff0400e4ff2600f8ff2a00feffdeffeeff0600f6ff,deff10001600caffdcff40000400140062c9d8f2b4653cc958922e66fe4b7292
1272,1272,0,0a000a0000000000f2ffe2fffcffecffdafffaffe2fe0c00400002002e00feff,d4fff4fffaff0c00e2ffd4ffeaffeafff2ff14004600d8fffaff1c001c00ecff,0e009cff140022001000ceff0400f4ff0600f8ffe0ffeeff30002000f6fff6ff,deff4800f8ff16004000ecff04001400dc919a65544b569374f28e4cdcc9e4f2
1273,1273,0,fcfffcff00000000100020000c00fcff1c00fafffeffe2fe12001200deff1e00,220012001c00daff2e003e004a00faff3600e2ff3600f8ff0c000c00fcfffcff,0e00fcfff6ff0400eeff1000040014003400d8ff1c00feffeeff100006000600,0000eeffcaff16003000dcff14004400cef1cc4c2cc9fef07e6574c972929065
1274,1274,0,0a002a00eeff1000e2ff0000ecffecff0c00caffdeffceff40000200deffdeff,1200d4ff0c000c002e00f2ffeaff0a001400f2ff26003600faffcaffdcffecff,dcfffcfff6ff1400deffdeffd4ff0400f8ffd8ff0c000c0000000000f6ffe6ff,2000eeffdaff4600dcffecff140014006a653cca66938465be4c3692d4f1b64c
1275,1275,0,1a000a001000eeff00000000dcfffcffcafffaff1c00eeff020002000e000e00,12001200fafffaff2e0020000a000a000400f2ff060036000c002c000c00fcff,0e000e0022000400deffceff040004002600caffeefffeffeeff100016000600,eeffdeff16001600ecff30004400e4ff9c4dcc9128f0524c38cb90f120651cca
1276,1276,0,fcff0a00deff2000e2ff0000ecff0c00fafffaffeeffeefff4ff30001e00eeff,f4ff12001c00faffe2ffb6fffaff4a00f2ff0400160016000c00faff1c001c00,0e000e0014002200deffeefff4ff0400f8ffd8fffefffeff10001000f6ff2600,ceff00001600e8fffcff0e002400f4ffeccafef0b4647ccac291b064464d2292
1277,1277,0,1a00fcffceffeefff2fff2ff1c00fcfffafffaffeeffeeff12001200feff0e00,2200f4ffeafffaffe2ff00000a000a000400e2ff0600f8ff2c002c000c00fcff,9cff0e0014000400deffdeff24001400e8ff0600fefffeff00001000f6ff2600,eeff3000e8fff8ff3000fcffd4fff4ffac910a65324df692d0f03e4d58cbaaf0
1278,1278,0,fcfffcff0000eeffd2ff20000c00ecffdaff0c00eeff1c00120002000e000e00,e4ff12001c001c003e00f2ffeaff5a0004001400e8ff54000c001c00bcff2c00,fcff2e00f6ff0400eeffceff04002400d8ffd8fffefffeffeeffdeff16001600,eeff1000caff06001e00ecffc4ff240096efac4decca58efa064aaccd291d064
1279,1279,0,ecff0a00deff00001000f2ff0c00fcfffaffdaff1c00feff22001200feff0e00,f4fff4ff0c00faffe2ffd4fffaff1a00f2ff240016000600eaffeaffdcff0c00,0e001e0014003200000000000400e4ffe8ffe8ffeefffeffeeff00001600f6ff,5800defff8ff1600fcffecff040014009a640ecc9092c4641e4e9291faef0a4e
1280,1280,0,ecff0a000000eeff0000f2ffdcff0c00fafffaff2c000c0030002200deffdeff,e4ff12004c001c00f2ff0000faff2a001400e2ff1600e8fffaff0c00ecff1c00,0e000e001400220010001000e4ffe4ffe8ff06000c00feffceff00001600f6ff,0000deff1600e8ffdcff1e001400d4ff484e8c91b0ee724dcacc4cefa064e8cb
1281,1281,0,fcfffcff10001000f2ff4e00fcffdcffdafffaff1c002c00020022000e001e00,f4ff02000c000c00f2ffd4fffaff1a0004001400f8ff2600fafffaff0c00ecff,dcff0e0014000400100000000400f4ffd8ffd8ffe0ffeeffeeff000016002600,ceff10001600daffdcff1e000400d4ff12cddcef4464b2cb9291d0646a4ec291
1282,1282,0,fcfffcff20000000f2ffe2fffcfffcfffafffaff0c002c00f4fff4fffeffeeff,f4fff4ff0c000c00c4fff2ff0a002a00040036003600f8fffaff0c00ecffecff,9cffdcfff6ff0400eeff00001400f4ff06000600feff0c0030000000f6fff6ff,deff3000f8ff16003000fcfff4ff34008c917a64104eb692dceeee4e48cc70ef
1283,1283,0,1a00fcff000000001000e2ff1c00dcfffaff0c000c00eeff1200e4fffefffeff,d4fff4ff1c00faffe2ffe2fffaff0a0024001400f8fff8ff2c00eaffdcffecff,0e002e00220014000000eeff14002400f8ffe8ff0c000c000000eeff06000600,10000000dafff8ff3000caffd4fff4ffa6eef84ea2ccd4ed20649accc291e863
1284,1284,0,fcfffcffeeffdeff10000000ecff0c00faff1c00eeff0c0002000200eeff0e00,020002000c00faffe2ffd4ff0a000a00d2ff1400f8ff06001c001c00fcffccff,fcfffcff0400f6ffeeff000004002400d8ffe8ffeeff1c00deffdefff6fff6ff,1000deffdaff0600fcfffcfff4ff0400e6634ece9092c6630e4f329138ee404f
1285,1285,0,fcfffcff10000000f2ffe2ffdcfffcffcaffeaff0c00ceff3000c6ff0e00deff,0200f4ff0c00faff0000e2ff0a000a001400f2ff0600e8ffeaff0c00ecffbcff,0e00fcfff6ff04000000000014000400d8fff8fffeffeeff0000ceff06000600,eeffdeff4600f8ffecff0e002400e4ff684f6c9124edb04ebacdbcee986320cd
1286,1286,0,0a00fcffeeff10001000f2ff0c00fcfffaffcaffeeff0c00f4ffe4ff2e001e00,f4ff02001c00eaff0000f2ff0a000a0014000400060026001c000c00dcff1c00,0e000e0014000400eeffeeff14000400d8ffe8ff1c00eeffdeffeeffe6ff0600,0000eeff0600caff0e001e00e4ffd4ff6eceaaed666302cd62911e63d04f8291
1287,1287,0,fcfffcff200010004e00f2ffecff0c00faff0c00fefffeff02000200eefffeff,f4fff4ff1c002c002000d4ffeafffaff14001400160026001c000c00ecffecff,ecff0e000400140000000000d4ffe4ffe8fff8ffeeffeeffeeffeeff0600f6ff,eeff0000640006001e00fcffd4ffd4ff4c914463e04e3092fcedae4f30ced8ed
1288,1288,0,fcff2a00eeffeeffe2fff2ffecfffcfffaffdaff1c00eeffe4ffe4ff2e00feff,22001200eafffafff2ffd4ff0a000a00f2ff04000600e8ff0c001c001c00fcff,ecff0e00f6ff0400eeff00001400e4ffe8ffcaff1c00eeff00000000f6ff0600,20001000e8ff06003000ecffd4ff14002cec2e5082cdc4eb3e635acf82919863
1289,1289,0,ecffccff0000eeff10000000fcfffcffcafffaff2c002c0002001200deff1e00,0200e4ff0c000c002e00f2fffaff0a00f2ffe2fff8ff06002c002c002c00dcff,0e001e0004002200100010001400e4ffe8ff1600e0ff1c00ceffdeff0600f6ff,3000cefff8ff46000e00ecffe4fff4ff8462bece5092c6623250429128edd04f
1290,1290,0,1a00ecff0000eeff20001000fcffecff0c000c003c010c0002002200feff4e00,1200e4fffaffeafff2ffd4ff1a000a0014000400f8ff06001c000c000c00dcff,7cfffcff04000400deffeeff140004000600f8ff0c00feffdeffdeff16003600,0000eeff16000600ecff0e003400f4ffee503c9106ebe64f0acf2cecac62d8ce
1291,1291,0,fcff0a00eeff10004e000000fcff1c000c00daffeeff0c0002000200eeffceff,e4ffe4ff1c00fafff2ffd4fffaff0a00e2ffc0ff36001600faff0c00dcffecff,fcff0e0014002200100000000400f4ffe8ffd8ff1c00feff20000000d6fff6ff,eeff00000600f8ff0e001e00f4ffe4ff6ecf2eeba662bece1291ce620a518291
1292,1292,0,fcff0a0020000000d2ffe2ff0c001c00faffeaff2c00e2fee4ffd4fffeffdeff,120002001c00fafff2ff00001a001a0004002400c8ff06000c000c00fcff1c00,8cff0e000400f6ffeeff1000040004000600f8ffeeffeeff10000000f6ff1600,ceff2000dafff8ff1e000e00d4ff04001c91d861525230921cec425128d010ec
1293,1293,0,ecfffcffceff100010000000fcffdcffcaffcaffeeffceff1200f4ffeeffeeff,02001200eaff2c002000f2ff0a001a00140014000600f8ff0c002c00fcff2c00,0e009cff040004000000eefff4fff4ffe8fff8ff0c000c000000eefff6fff6ff,10000000daff06003000cafff4ff0400ceea7e515ecf2eea4e628acf42915c62
1294,1294,0,fcfffcffeeffceff000020000c000c001c00eaff0c00eefff4ffe4ff2e000e00,f4ff02000c00faffe2ffe2fffaff5a0036001400460006000c000c000c000c00,0e007cff14000400deffdeff04000400d8fff8ff1c00feffeeffdeffd6ff0600,2000deffe8ff1600fcfffcfff4ff2400a86194d03092766282512291b4ea8a51
1295,1295,0,fcff0a000000000010001000ecfffcfffafffaffe2fefeffc6ffe4ff1e00feff,e4ff1200eaff2c000000f2ffeaff0a0004000400060026001c00faffecfffcff,fcfffcff1400f6ff2000000014000400e8ff2600feffeeffeeff1000f6fff6ff,eeffdeff54004600ecff1e00d4ffa4ff8e510c91bee93253ced0ecebcc61fcd0
1296,1296,0,fcffecff0000eefff2fff2ff1c00dcff0c001c000c000c00e4ff0200deff2e00,1200f4ff0c00eaffc4ff2e000a000a0014001400f8ff2600faff1c00fcffdcff,fcff0e0004001400eeff200014001400d8ff16000c00feffdeffdefff6fff6ff,eeff00001600caffcaff3000f4ffd4ff14d10eeac6615ed01291ba615a524291
1297,1297,0,0a00dcff0000eeff1000f2ff0c00fcffdafffaffeeffeeff12000200eeff0e00,f4ff12001c001c000000f2ff0a00eaff14000400060006001c00eaff0c00fcff,dcff0e001400140010001000a4ff0400f8fff8ffeefffeffdeff1000f6fff6ff,deff2000f8fff8ff30001e00e4fff4ffcc9068613253c0915ceba251bcd124ea
1298,1298,0,fcff1a000000eeff00001000dcff0c000c00faffeefffeffe4ff22000e002e00,12002200eafffaffd4ffd4ff0a000a0024000400e8ffc8ff0c001c001c001c00,ecffdcff22001400ceff200004004400e8fff8fffeffeeff0000ceff0600e6ff,10000000daff16000e00dcff0400240042e9a8523ad1fee88a6192d2e8908c61
1299,1299,0,bcff1a000000000020000000fcffdcffcafffaff0c00eeff020002002e001e00,1200e4ff0c003c00e2fff2ff0a00eafff2ffe2fff8ffd8ff1c000c000c001c00,0e00fcff040014000000000004000400f8ffcafffeff1c00eeffeefff6ff2600,1000ceff06001600fcfffcfff4ff2400f8603ed2b09170612a53d29024e9ba52
1300,1300,0,ecffecffeeffeefff2fff2fffcff0c00fafffaffeefffeffe4ff02000e003e00,0200f4ff4c000c00d4ffe2ff1a001a001400f2ff06002600faff1c00fcfffcff,1e000e00140014000000eeff140014001600f8ff0c00feff0000eeff06000600,eeff00000600f8ffbaff0e004400f4ffd852ac9020e8425402d21ce84c613cd2
1301,1301,0,0a00ecff00002000000000000c00ecff2c000c00eeff0c000200f4fffeff0e00,0200e4fffafffafff2fff2fffafffaff04002400e8fff8ff0c001c00fcff0c00,1e000e00f6ffe6ffeeff1000040014001600caffeeff0c00deff0000f6fff6ff,deff00000600baff1e003000f4ffc4ff10d352e80061cad1c2901a614653c890
1302,1302,0,2a00fcff0000eefff2ff0000ecff1c00daffdaffeeffeefff4ff22001e000e00,02001200fafffaffe2ffe2fffaff0a0014001400d8ffe8fffaff0c002c00fcff,fcff1e00f6fff6ff00001000f4ff540016002600feffeeffceffceffe6ff0600,eeff2000f8ffdaff0e000e00d4ff0400ac907860e254c091a8e72c549cd27ae8
1303,1303,0,fcffbcffeeff00000000e2ffecff0c000c00dafffefffeff02000200fefffeff,e4ffe4ff2c000c000000f2ff1a000a0014000400aaffb8ffeafffaffccfffcff,dcff1e0014000400eeff00001400f4fff8ffd8ff0c00feff2000eefff6ff0600,1000eeffcaff16003000fcfff4ffe4ff02e86a53ead160e7fa60b2d2d890b260
1304,1304,0,fcff0a0000000000f2fff2ffecff1c00bafffaff4c00f2fe02001200eefffeff,12001200faff0c00e2ff2000faff1a00f2ff040006002600faffeafffcff1c00,fcfffcff0400f6ff00001000e4ffe4ffd8ffcaff0c00feff2000defff6ffe6ff,5800deff16006400fcfffcff1400e4ff5860a0d3c091a2604c54a290cae7d653
1305,1305,0,fcfffcff00001000f2ff1000ecff0c002c00caff0c00e2fe300002002e000e00,020002000c000c0020002e001a00daff0400f2ffd8ff0600fafffaffecffdcff,0e000e00f6fff6ff0000deff140004000600e8ffeeff0c000000eefff6ff1600,0000deff06000600ecff1e004400d4ff8a53bc90c0e6f25454d458e78260aed3
1306,1306,0,fcfffcff00000000f2fff2ffecfffcff0c00faffeefffeff0200e4ff2e000e00,f4ff1200faffeafff2ffc4ff0a001a0004001400e8ffc8ff0c00caff1c003c00,fcfffcff2200f6ff0000cefff4fff4ffaafff8ff0c00eeff0000eeffe6ff1600,ceff10004600daffdcff3000f4ff04004ed4ece69260f0d47290c65f5654c890
1307,1307,0,0a00ecff0000000010001000ccffdcfffaff2c0002ffe2fe0200f4ff1e00eeff,2200f4ffcaffeaffe2fff2ff5a00faff14000400d8fff8ffeaff2c00fcffccff,0e00fcff0400f6ff00001000f4fff4ff2600e8fffefffeff0000eeff06000600,eeff0000e8ffcaff1e00fcffe4ffe4ff7c902860a055a091bae59c546ed498e6
1308,1308,0,ecfffcff10000000f2ff2000ecfffcfffaff2c001c000c00220002000e000e00,020002000c00faffd4ffe2ffeafffaffe2fff2fff8ffaaff1c00eaff2c00ecff,fcff0e00040004001000defff4ff140026001600feff0c002000eeffd6fff6ff,1000eeffdaff46003000dcffc4ff44003ce6f654a0d5a2e5965f54d5b890ca5f
1309,1309,0,fcff0a000000000010002000ecff0c00faff0c000c000c00220040003e00ceff,f4fff4ff1c000c00d4ff2e00eaff5a002400e2ff3600f8ff1c003c00fcfffcff,fcff0e00040014000000100014002400f8ffe8ffeefffeffceff200026000600,1000ceffe8ff16000e000e0034000400725f5cd58091bc5fcc55b290e8e50e55
1310,1310,0,fcff0a000000deff0000f2ffecfffcff0c00eaff0c00eefff4ff12000e000e00,f4fff4ff0c001c003e00e2ff1a001a00140004000600e8ff2c00eaff0c00fcff,0e000e00040004001000eeff04000400060006000c000c00eeff200006000600,100000000600f8ffdcffecff2400e4ff86557c9074e57e5684d5fae46a5f56d5
1311,1311,0,0a00fcff00001000e2ff2000fcffecff2c00faff1c002c00f4ffe4ff2e000e00,1200e4fffaff0c000000e2fffaff0a000400d2ff0600d8ff0c00fafffcff1c00,0e00fcff14000400deff200004000400f8ff06000c000c000000eeff1600e6ff,eeff00000600daff0e001e00e4ffd4ff48d610e5145fbed6b2902a605e557890
1312,1312,0,dcffecffceff10000000f2ff0c00fcfffaffdaff0c000c00220030000e000e00,02000200faff1c00f2ff0000eaff0a00f2ff1400e8ffd8ffcaff0c00fcffdcff,fcffecff140004000000deff0400e4ffe8ff2600eefffeffeeff0000d6ffe6ff,deff1000e8ffdaff0e000e00e4ff04006c90025f8e5670919ae47c56d6d548e5
1313,1313,0,ecff0a000000deffd2ff0000fcff0c000c00faff2c000c00300030000e00eeff,f4ff12000c00eafff2ffe2ff0a00eaff04000400c8fff8ff1c00faff3c00fcff,fcfffcfff6fff6ff0000eefff4ff0400e8fff8fffefffeff0000000006001600,10000000daff16001e00ecffd4ff54008ae332566cd734e4d65e74d688900a5f
1314,1314,0,fcfffcff0000eeffe2ff1000fcfffcffcaff1c00eeffeeff0200f4ffeeff0e00,f4fff4ff3c001c00e2ffd4ff0a000a00d2ff1400d8ffd8ff1c002c00fcffdcff,0e00fcfff6fff6ffeeffeefff4ff1400d8fff8ff0c00feffeeffdefff6fff6ff,0000defff8ff1600dcffecffe4fff4ff925ee8d65091945e8c56629080e4ee55
1315,1315,0,0a00fcff00000000e2fff2ffecffecfffaffcaff0c001c0022001200feff2e00,120012001c000c00e2ffd4ff0a000a00f2ff2400e8ff16001c001c000c00dcff,1e001e0014000400deff0000f4ff0400e8ffe8fffeff0c00deff000026000600,0000eeff0600f8ffdcff0e001400e4ff82566c9034e33e5714d70ae4625ed6d6
1316,1316,0,fcffecff0000000010000000dcffecfffaff2c00eeff1c000200e4ffdeff0e00,e4fff4ff2c000c00d4ff3e00eafffaff04000400f8ffd8ffeaff0c001c00dcff,0e008cff04000400000010000400f4ffe8ff3400feffeeff0000eeffd6ff0600,deffeeff2400caffecff1e000400040078d71ae3245e1cd84290365eae566890
1317,1317,0,fcfffcff00000000e2ff1000fcfffcfffaffdaff1c00eeff120022000e003e00,1200f4fffaff1c00c4ff2e00faff0a0004000400d8ff1600faffeaffecffecff,ecfffcff3200f6ffceff1000040004002600d8ffeeffeeffeeff200016000600,100020000600caff1e000e00040004006c90325e00583091c8e2ac56bed7d0e3
1318,1318,0,fcfffcff1000000000001000fcffecffcafffafffeffe2fee4fff4fffeff3e00,02000200faff0c002000e2ff0a001a0014002400d8ffd8ff0c000c00ecffccff,8cfffcfff6ff0400eeffeefff4ff14003400e8fffeffeeffeeffeeff06000600,2000eeffdaff16000e00ecffc4ff34009ae2e256ccd876e2865ef8d85890125e
1319,1319,0,fcfffcff00000000e2fff2fffcfffcff1c00daffeeffeefff4ffe4fffeff2e00,f4ff12000c00faffe2ffd4fffaff1a00e2ff0400e8ffe8ff1c00faffdcff1c00,dcff0e0004001400eeffbcfff4fff4ffe8ff06000c00e0ff0000cefff6fff6ff,20000000daff1600ecffecfff4ff2400765d7ed87091c85d3c57a290c4e21657
1320,1320,0,fcffecff0000000000000000dcfffcfffaff0c00e2fefeff40000200feffceff,02001200faff1c00d4ff20000a000a00d2ff1400e8fff8fffaff0c00dcffdcff,fcffdcff040004000000ceff04001400caffe8ffe0ffeeff2000eeff1600e6ff,0000ceff16000600caff1e002400d4ffa2576c90c0e1005858d834e1725dc0d8
1321,1321,0,fcff0a0000000000f2ff00001c00fcfffaffeaffe2fee2fe0200f4ff0e002e00,12001200faffeaffd4fff2ff0a00faff1400f2ff0600f8ff0c000c00ecff0c00,0e000e001400f6ffdeff000004001400f8ff1600e0ff0c002000100016000600,eeff20005400caffecff30000400d4ff2ed98ee1185d3cd9de8ff65db6576890
1322,1322,0,fcffecffeeffeeff1000f2fffcfffcff0c00faff0c00feff4000e4ff0e000e00,1200f4fffafffaffd4ffd4fffaffdaff04001400e8ff1600eaff0c00ccfffcff,0e00fcff04001400eeff0000f4ff0400d8ffd8ffeeffe0ff0000deff0600e6ff,eeff2000e8ffcaff0e000e00040004003c90f65c8458409134e1005970d964e1
1323,1323,0,ecff0a00deff1000f2fff2ffdcffecfffaffdaffeeffeeff020030000e00feff,e4ff02001c000c00d4ffd4ff0a001a002400f2ffe8fff8fffafffafffcffecff,0e000e002200f6ff1000eefff4ff04002600f8ff2a00feffeeffdefff6fff6ff,10002000060016001e00caffb4ff24007ee0f857e8daf2e0465d68d92890125d
1324,1324,0,1a00ecff0000deffd2ff0000fcffdcfffaffeaffeeff1c00120012002e00beff,e4ff12000c000c00e2ff20000a000a00f2ff04001600e8ffcaff0c000c00ecff,fcfffcff22000400eeffdefff4fff4ff2600f8ffeefffeffeeff0000d6ffe6ff,3000beffdaff54001e00ecff2400d4ffc65c18da0a91185d80586290c4e00658
1325,1325,0,1a00fcffeeff10000000f2ffbcfffcff0c00eaff0c00e0ff22001200feff3e00,120002000c00faffe2ff00000a001a00f2fff2ffd8fff8ff0c00faffecff0c00,dcff1e000400e6ffeeff0000d4ff0400e8ffe8fffefffeffeeffdeffe6ff0600,1000eeff06000600dcff30002400e4ff48584c9092e024594cdab4e0b25ce0d9
1326,1326,0,0a00fcffceff0000d2ff20002c00dcffbafffaff0c00eeff300022001e000e00,f4ffd4fffaff0c00d4ff2e001a00eafff2ff04000600d8fffafffaffdcffecff,0e00dcff140014000000200014000400e8ffcaffe0ff0c00eeff1000f6ff0600,ceff00004600e8fffcff1e00f4ffd4ff9ada0ee0785c28db4290a65cc8582890
1327,1327,0,fcffdcff00002000f2fff2fffcff0c00eaff0c001c001c001200e4ff2e00feff,f4ff02002c000c00e2ffd4ffdaff0a0014003600160006000c00cafffcff0c00,fcfffcff22001400deffceff04001400e8ff4400fefffeff0000eeff0600e6ff,eeff3000f8ffcaff1e00ecffc4fff4ff4c90765c7459409180dfb058a0dab4e0
1328,1328,0,fcff0a002000eeff000020000c000c00dafffafff2fe1c00e4ff30002e00eeff,f4ffe4ffeaffeaffe2ff3e00fafffaff140014002600f8ff0c000c003c003c00,fcffecff040004000000deff0400f4ff2600e8fffeffe0ffeeff400006000600,30000000caff06004000dcffe4ff140018df2859f8db94df965c3cdb58903a5c
1329,1329,0,dcffecffeeff10001000e2ff0c00fcffcafffaff1c001c00120002000e000e00,e4ffe4ffeaff0c00d4ff3e00eaff0a0004000400e8ff26000c00fafffcff0c00,0e00ecfff6ff1400100000000400f4fff8ff2600eefffeff200020000600f6ff,1000eeffe8ff16001e000e0014001400e25b7adbfa90485c8059ce8f32df0859
1330,1330,0,2a00fcff0000eeff0000f2ffecff0c000c00daffeeffe0ff400030003e003e00,12000200eaffeaff1000e2ff0a00faff36001400f8fff8ffeafffafffcff1c00,1e00fcff0400f6ffdeffeefff4ff0400f8ffcafffeffe0ffeeff1000f6fff6ff,1000eefff8fff8ffecff30007400040088593c9084de4a5a60dc60deca5b50db
1331,1331,0,fcfffcffbeff00001000e2ffdcff1c00bafffaffe0ffd0fff4ffe4ffdeff0e00,300022000c00eaff0000f2ffeafffaff1400040036000600eafffaffccffecff,1e000e001400f6ff0000eeff04000400060006002a00eeff10001000e6ffe6ff,deffeeff6400daff0e00ecffe4ffd4ff0cddb8de585b68dc6290d65be8598890
1332,1332,0,bcfffcffeeffeeff100030000c00ecffeaff0c001c000c00f4ff02000e002e00,f4ff1200eaffeaffe2ff00000a00eafff2ffd2ffe8ff06000c000c00ecffdcff,8cfffcfff6ff2200acffceff0400e4ffaaff0600c2fffeffeeff3000f6ffe6ff,eeff10000600caff1e001e00d4fff4ff3c90725bda5aea9000dec45a92dc3ade
1333,1333,0,fcfffcff20001000f2ffe2ffdcffdcffeafffaffeeff2a00120002002e00feff,1200f4ffdaffdaff200020000a000a00e2ff14000600e8ff0c00faffccffecff,1e001e00f6ffe6ffeeffdefff4ff0400e8fff8ffd0ff0c0000002000f6fff6ff,eeffeeffe8ff06001e00ecffe4ff440018de225a26ddb6ddf45a50dc18905a5b
1334,1334,0,1a001a001000eeff0000f2fffcff0c000c002c00f2fe2a001200e4fffefffeff,220012000c00eafff2ffd4ff0a000a00f2ff0400f8ff06001c00caffecff0c00,fcffdcff1400f6ffeeffeeff04000400f8ffd8fffeffeeff00000000f6fff6ff,3000eeff060006001e00ecff24001400b45afcdc3091085b845a5290eadd185a
1335,1335,0,fcff0a00eeff1000f2ff0000ccffdcff0c00faff1c0002ffc6ff02003e001e00,f4ffe4fffafffaffe2ffe2fffafffafff2ff0400c8ff06000c000c00ecffecff,0e00fcff0400f6ffeeffdeffe4ff04000600e8ffeeffeeff1000deffe6ffe6ff,0000deff06000600ecff0e002400d4ff745a3c9046dd285b90dd30de5e5a8add
1336,1336,0,ecfffcff00002000200000000c00fcffcafffafffeffeeff40000200eefffeff,1200e4fffafffaffe2ff00000a00faff14000400260006004c002c00fcff0c00,0e00fcff04000400eeff30000400140034000600feffeeffeeff0000e6ff0600,aeff00001600cafffcff4000e4fff4ff38de0cddaa5a36de3290345a785a4890
1337,1337,0,1a00fcff00000000f2ff0000ecfffcffbaffdafffefffefff4ff12001e002e00,f4ff0200fafffaffe2ff2e00eaffeaff04000400d8fff8ff0c001c00ccffecff,0e000e0004000400eeff000014000400f8ffbafffeffe0ff000000000600e6ff,eeff0000f8ff060030000e00b4fff4ff6c90c859885b0a9140dcd45a5adecadc
1338,1338,0,bcfffcff000000000000f2fffcff0c00faff1c00eeffeeff1200e4ff0e000e00,f4ff02000c00daffe2ffd4ff1a000a00d2ff040006002600faff0c00ecff1c00,2e00fcff040014000000deffe4ff1400e8fff8ff0c00e0ffdeffeeffd6ff0600,10001000f8ffe8ff3000caff040024006cdcd45ae4de98dc545a00df58902e5a
1339,1339,0,fcff0a00eeffeefff2ff10000c001c00faffdaffe0ffeeffe4ff0200feffceff,1200f4ff0c00faffd4ff2e00eafffaffe2fff2ff460036000c000c001c001c00,fcff1e0004002200eeffdeff140014000600e8ffeeff0c00eeff3000e6ff1600,2000eeffe8ff46000e00fcfff4ff04006859e8deea903a5a745b429002dc4a5b
1340,1340,0,fcff0a00000010000000e2ffdcffecfffaff3c00feffe0ff5000f4ff0e000e00,f4fff4fffaffeaffd4ffe2ff0a00faff24001400e8ffe8ff0c000c00ecff2c00,fcfffcff040032000000100004000400e8ffe8ffeeff1c0020000000e6ff0600,0000000064001600fcff30002400a4ffd25b4c90d8dbb85b40dfdcda585902df
1341,1341,0,0a00ecffeeff00000000d2fffcfffcff1c000c000c00eeff120012002e000e00,f4ffe4fffaffeaffd4ff2e000a001a000400f2ff26000600fafffaff1c001c00,1e00fcff04000400deff000014000400f8ffcafffeff1c00000020001600f6ff,deffeeff1600baffdcff30003400f4ffcedfeada445902e04290445aba5b3890
1342,1342,0,0a000a000000eefff2ff1000dcfffcfffaff0c000c00fefff4ff0200feff1e00,120012000c00faffe2fff2fffafffafff2ff140016001600faff2c00ecff0c00,0e000e0014000400eeffdeffe4ff0400d8fff8ff0c000c00deffeeff06001600,000020001600f8ff3000fcffc4ff34004c900859585c80917cda365ce2df62db
1343,1343,0,0a00fcff00000000f2fff2ffecffdcff1c000c000c00eeff300002002e000e00,1200f4fffafffaff2000f2fffaff0a0004001400260016000c000c00fcff1c00,0e001e0004000400eeffeeff140004000600e8fffefffeffdeffeeff06000600,0000deffdaff16001e00ecff0400240008da865c22e098da4059c0df3890e858
1344,1344,0,ecfffcff000000000000f2fffcfffcff1c001c00eeffeeffe4ff02002e00feff,02000200faff1c00100020000a000a0014000400360054000c002c00fcff0c00,dcfffcff140004001000defff4fff4ff06000600feff1c00eeffdefff6ff1600,3000deffcaff16000e00fcff2400f4ff98586ee01a917459865c529050da2a5c
1345,1345,0,0a000a00eeffcefff2fff2fffcfffcffdaff0c00fefff2fe02001200feff1e00,22000200faff0c00f2ff20000a000a00040024000600d8ff0c000c005c00dcff,0e001e0022000400deffdeff04001400e8ff0600feffeeff0000eeff2600f6ff,0000deff06000600bafffcff0400d4fff65c3c9012da385d34e16cda585894e0
1346,1346,0,bcfffcffeeff00000000e2ffbcff0c00faffdaffeefffeff22000200eefffeff,02001200faff0c00d4ff2e000a00faff2400f2ff06000600faffeaff1c001c00,0e000e00f6ff2200deffeeff24000400d8ff06001c00feffdeff2000d6ffe6ff,deffeeff0600dafffcff3000e4ff0400fee05ed92459b2e1de8f8058e25c1890
1347,1347,0,fcfffcff0000deff2000f2ff0c00ecff0c002c000c001c003000e4ffeeff0e00,220012000c000c00f2ff2000eaffeaff1400040006001600caffeaffdcff1c00,1e003e0014000400eeffdeff14000400d8ffe8ff0c00feffeeff0000f6ff0600,eeff2000f8fff8fffcfffcfff4ff14003c904858485d0a9128d9d65c84e1c0d9
1348,1348,0,ecffdcff0000eeff0000f2ffecfffcffdaffcaff0c002a004000e4fffeffdeff,f4fff4ffdaff0c003e0000000a00eafff2ff0400060016002c000c001c001c00,0e000e001400140000000000b4ff040006000600feff1c0020001000f6ff0600,eeff1000caff54004000ecffd4ff14003ed8365dd2e184d9205888e25890e657
1349,1349,0,0a000a001000defff2ff10000c00fcffeafffafffeff0c000200d4ff0e000e00,1200f4ff1c00fafff2fff2ff0a000a00f2fff2ffe8ff06000c00faff2c00fcff,0e00dcff1400f6ffdeff0000040044000600cafffeffeeff1000eeff06001600,1000deffe8ff16000e00fcff14000400e8572ae20a91b458b65d629000d9325d
1350,1350,0,fcff0a00ceff00003000f2ffecffecffdaffcaffe2fe1c0012002200feffdeff,12001200daff1c0020002000fafffaffe2fff2ff06002600faffeaff0c00ecff,fcffdcff14002200100010000400f4ffd8ff2600e0ff0c0000001000f6fff6ff,00001000f8ff0600ecff1e00f4ffe4ff665d3c904ed8b85db8e248d87657b4e2
1351,1351,0,fcff1a001000eefff2ff1000ecfffcff1c00faff2c00e2fef4ff02002e00eeff,12002200eaff1c00e2ffe2ff0a00faff2400f2ff360016002c000c00dcff1c00,0e002e00220014000000deff0400040006002600fefffeffeeffeeff1600f6ff,ceff00001600daffecff3000d4ff0400fae288d7e057f4e27290cc57a25d8890
1352,1352,0,fcff0a000000eeff00004e00ecffecff0c00daffeeff0c0040000200eeffceff,f4fff4fffaff0c003e00f2fffaffeafff2ffd2ff360046000c00caffbcffecff,0e00dcff32001400000010000400040034002600feff0c00eeffdeff0600d6ff,eeff20000600e8ff0e00fcffd4ffe4ff5c90e256245e609154d7765ea0e388d7
1353,1353,0,fcfffcff1000eeffd2fff2fffcff0c001c001c000c00e2fe30003000feff0e00,120012000c00eaffe2ff2e00eaff2a000400f2ff36002600faff0c000c000c00,dcff2e0014001400deffdeff04001400d8ff26000c00feffeeff2000f6ff3600,20000000e8ff06000e00dcffe4ff240068d7325ea4e37cd73c57e8e238900657
1354,1354,0,ecfffcffeeff0000000010000c00ecfffaffeaffceff0c0002002200feffeeff,e4fff4ffeaff0c0000000000eaffeaff1400e2ff06004600fafffaffecffecff,fcff0e00f6ff1400100000001400f4ffd8fff8ff0c000c002000eefff6ffe6ff,3000deffdaff6400fcffdcfff4ff040082568ae360914057865e729048d7225e
1355,1355,0,1a00fcffeeff00000000c2ffecff1c000c00faff1c001c00e4ff30002e00feff,120022000c00daffe2ffe2ff0a00fafff2fff2ff2600f8ffeafffafffcffecff,2e00fcff1400f6ffeeff300014000400e8ff06000c000c00eeffdeff16002600,1000000046000600dcff1e001400f4ffd25e6c909ed6b45ef2e4a4d62e5610e4
1356,1356,0,fcffecffdeff000000001000ecffdcfffaff0c000c000c00300040000e000e00,e4ffd4fffafffaffe2ff2e00eaffeaff2400c0fff8ff0600fafffafffcffdcff,1e00ecfff6ff140010001000140004001600caffeeffeeff0000100016000600,beffeeff0600daff0e001e001400e4ff58e448d61057c4e452900c56725e5890
1357,1357,0,1a002a0000000000f2ff0000fcff1c000c00fafffeff0c0002000200feff0e00,220012001c00fafff2ffe2ff0a001a00f2fff2ff4600f8ff0c00eaff0c002c00,fcff1e002200f6ffceff00001400140026004400eeff0c00000020000600f6ff,eeff0000f8ffe8fffcff0e00e4ff24008c90c655345f709104d6a65ec8e4e0d5
1358,1358,0,ecfffcffeeff10000000f2ff1c00fcff1c00caffe2fee2fe220022000e000e00,f4ff0200daff1c002e003e000a000a00f2ffe2ff260046002c000c000c00dcff,0e00dcff040004000000eeff040004002600f8ffeeff1c0000002000f6fff6ff,1000eeffbaff06004000dcff040024004cd5325f64e530d60c5662e6b890ae55
1359,1359,0,ecfffcff00001000f2ffe2fffcff0c00eaff0c001c00e2fe2200f4ffceff2e00,e4ff0200faff0c00d4ffe2ffdafffaff14003600360016000c00faff1c001c00,ecffdcff140014000000ceffe4ff1400e8ffe8ff1c000c00deffeeff16002600,3000eeffdaff4600fcffecff34000400565590e5a0913e56465f629060d53a5f
1360,1360,0,fcff0a00eeff00002000f2ffdcff0c00faffeaffe2fe2c010200f4ff0e002e00,0200e4ffeafffafff2ff00001a00eaffd2ffe2ffc8fff8ff2c00eafffcff0c00,fcfffcfff6ff22001000eeff0400f4ff26000600eefffeff10003000f6fff6ff,eeffbeff06000600ecff1e000400c4ff325f3c9090d5a45fd2e664d4ce5488e5
1361,1361,0,fcfffcffceff000000000000ecff0c000c00faff0c004c00f4fff4ffeeff0e00,1200f4ff3c00faffe2fff2fffaff1a00e2fff2fff8ffe8fffaff1c00ecff0c00,dcff1e0032000400deffeeffb4ff24000600e8ffeeff0c00deff0000f6ff0600,ceff10002400caffecff0e00d4ff0400dce6bcd47055f2e55290cc555a5f9890
1362,1362,0,0a000a00deffeeffe2ff2000fcfffcff0c002c000c00deff020002003e00feff,f4fff4ffeaffeaff3e00f2ffeaffeaffe2ff14000600f8ff1c00fafffcffecff,0e00fcfff6ff0400eeff10000400140016002600feffeeffeeff00000600f6ff,10001000f8fff8ff0e00fcffe4ff14006c90c654b45f7091d4d48a60b8e6b0d4
1363,1363,0,dcff0a0020000000f2ff0000ecff0c00daff0c000c00deffd4ff0200eeff2e00,f4ff30002c000c00f2ffb6fffafffaff040024002600f8ff1c00caff0c002c00,9cff0e000400f6ffeeffdefff4ff1400d8fff8ff1c00feff1000deff16001600,10001000e8ff06000e00ecff04001400a0d3286090e600d50854b2e69890be54
1364,1364,0,1a00fcffeeff0000f2ff10000c00ecff0c000c00feff1c001200f4ffeeff2e00,0200f4fffafffafff2ff20000a000a000400d2ffe8ff1600faff1c00ccffccff,0e00fcff0400140000001000240004000600e8ffeefffeff1000eeff06000600,2000deffbaff46000e00ecff1400b4ffa6545ce7609102552a60e290c8d3ca5f
1365,1365,0,fcff0a00ceff000000000000ecff2c00fafffafffefffeff020002000e002e00,12002200daffdaff0000d4ff0a000a0004002400540036000c00faffdcfffcff,0e001e0004002200eeff0000f4ff1400d8ff06000c000c000000deff16001600,0000defff8fff8fffcfffcff1400b4ff78608c9050d4b26056e8f4d3e653cae7
1366,1366,0,0a00fcffeeff0000f2ffe2ff1c001c000c000c001c001c00f4fff4ff1e000e00,12001200daff0c00200020000a00eaff1400f2ffe8ff06000c000c00fcffdcff,2e002e00e6ff0400000000001400f4ff2600f8fffefffeffeeff100036000600,eeff00001600dafffcff30000400f4ff72e8d0d2a25490e7a290e6528c608890
1367,1367,0,0a00fcff00001000e2ffc2ff0c001c00caff0c002c00e2fee4ffe4ff0e000e00,e4ff22003c00dafff2ffd4fffaff0a0014000400460036000c001c00dcfffcff,fcff3e0032001400eeffceff04002400e8fff8ff0c001c000000deffd6ff0600,beff1000f8fff8ff1e00dcffb4ff24009c90e2531061d09182d26a605ae878d3
1368,1368,0,fcffecff10000000000030000c00ecff0c00faffceffeeff020002000e00deff,0200e4ffeafffaffd4ff00000a00fafff2ff0400c8fff8ff1c000c00ecffdcff,0e000e0004001400eeff100004002400e8ffd8ffeeffd0ffeeffeefff6fff6ff,30001000daff16003000ecffe4ff04005ed2d860aee892d3c65286e998909653
1369,1369,0,ecff1a00deffeeff20002000fcfffcff0c001c002c00eeff12001200feff0e00,02000200faff0c00e2ffc4fffaff1a00e2ff1400260036000c002c00ecfffcff,0e000e00220014000000deffe4ff1400e8ffe8ff0c000c002000eeffd6ffd6ff,10000000caff54000e00caff04001400c852d2e8b09172537a61f2900cd2ec60
1370,1370,0,1a000a0000000000e2fff2ff0c000c000c00faffeeff2c00300012001e002e00,0200f4fffaffeaff0000d4ff0a00faff0400d2ff0600f8ff2c00caff2c00fcff,1e00dcff04000400eeffdeff24001400f8ffe8ff0c00feff0000000046001600,1000eeff1600f8ffecff0e005400d4ff3861ec9036d040610aea6ed1165324e9
1371,1371,0,2a001a0000000000f2ff0000ecffecfffaff0c002c002c00f4fff4ff0e00eeff,f4fff4fffafffaffe2ff0000daff1a00d2ffe2ff160016000c001c00fcfffcff,0e000e0004001400eeff1000f4ff1400d8ffd8ff0c000c00eeffeeffe6ff1600,eeff20005400e8ff0e003000f4fff4ff94e9a4d162539ee9d290a6526c61d890
1372,1372,0,1a00fcffeeff100010002000fcfffcfffaff0c00eeffeeffe4ff02000e00deff,1200f4ffeaffdaff2e00f2ff2a00faff0400e2ffd8ff0600faff0c00fcffdcff,fcff0e00f6fff6ffceff000004001400d8ffd8ffeefffeffeeff000006002600,deff00000600daff3000fcffa4ff0400ec905852f661e0913ed18a61d4e98cd1
1373,1373,0,fcff0a0000000000000010000c000c001c001c002c014c0012000200deff2e00,02002200eaff1c003e00d4ff0a001a00e2ffd2ffe8ff0600faff0c00ccffdcff,0e000e0022001400eeff00001400f4ffe8ff1600feff0c001000000016001600,eeffeeffcaff06003000dcfff4ff0400b4d068610eea9ecf465296e922919a52
1374,1374,0,0a00fcff00001000f2ff1000fcfffcffdaffeaff0c000c00e4ff1200cefffeff,02000200fafffaffc4ffd4fffafffaff1400e2ffe8ffe8ffcaff0c002c001c00,fcffdcff0400f6ffeeffdeff04001400d8ffe8fffefffeff1000100016000600,0000eeffcaff46000e00fcffb4ffd4ff6e519eead09112532e624291a2d0fc61
1375,1375,0,1a000a00eeff000010001000dcffecffdafffaffeeff0c0002000200eeffeeff,02000200fafffaff2e00c4fffaff1a00e2ffd2ffb8ff26000c002c00dcff0c00,0e00ecfff6ff22000000eeff24002400d8ff26000c00feff000030000600e6ff,deff00001600e8ffecff1e000400f4ff2462ec90bece4662fcebbed0fa51d4ea
1376,1376,0,ecffecffeeff00000000f2ff0c00ecfffafffaffeeffeefff4ff0200deff0e00,1200f4fffaffeafff2ff10000a000a00e2ffe2ff1600d8ff2c000c00ecff0c00,dcfffcff140004000000eeff040004000600e8fffefffeff00000000f6fff6ff,ceff10006400caffecff0e00f4ffe4fffeea6ecfb252deea129192503c623291
1377,1377,0,0a000a00eeffcefff2ff1000ecffdcff0c00faff0c00eeff1200e4ff1e00feff,f4ff22001c000c002e00f2fffafffafff2ff1400260036000c001c00fcff0c00,fcff2e0004000400100000000400f4ffe8ff1600e0fffeffdeffeeff1600f6ff,eeff30000600daff3000fcfff4ff2400ec90fe50766210923acf4e6220eca2cf
1378,1378,0,ecff0a0010000000e2ff2000ecfffcfffaff0c000c000c00f4ffe4fffefffeff,e4ff22000c00fafff2ffe2ff0a001a00f2ff1400f8ff06000c00eaffccffecff,0e001e0014001400eeffceff04002400d8ff06000c001c0020001000f6fff6ff,0000eeffcaff06001e00ecffe4ff0400d4cf5462c4ebeece92501ced22916a51
1379,1379,0,0a00fcffceff000010001000dcffecfffaffdaffeeffeeffd4ff0200eeff1e00,12001200eaff0c00d4ff20000a000a00f2ffe2ff360026000c00faff0c00fcff,fcff2e00040014000000ceff04000400d8ffd8ffeeff1c00eeffeefff6fff6ff,1000ceffcaff6400fcffecfff4ff1400be509eebc0910452be62129138cf5c62
1380,1380,0,fcff0a00eeff200010001000dcff1c001c000c00eeffeeff02002200eeff0e00,f4ff02000c002c003e00f2ffdaffeafff2ff0400360006000c000c00ccfffcff,0e002e001400220010000000f4ff1400e8ffcaff0c000c0020000000f6ff0600,deffdeff0600f8fffcff0e001400c4ffb4622c91c2cdc6624ced4ace5050c6ec
1381,1381,0,fcfffcffceffdeff100010000c000c000c000c000c00e2fee4ff02000e00feff,0200e4ffeafffaffe2ff3e000a00faffd2fff2fff8ffc8ff1c002c00fcffdcff,4e000e0004000400eeff0000440004002600caffeefffeff1000eeff16000600,eeff00001600e8ffecff40002400f4ff90ed6ece5e51a4ec4291425018635291
1382,1382,0,0a000a00eeff0000e2ff0000ecff0c00daff1c00d2fe0c000200f4fffeffceff,d4ff12000c000c00e2ffe2fffaff1a00e2ff04005400f8ff0c00eaffecffecff,dcff0e00220004000000000014002400060006001c000c00deffeefff6fff6ff,eeff1000f8ffcaffecfffcffa4ff24006c912e50466330924acef06386ed40ce
1383,1383,0,ecfffcffceffceffd2ff10001c000c000c00faffdeffeeff220002001e00ceff,0200f4ff0c00faffd4ff2e000a00faffe2fff2ff060006000c001c000c00ecff,fcff1e001400f6ff0000300004000400060016000c00feff0000eeff0600f6ff,0000eefff8fff8ff4000dcffe4ff24003ece246374ed02cd8e4faced92912050
1384,1384,0,fcff1a00eeff1000e2ffe2ff0c00fcfffafffaff0c00feff30003000eefffeff,e4ff12000c001c002000e2fffaff1a000400e2ff260006002c00eafffcff0c00,0e00fcff040014001000eeff1400f4fff8ffe8ff0c001c001000ceffe6fff6ff,2000eeffe8ff2400fcffecffe4fff4ff884f6cee80922e515e63729160cd4863
1385,1385,0,fcfffcffeeffdefff2ff0000fcfffcffdaffcaff2c00deff2200f4ff0e00feff,1200f4ffeaffeafff2ff20004a000a000400f2fff8ff06004c001c00fcffecff,0e000e00040004000000100014000400f8ffe8ff0c00eeff200010001600f6ff,0000deffe8ffdaffecff40002400c4ff54637c9102cc8663dceefacd304fd0ee
1386,1386,0,0a00fcffdeff0000f2ffe2ffecfffcfffaff1c000c00deff1200e4ff0e00eeff,f4fff4ff0c000c00e2fff2ffcaff3a002400e2ff26003600faffeaffecffecff,1e000e0004001400deffeeff04001400d8fff8ffeeff1c0030002000f6ff1600,ceff20006400caffdcff1e001400f4ffacee32cd7e5024ee52919e4e0864a291
1387,1387,0,2a00fcffdeffceffe2fff2ff0c000c00faff1c000c00eeff1200d4fffeffeeff,1200f4ff0c00faffd4ffe2ff0a000a00e2fff2ff160026000c000c00fcfffcff,0e00fcff22001400deff10002400f4fff8ffcaff0c00feffeeff0000f6ff1600,deff30000600daff1e001e001400e4ff7c91e84ea66330920acd7e6330efd0cc
1388,1388,0,fcfffcff1000000010001000ecff0c000c00baff0c000c00020002000e000e00,f4ff12000c000c003e00f2ffeaff0a00f2ffd2ff4600d8ff0c000c000c00dcff,0e000e00320032001000ceffd4fff4ffcafff8ff0c001c00deffeefff6fff6ff,0000eefff8fff8ff4000dcffe4ff1400decb6a64b0ee92cb8e4e10f09291e04e
1389,1389,0,0a00fcffeeffeeff00002000ecfffcff0c00faffeeffceff120002000e002e00,0200e4ff0c000c00e2fff2ff1a001a00f2ffd2ff260016000c001c000c00fcff,0e00dcffe6ff040000002000040014000600d8ffeefffeffdeff10002600f6ff,5800deffdaff0600fcff1e0004001400484e02f0b692f24c8064929118cc3864
1390,1390,0,0a001a00eeff00000000e2ffecfffcfffaff0c001c00feff2200f4ff2e003e00,f4ff12000c000c003e00c4ff0a00faffe2fff2ffc8ff0600eaffcaff0c003c00,0e000e0014000400eeffeeffe4ff1400f8ffe8fffefffeff0000defff6ff0600,0000deff0600f8ffdcff0e000400e4ffba64ac9184ca646490f0eacb3a4e60f0
1391,1391,0,2a000a00deffeefff2fff2ff0c00fcff1c00fafffeff2c00120022000e000e00,22000200eafffaff3e0010002a00faff040014000600e8fffaff0c001c00dcff,2e000e001400f6ffeeffeeff14001400d8ffe8ff0c000c00000000003600e6ff,00001000f8ffdaffecff0e00e4ffe4ffa2f0decbc24c90efc2911e4ea064f291
1392,1392,0,ecff2a00eeffeeffe2ff00000c00fcfffaff1c00e2fefeff30000200feff2e00,d4ff0200eaff0c00e2ffd4ffeaff0a00e2ff0400260026000c00eaff1c001c00,ecff0e001400140010001000d4ff0400d8fff8ff0c000c002000000016000600,ceff58000600f8ff0e000e00d4fff4ffac91ac4dc464b692bacb0065a0f078cb
1393,1393,0,fcfffcffceffdefff2fff2fffcfffcfffaff0c00eeff0c0022001200fefffeff,0200f4fffaff0c0020004c000a001a003600e2ffe8ff4600eaff0c00fcff2c00,dcff1e00040004000000100014002400caffd8fffeffeeff1000000006000600,0000eeffbaff06001e00fcff040014006cca2a65cef0fcc9ee4cf0f02292704d
1394,1394,0,0a00ecff10000000f2ff0000fcff0c000c000c00eeffeeff300002000e00feff,12000200faff1c00d4ff2e000a000a00d2ff0400f8ff54000c00fafffcffdcff,fcfffcff14001400deff000004002400d8fff8ffe0ffeeffeeffcefff6ffe6ff,1000eeffe8ff06000e00fcff4400e4ffdc4c08f22693244c5065d2913cca2065
1395,1395,0,fcffecffeeff00002000f2fffcfffcff1c00faff0c002c0012001200eeff0e00,f4ff02000c00eaff1000f2ffeaff1a00e2ff140026002600faff1c00ecfffcff,fcff0e000400f6ffeeffeefff4ff1400caffd8fffeffeeffeeffcefff6ff1600,3000eeff16000600caff0e001400e4ff5a6536923cc9546574f278ca904c1af2
1396,1396,0,0a001a00ceff000000000000ecfffcfffaff0c002c000c00f4ff0200beff0e00,e4fff4ff1c002c00f2ffe2ff0a001a00e2ffb0fff8ffd8ffeaffcaff2c00fcff,fcffdcff140022000000000014001400e8ffbaff0c001c00eeff1000f6ffd6ff,eeffeeff1600daff0e000e000400140078f262c9a44b5cf148922e4c6065e291
1397,1397,0,1a00fcff1000000000001000dcffecff0c001c001c00eefff4ff1200defffeff,120002000c002c00f2ff0000faff0a0014001400260006000c000c000c001c00,dcffdcfff6ff14001000eeff04000400d8ffd8ff1c000c00deff000016000600,deff2000daffdaff0e00ecffd4ff3400dc919c4c14655693b4c9206536f37cc9
1398,1398,0,fcfffcffeeff000010002000ecff0c001c00faff0c000c000200e4ff0e000e00,0200f4fffaff0c002e0000005a000a000400f2ff06001600faff0c000c000c00,0e000e000400f6ff000010000400f4ffe8fff8ff0c00feffeeffdeffe6ff0600,00003000e8ff0600fcffecfff4ff440042c9266642f20ec80e4c06f44292e84b
1399,1399,0,2a000a000000eeffe2fff2ff0c00ecff1c00faff2c001c0012004000fefffeff,120012000c000c00d4ff2e00faff4a0004000400f8ff1600faff0c000c00fcff,0e000e0004002200deffdeff2400f4ff0600f8fffeff1c00ceffdefff6fff6ff,58000000daff1600fcffecfff4ff1400c84bd8f23693a44ade654892ecc8e065
1400,1400,0,fcff0a00eeffeeffe2fff2ffecfffcffeafffaff0c001c00400002000e00feff,e4ffe4ff1c001c00f2ffe2fffafffaffe2fff2ff260026000c000c00ccfffcff,ecffdcfff6ff0400eeffdeffd4ffe4fff8fff8ff0c00feffeeffceffe6fff6ff,deffcefff8fff8ffbaff1e000400a4ff36664692bec7c46596f484c8384b46f3
1401,1401,0,fcffecffeeff0000e2fff2fffcffecffcafffaffe2fe0c00120040001e00feff,e4ffe4fffaff0c00f2ff0000eaff0a0004000400f8fff8ff0c000c00ecffdcff,0e00fcff04001400ceffeeff04002400d8ffd8fffefffeffceffeefff6ffd6ff,eeff00001600daffdcff30000400e4ff98f342c8444a52f5a8923e4c30666292
1402,1402,0,ecfffcffeeffdefff2fff2ff1c000c00daffdaff1c004c0012001200feff0e00,1200e4fffaff0c00000000002a00faff14001400f8ff16000c000c00ecffecff,1e000e00f6ff2200ceffeefff4ff0400f8fff8fffeffeeffeeffdeff0600f6ff,deff2000f8ffdafffcfffcffd4ffe4ffa692784b2266849364c8ae6636f452c8
1403,1403,0,ecffecffeeffeeff00001000fcff0c001c00cafffeff0c005e0022000e002e00,f4ff02000c000c00d4ffe2ff0a000a00f2ff0400f8ffd8ff0c000c00fcfffcff,dcfffcff140004000000ceffe4ff1400caffcaff1c00feffeeffeeff0600f6ff,10001000dafff8ff3000dcfff4ff340022c8766670f6dec65e4bf6f39292f84a
1404,1404,0,fcff0a000000deff2000f2fffcfffcff0c000c001c002c00e4ff3000ceffeeff,e4ff02000c002c002e00f2ffeaff0a00f2fff2ffe8ffe8fffaff0c002c00ecff,fcff0e00140022000000100004000400d8fff8ffeeff1c00eeffeeff0600e6ff,1000deffe8ff4600fcffecffe4fff4ff164bf8f38493d449ce66a892b2c70066
1405,1405,0,1a00fcff0000000000000000dcff0c001c00faff1c00eeff22000200feffeeff,1200f4fffafffaffd4ff2000faff0a00d2ffe2ffd8ff26000c000c000c001c00,0e000e000400e6ffdeffdeff14001400f8fff8ffeeff0c000000100006001600,3000cefff8ffe8ffdcfffcff2400b4ffd6667692f0c5726696f534c83c4a2ef5
1406,1406,0,2a001a00eeff00000000f2ff0c001c00fafffafffeffceff22002200eeffdeff,220012000c00eaff200000000a000a00040024000600f8fffaff0c000c000c00,0e00dcff140004001000000004000400f8ff06001c00feff00002000e6fff6ff,000010000600cafffcff0e001400f4ffa0f60cc74049e0f608931849f266f292
1407,1407,0,fcfffcff1000eeff0000f2ffecffecfffaff0c001c00eefff4ff5000eeffeeff,120012000c000c00e2ffe2ffeaff0a001400f2ff16002600fafffaffecfffcff,fcff0e0022002200ceffeeffe4ff1400e8ffe8ff0c001c000000eefff6ffe6ff,aeff3000f8ffdaff0e000e00a4ff2400e6929c49a266f493a8c53e672ef610c6
1408,1408,0,fcfffcff10000000f2ff1000fcfffcff0c001c00e2feeeff02001200deff0e00,d4ff12000c000c00e2ffd4ffeaff0a0014000400d8ff06001c002c00ecfffcff,dcffdcff22002200eeffeeff0400f4ffe8ff2600fefffeff0000deff0600d6ff,00000000baff16001e00fcffc4ff14006cc616678ef7b0c5e84806f7b2923c49
1409,1409,0,0a000a000000eeff00000000fcfffcff0c000c00e2feeeff02000200feff1e00,f4ff0200faff0c00d4ff2e00faff0a000400f2ff260006001c000c00ecff1c00,fcffdcff0400f6ffeeff0000040014002600e8fffefffeffdeffeeff1600f6ff,1000eeffdafff8ff30000e00f4ff1400fc4830f70494d0485e673893c0c59267
1410,1410,0,fcff0a001000deff00001000ecff0c00faff1c000c000c001200e4ff0e00feff,f4fff4fffaff1c000000d4ff0a00eaff0400f2ffe8ff26000c000c00fcff3c00,1e00fcff1400f6ff0000eeff140014000600e8ff0c00feffeeffdefff6ff0600,0000defff8ff0600ecff0e001400d4ff4667e692a2c4006756f798c4ec48cef6
1411,1411,0,fcfffcffeeff00001000f2fffcfffcfffafffaff3c010c0002002200eeffeeff,0200f4fffaff0c00d4ffe2ff2a000a001400d2ff060006001c002c00fcff0c00,dcfffcff220014002000deff140024000600d8fffefffeff100010000600f6ff,ceff00001600daffdcff1e00f4fff4ff06f8c0c52e487ef82893c84822670293
1412,1412,0,fcffecff00000000f2ff0000fcff0c00faff0c002c002c010200f4ff0e002e00,12001200daff0c00e2ffe2ffeafffaffd2fff2ff160036001c000c00dcff1c00,fcff1e0032002200eeff1000f4ff0400e8fff8ffe0ff0c002000300006000600,ceff10001600f8ff1e00fcffe4ff040036936c483067249478c4ce67a6f740c5
1413,1413,0,ecffdcffdeff0000d2ff1000fcffecffdaff1c00eefffeff120002002e00feff,f4ff0200faff0c002e000000faff0a00f2ffe2ffe8ff16002c000c00dcffccff,fcff0e00040004001000eeff14000400f8ffd8ff0c00eeffeeff2000f6ff0600,3000eeffcafff8ff0e00dcfff4ff0400d0c42c68fef8f2c3d4476af87e93e247
1414,1414,0,1a00fcff000000002000f2ffecfffcff0c003c00e2fedeff0200f4ff0e000e00,020012000c00faffe2ffe2ff0a001a00f2ff1400f8ffe8ff0c00eaffdcfffcff,1e001e0014001400eeffceff14000400f8fff8ff2a00feffeeffbefff6fff6ff,3000eeffe8ff0600fcffecff0400f4ff3c4866f854948e4742686893d0c4f267
1415,1415,0,fcfffcffeeff10000000f2ffecff0c001c00faffdeffeefff4fff4fffeff2e00,0200e4ff1c00eaffe2ffd4ff1a00faff1400c0ff0600d8ff0c00cafffcff0c00,2e00fcff140014000000100004001400e8fff8ff2a002a00deffeefff6fff6ff,0000deff16000600baff0e003400a4ff3c68569382c390670af9f8c33247e8f8
1416,1416,0,1a001a00100010001000f2ffecfffcfffafffaffeeffe2fef4fff4fffeff0e00,0200e4ff1c000c00f2fff2ffeaff0a00e2fff2fff8ff36000c001c00ecffecff,dcff0e0014002200eeffeeff0400f4fff8ffe8ff1c00eeff3000eefff6ffe6ff,ceff00000600daffecff30000400f4ff58f9ecc33046f6f92a94a4463268be93
1417,1417,0,0a00ecffeeff1000f2fff2fffcff0c00faff1c00eeff1c00020012002e000e00,e4ffd4ffeaff1c00f2ff20000a00eaff0400e2ff3600d8fffaff2c00fcffecff,fcff0e000400140000000000540014002600f8ffe0ffeeffdeff0000f6ff0600,deff0000daffcaff30000e00d4ff140086933647a0679494f6c22268c8f9b8c3
1418,1418,0,1a00fcff0000deff20001000ecffecff0c001c002c000c001200d4ffdefffeff,22001200dafffaffe2ff00000a001a00f2fff2fff8ffd8ff0c00eaff0c00ecff,0e001e002200e6ffceffdeff04003400d8ff06000c001c002000eeffe6ffe6ff,10003000dafff8ff1e00ecffd4ff3400d0c25c68eafa22c394465efabe93e246
1419,1419,0,fcfffcff0000eefff2ff0000dcffecfffaff0c00ceffeeff1200d4ff1e00feff,12001200eaff2c00d4fff2fffaffdaff040004000600e8ff2c000c002c000c00,0e00fcff22001400eeffeeffe4fff4ffcaff1600eefffeff10001000f6ffe6ff,1000deffe8ff16001e00ecff14001400964662fa84944046f268a893bcc26268
1420,1420,0,ecfffcff1000100030001000fcfffcff0c00daff0c002c0012001200ceff3e00,120002000c001c00f2ff3e00eaff1a0004000400f8ffe8ff0c00daff0c00fcff,fcfffcff040022000000100004000400caffcafffefffeff0000eeffe6fff6ff,eeffdeff16001600ecff0e00040004008c68c69382c282684efb62c1d045e8f9
1421,1421,0,0a00dcffdeffeeff10001000fcffecfffaffcaff2c00cefff4ff22000e000e00,f4ffe4ff0c000c00f2ff4c00fafffafff2fff2ffe8ffd8fffaff0c001c001c00,fcff2e00140014000000100004001400e8ffe8fffeff0c000000300006000600,deff10000600daffecff30001400e4ff42fb30c2b244dafb2a94a446fc68fe93
1422,1422,0,fcfffcff0000eeff20000000fcfffcfffaff2c002c000c00e4fff4ff2e001e00,02003000faff0c00e2ffd4ffeaff1a0024000400d8ffd8fffaffeaff0c002c00,1e001e00140004001000ceff04002400160034001c00feffdeffdeff06000600,ceff58001600f8fffcfffcffd4ff0400c6934a459068049582c122698afbdcc1
1423,1423,0,1a00fcff1000eeffd2ff4e00ecffecff1c00caff0c00eeffe4ffe4ff0e00eeff,f4fff4fffaffeafff2fff2ff5a000a00f2ff04000600d8ff0c00fafffcffccff,2e000e0004003200deff100004000400aaffd8ff0c00feffdeff0000e6ff1600,10001000e8ff16001e00dcffc4ff040046c1dc68cafcb0c1a6445efb4e945045
1424,1424,0,1a001a0000000000f2fff2ffccffdcfffafffaffe2fe2c00f4ffe4fffeff0e00,1200e4ff0c001c00e2ff20000a00faff04001400f8ffd8ff0c000c00dcffecff,ecffdcff0400140000000000d4ff1400aafff8fffefffeffeeff0000f6ff1600,0000beffdaff16000e001e000400f4ff9a4474fc5495924432697a947cc10c69
1425,1425,0,fcffecffeeff000010002000ecffecff0c00faffe2fefeff020002001e00feff,02000200fafffafff2ff4c004a000a00d2fff2ffc8ffaaff0c000c001c000c00,2e000e00f6fff6ff1000000024001400f8fff8fffefffeff2000eeff26000600,2000defff8fff8fffcff1e003400f4ff4c690694c0c0d26860fc82c1e044eafb
1426,1426,0,fcffecffeeff00000000f2ffdcfffcffdafffaffdeffdefff4ffc6fffeff2e00,f4ff12001c00faff2000c4ff5a00faffe2ff0400f8ff0600fafffaff0c00ecff,1e002e0014002200eeffeefff4ff1400260016001c00eeffeeff0000f6fff6ff,deff10001600e8ffecff1e00e4ff040004fda6c0c24348fd6a9474436c69ae94
1427,1427,0,0a001a000000eefff2ff10000c00ecfffafffaff0c000c000200e4ff2e00feff,02001200faff1c000000d4ffeafffaffd2ff140006000600faff1c000c000c00,0e000e00040014000000100014000400f8ffcaffe0fffeff2000defff6fff6ff,eeff20000600e8ff0e000e00e4ff240026945a445269a49532c0626972fdbcc0
1428,1428,0,ecff0a001000100010000000ecffccffeafffaff1c002c001200f4ffeeff2e00,020002000c002c001000f2ffdaffeafff2ff0400e8ffe8fffafffafffcff0c00,dcff0e00040014001000eeff0400e4fff8ff06000c000c0000004000d6ff2600,deffeeffdaffe8ff3000fcffc4ff540016c05c6976fe50c0544330feae949843
1429,1429,0,0a00ecffdeffeefff2ff1000fcffdcff0c001c00feffdeff020012003e00eeff,30000200fafffafff2ff2e00faff0a001400f2ffe8fff8ffeaff3c001c000c00,1e003e001400f6ffeeff10002400240006001600eeffe0ffeeff10002600f6ff,30000000daff1600fcffcaff14000400124310fe74952443a2698a94eabfac69
1430,1430,0,fcfffcff0000000010002000fcfffcfffafffaffceff3c01e4ff0200feff0e00,020022000c000c000000d4ff1a000a0004001400f8ff26002c00eaffecff0c00,fcfffcff1400140020000000f4ff0400f8ff26001c000c000000deff16002600,2000deff1600e8ffecff0e002400a4ffd869b49470bf526970fe1ebf884342fe
1431,1431,0,1a000a00eeffeeff1000f2ffecfffcfffaff0c000c00eeff0200c6ff0e003e00,f4ff12001c00eafff2ff00000a001a00f2ff240006000600fafffaffecfffcff,0e002e00220014001000eeff040004009cff0600eeff1c00ceff100006001600,deff00006400caffecff40001400e4ff00ff70bfd44296feda946443cc692695
1432,1432,0,ecfffcffeeff0000f2ff1000ecfffcfffaff0c00deffeefff4ffe4ff1e000e00,f4fff4ff0c001c00d4ff2000eafffaff14001400e8ff3600faffeaff1c00ecff,0e00dcfff6ff14001000000004001400caffd8fffefffeff0000000016001600,eeff20001600e8ff30001e00e4ff2400e4946242f6691496eebe466ab2fe8abf
1433,1433,0,fcfffcffeeffdeff000010000c00fcffeaff3c00eeffeeff220012003e004e00,12000200eaffeaffe2ffe2ff1a002a00e2ff0400e8ff06000c001c000c002c00,2e001e001400f6ffeeff10001400440034002600feff0c000000000006003600,00003000baff06001e00dcff04005400f0be186a96ffb2be344200ff46958c42
1434,1434,0,fcfffcffeeffeeff100000001c000c00baffcaff2c002c00120022002e00feff,12000200faff1c00d4ff3e00eaff1a00040024002600f8fffaffcafffcffdcff,0e000e0022001400deff10001400e4ff3400e8ffeeff1c001000defff6fff6ff,1000eeffe8ff54000e00dcff0400f4ffb84150ff34963442666a2a95a2befc69
1435,1435,0,0a000a0000000000f2fff2ffecfffcfffaffdafffefffefff4ff0200deff1e00,020002001c00eaffd4ffe2ff0a000a000400e2ff160006000c000c00fcffecff,0e00fcff140014001000defff4ff24000600f8fffefffeffdeff1000f6ff0600,0000deff16000600dcfffcfff4ffd4ff386ab29554bef66906008ebecc41baff
1436,1436,0,fcfffcffeeff00000000f2ffecffdcffdaffcaff1c001c01120002000e00eeff,e4ffd4fffaff0c00f2ff3e001a00faff0400f2ff0600e8ff0c00faff0c00fcff,dcfffcfff6ff32002000100004001400f8ffe8fffeff2a00200010000600d6ff,deffeeff6400f8fffcff5000f4ffd4ffe80040be2e41c4007a9540415c6ab695
1437,1437,0,fcff0a00eeffeeff20001000fcff0c002c001c00eefffefff4ffe4fffeff3e00,2200f4fffafffaffd4ff2e001a000a0004000400f8ff06001c002c005c000c00,2e002e0022000400ceffeeff240004002600f8ff1c00d0ffeeffeefff6ffe6ff,000030000600baff0e000e00f4ff24003e962841666a92965ebda66bac00e2bd
1438,1438,0,fcffecff0000eeff10002000ecfffcffdafffaff0c000c00f4ff3000eeff2e00,f4fff4ff0c001c00f2fff2fffaff0a00f2ff2400b8ffe8fffafffaffecffccff,1e00dcff040014000000deffe4ff1400e8fff8fffeff2a0000000000f6ff0600,10000000f8ff06001e00caffe4ff140044bd786a0401b4bd10411a02a6954c41
1439,1439,0,fcff0a0000000000f2ff0000ecff0c00faff3c002c001c0040001200eefffeff,e4ff12003c000c002e00d4fffaff1a0004002400060006002c000c00fcfffcff,fcff0e00140022001000000004001400f8ffe8fffeff1c00deff00000600e6ff,2000deffdaff54000e00ecfff4fff4ffe84088017296be40b66a9a9562bd8c6a
1440,1440,0,fcffdcffeeff10002000f2ffdcffecffdaff1c00feff0c003000f4ffeeffdeff,e4ff12000c00faff0000e2ff0a00faffd2ff14000600e8ff2c002c00dcfffcff,1e008cffd8ff0400eeff30001400f4ffe8ffe8ff0c001c000000100006001600,1000eeff1600f8ffcafffcff2400d4ffa86a909604bdc66a96013ebc32404c01
1441,1441,0,2a00ecffeeffeeff2000f2fffcfffcff0c00faff0c002c0012001200feff0e00,0200e4ff0c00daff2000f2ff1a000a0014002400c8ff2600faff3c000c002c00,1e000e00220004000000eeff0400140006002600feffeeffbeff1000f6ff1600,eeff20000600caffdcff4000140004002202b4bc1a403802da956040086b1696
1442,1442,0,0a00fcffceffeeffe2ff1000fcffecff0c00eaff0c00feff300002000e000e00,020002001c002c000000e2ffeaff0a00e2ffe2fff8ff06002c000c00fcffecff,dcfffcff1400040010001000a4ffe4ff2600f8ff0c00feff000000001600d6ff,000020000600f8ff0e00fcfff4ff14009096d83fa66aa296febbe66b7c025abc
1443,1443,0,ecff2a0020000000f2ff1000fcfffcff0c001c002c000c00120012000e001e00,020012001c00faffd4fff2ff1a000a00f2ffd2ff3600d8ff0c000c00fcffecff,1e000e00040004001000000014001400e8ff34001c001c0030000000e6fff6ff,eeff1000f8ff16004000ecffd4ff14001ebcc86a760336bcac3f4a0266969a3f
1444,1444,0,0a001a000000deff00001000fcffecff0c00faff2c001c00220012002e00feff,f4fff4ff0c001c002e00f2fffaff0a000400f2ff1600c8fffaff1c000c00bcff,ecffecfff6ffe6ff100010001400140006000600e0fffeff0000000006000600,4000eeffbaff54003000fcff14001400123fd2026097f23e066c1a97fabb586b
1445,1445,0,0a00fcff0000eefff2ff1000dcffecfffaff0c002c010c00f4ff12002e00eeff,220022000c00eaffd4ffc4fffaff5a001400f2ff26003600fafffaff0c001c00,fcfffcff1400f6ff1000200014001400f8ff16001c00feffeeffdefff6ff0600,100000001600f8ffcafffcff44000400286be096c6bb266b0c04cebb0a3f4803
1446,1446,0,0a00fcff0000000000000000fcffdcffdaff1c001c00eeff1200e4ffeeff1e00,e4ff12000c00faffe2ff00001a00fafff2fff2ffd8ff06002c00fafffcff1c00,ecffecff14002200eeff1000f4fff4ffcaffe8ff66001c000000100006001600,000010001600daffdcff0e0014000400720300bb123fd603ba968c3e586b9696
1447,1447,0,fcfffcffeeff0000f2fff2fffcffecff0c00faff2c00deff300040000e00feff,e4ffe4ff0c00faffe2fff2fffaffdaff0400e2ff060016002c000c00ccfffcff,0e009cff04000400000020000400e4fff8ffbaff0c00feff0000eefff6ffd6ff,ceff30001600f8ff1e000e00f4fff4ff0097923e766b70973cbb166cb8031abb
1448,1448,0,fcffecff0000eefff2fff2ffacffdcff1c002c00deff1c00f4ff30000e000e00,f4ff2200fafffafff2ffd4fffaff0a00f2ff1400060016002c001c00ecffecff,fcff0e00f6ff1400eeffeeff14002400d8ffcaff2a00feffdeff0000e6ff0600,10001000caff06001e00fcffd4ff340090ba486bc60436bb4c3e9c04c696723e
1449,1449,0,ecfffcffceff0000100020000c00ecff0c000c00eeff0c00120030002e003e00,2200f4ff1c00faffe2ff2e00fafffaff040014003600f8ffeafffaffdcfffcff,1e001e00f6ff14000000deff240014002600caff1c00feff0000eeff16000600,2000deffcafff8fffcfffcff14003400863d1805b097223e166c0a9738baa86b
1450,1450,0,1a002a000000deff20001000ccfffcff1c00fafffeffeeffd4ff02002e00eeff,02000200faff1c000000f2fffaff0a00f2ff14002600f8ffeafffaffdcfffcff,fcff1e001400f6ff0000eefff4ff0400e8ffcaff0c00eeffeeff20000600f6ff,1000eefff8ffe8ffdcff0e0044000400786b4097d6ba966b1c0568b9423de004
1451,1451,0,0a00fcffeeffeeffe2ffe2ffdcffecffeafffaffeefffeff120012001e000e00,e4ffd4fffafffaffe2ff3e00faff0a00e2ffe2ff160006000c000c000c00ccff,0e001e0004000400eeff20001400f4ff0600caff0c00eeffeeff20000600f6ff,beffdeff1600daffecff0e002400e4ff880576b9563d76056a97cc3d086c5e97
1452,1452,0,ecff0a000000befff2ff00000c00ecfffafffaffe2feceff300030001e001e00,e4ff0200faff2c00e2fff2ff1a000a00d2ff040016009afffafffaff1c00fcff,1e000e0022001400deff000014001400060016001c00eeffeeff100006000600,deff2000f8fff8ff0e00fcff040014007097d63c866b009828b9966c000688b9
1453,1453,0,fcfffcffdeffeefff2ff4e000c00fcfffafffaff1c001c00e4ff4000feffeeff,f4ffe4fffaff0c002e00f2ff5a000a00360004001600e8ff0c000c000c00fcff,0e00fcfff6ff14000000bcffe4fff4fff8ffd8ffe0ffeeffeeffdeff06001600,20003000caff06003000fcff0400440066b9a86bb605e0b91c3d8c055e97e23c
1454,1454,0,fcfffcff2000ceff00000000dcfffcfffaff2c002c00eefff4ffe4ff0e000e00,020022000c00faff0000d4fffafffaff1400040016001600eaffeaffbcffbcff,0e000e0004000400000000000400f4ff0600d8ff0c00feff0000cefff6fff6ff,3000deff160016000e00fcff14001400763cc4069098b63c966cba9728b9086c
1455,1455,0,fcffecff10000000200000000c000c000c00faffe2fedeff300030003e000e00,0200d4ffeaff1c00f2ff3e001a00faff0400f2fff8ff06002c000c00dcffacff,0e000e00f6fff6ff200020000400f4ff0600caffeeff1c00eeff0000f6ff0600,0000beff0600f8ffecfffcff3400e4fff86b3698aab8966b1a0708b9ea3bd806
1456,1456,0,dcff0a00100010000000f2ffecffecff0c002c000c002c0022005000feff2e00,f4fff4ff0c00eaffd4fff2fffaff1a001400140054000600faffeafffcff1c00,1e003e001400f6ffceff100014001400340006001c00feffdeffeeff0600f6ff,000010001600daffecff1e001400f4ff340796b8d63b9207aa974a3b906cfe97
1457,1457,0,fcfffcffeeff0000f2ff20002c00fcff0c00faffeeffeeff40004000ceff0e00,12000200eafffaffc4fff2ff0a00faff04000400e8ff16000c00faffdcffccff,fcff1e0014000400eeff100004000400e8ff0600feff0c0000000000f6fff6ff,000020000600caff0e003000d4ff04004698903be66bd098c4b7a66c180736b8
1458,1458,0,fcfffcff2000000000000000ccffecffdaff1c004c00e2fe120022000e000e00,e4ff02000c00eaff0000e2ff0a000a00f2ff0400f8fff8ffdafffaff0c00fcff,fcff2e001400f6ffeeffceffe4fff4fff8fff8ffe0ff0c00eeffceffd6fff6ff,10002000daff16003000ecffe4ff2400d6b7da6cf2073ab8fa3a6e08fe979a3b
1459,1459,0,ecfffcff0000eeff200020001c00fcfffafffaffeeffdeff120002000e000e00,f4fff4ffdaff0c00e2ff3e000a000a00f2ffd2ff0600f8ff0c000c001c00bcff,1e000e000400f6ff00001000f4ff040026000600eeffe0ff00002000f6ffe6ff,2000eeffdaff46003000ecff44003400623a5c08d098f63af66c6e98b6b7386c
1460,1460,0,fcff0a000000deff0000f2ffecff0c000c001c001c000c0012003000eeff2e00,e4ff02001c001c00f2ffc4ffeaff1a000400e2ff0600c8ffeaff0c000c00fcff,dcff2e00220004001000100004001400e8ffcaffeefffeffeeffeeff26003600,0000000016001600caffecff0400f4fffa6cb698bab7066c3e0814b7ae3aa208
1461,1461,0,fcfffcffdeff000010001000fcffecff0c000c000c000c0012003000eeffdeff,f4ffe4fffaffeaff0000f2ff0a00faffe2ffd2fff8ffe8ff1c00daff0c00dcff,dcff1e000400f6ff0000000014000400d8ff06000c000c00000030000600f6ff,100010000600caffecff30002400f4ffcc0800b7b63ac208be989a3ab06c4e98
1462,1462,0,0a00fcff20001000f2ffd2fffcff0c00faff1c001c00fefff4ff0200defffeff,f4ffe4ff2c001c00d4ffe2fffafffaff040004004600f8ff1c00faffdcff2c00,dcff1e00140004002000eeff14000400bafff8ffeefffeffeeff1000f6ffe6ff,deff68005400dafffcff30000400f4fff698a839666c4099e4b6066d020916b7
1463,1463,0,fcff1a0000000000100010000c000c00cafffaffe2fe0c0030005000eeff0e00,e4ffe4ffdaff0c00e2ff00000a000a000400f2ff06000600faff0c00dcffdcff,fcfffcff14000400deff0000140004000600e8ff0c00eeff0000eefff6ffe6ff,20002000dafff8ff3000ecffe4ff440090b62a6df0084ab77a3aae080099d839
1464,1464,0,2a002a0000000000e2ffd2ff1c00ecfffaff1c00feff0c00120012000e00feff,020012000c00faffe2ffd4ffeaff4a00f2ff0400f8ffb8ffeafffaffccfffcff,fcff1e0032001400deffeeff14004400baff2600d0fffeff0000deffe6fff6ff,78000000e8ff16000e00fcfff4ff040088398c094e99283a466d6e998eb6e06c
1465,1465,0,fcff0a001000eeff1000f2ffecfffcff0c00faffeeff0c0002003000ceffdeff,f4ff0200eaff0c00f2ffd4ff0a00daff0400e2ff36003600fafffaffecfffcff,dcffecfff6ff1400eeff000004000400f8ffd8ffe0ffeeffeeff200006000600,1000ceff06000600dcff1e00340004005a6df698dab6946c520ae4b68839d209
1466,1466,0,0a00fcffceffeeff00001000ecff1c00fafffaffeeffeeff120022002e002e00,0200f4ff1c000c002e00f2ff0a000a00e2ff0400160006001c000c00ecff2c00,0e00ecfff6fff6ffeeffdeff0400f4ff06002600feff0c00deffdeffe6fff6ff,eeffeeff1600dafffcff1e0024000400360a50b6e238800a1e99a638306d2099
1467,1467,0,0a00fcff00000000000000000c00fcffdaff1c00eeffe2fe020012001e001e00,e4ffd4fffaffeaff2e00e2ffeafffaff1400f2ffd8ffd8fffaff1c00ecff0c00,fcff0e0004002200deff0000240014002600caff0c00feffceffeefff6fff6ff,00003000e8ffe8ffdcfffcff140004007699c838866c7e9942b6b66d360bbeb5
1468,1468,0,ecfffcffeeffeeff0000f2fffcff0c001c00faffe2fee2fef4ff0200eeff0e00,020012001c000c00e2ffd4ff0a000a0004000400160006002c000c00fcfffcff,0e00fcfff6ff04002000eeff0400e4ffd8ff54001c00eeffeeff000006000600,0000eeffe8fff8fffcffecfff4ff240074b56a6d480beeb5c638620ba0996838
1469,1469,0,fcfffcff10000000f2ff00001c001c00daff0c00feff0c001200e4fffeffdeff,f4fff4fffafffaff0000f2ffeafffaffd2ffe2ff06000600faffeaffdcffdcff,0e00ccff040004000000deff0400f4fff8ff2600feffeeffdeff3000f6fff6ff,1000defff8ff16000e00fcff14001400a2371e0b2e9ad238586e6e997eb5806d
1470,1470,0,1a000a0000000000100010000c001c00eaff1c002c00eeff12003000defffeff,f4ff02000c000c00f2fff2ffeafffaff0400e2ff1600d8fffaffeaffdcffecff,1e00fcff0400f6ffdeff0000040004001600d8ff0c00feffeeffeeff16001600,eeffeeff06000600fcff30001400d4ff7a6da6997eb5a46c820cc2b47637860b
1471,1471,0,0a001a00eeff0000f2fff2fffcff1c00fafffafffeff2c0002002200eeff2e00,f4fff4ff0c00faffd4ff0000faff1a00d2ff0400e8ff06000c001c00ecffdcff,0e00dcff04001400eeff0000e4ff0400f8ff06000c000c00ceffdeff06000600,deff00001600caffbaff1e00f4ff0400b20cd4b40c38880b629ab237a06dd099
1472,1472,0,0a000a001000eeffe2ff2000fcff1c002c000c000c00ceff12000200feffdeff,02000200eafffaffe2ff0000eafffafff2fff2fff8ffb8ff1c00eaffacff1c00,1e00dcff140014001000eeff04001400f8ffd8ffeefffeffeeffdeff06000600,eeff10001600e8fffcffecffe4fff4ff309a5237146d4e9a72b4486ebe0ceeb4
1473,1473,0,fcfffcff10000000000000000c00ecff1c00faff0c002c00f4ff1200fefffeff,d4ff1200fafffaff20000000faff0a00f2fff2fff8ff16000c00faff1c00fcff,dcff0e00220014002000eeff04002400d8ffcafffefffeff0000defff6ff1600,deffeeffcaff16001e00fcffe4ff340096b39a6d660c4eb5c236620c009a7e36
1474,1474,0,fcffecffceffeeff00002000ecfffcfffaffdaff1c000c0002000200eefffeff,f4ffe4ffeafffafff2ff2e000a00faff0400d2ffd8fff8fffaff1c000c002c00,0e00fcff1400140000001000140014000600cafffefffeffeeff200006002600,1000deffdaff1600fcffecff24001400b236c20dcc9a0c37186e929a10b4a06d
1475,1475,0,0a00fcff00002000f2ff0000ecffecffeaff1c002a00feff220002000e00feff,d4ff1200eaffeaff2000d4ffdaff0a00d2ff0400060036001c00faffdcff0c00,2e00dcff14001400deffeefff4ff24003400e8ff1c000c000000eeff26000600,3000deff06000600cafffcff0400e4ff266e909aaeb4e46cd20de2b3fe356e0d
1476,1476,0,fcfffcff0000eeffe2ff00000c00fcfffafffaffeeffeeff0200f4ffdefffeff,12000200daffeaffd4ffe2ff5a000a00f2ffe2ff0600f8ff0c000c00ecffdcff,0e00fcff1400f6ffeeff000004002400f8ffe8ff1c000c00eeffdefff6ffe6ff,ceff10000600f8ffdcff1e00f4ffb4ff7e0e26b3ee35a40f829a5235d06d609a
1477,1477,0,fcff0a000000100000000000ecffecfffafffaffeeff0c005e000200feff0e00,e4ff02000c000c00000000000a000a00e2ff140006004600faff0c00ccff1c00,8cffdcff320014000000000004000400f8ffe8ff1c002a002000eeffe6fff6ff,ceff1000f8ffcaff0e001e00e4fff4ffc09aa635446d1c9b10b3486e420ea0b3
1478,1478,0,1a000a00deff0000e2ff0000ecffecfffaff0c00e0fff2fe500002001e003e00,12001200eaffeafff2fff2ff1a000a00f2fff2ffc8ffd8ff0c00faff1c00ecff,2e000e00f6ffe6ffeeff200004002400e8fff8ff1c00eeff1000100006001600,eeff3000daff06003000fcffd4ff240086b2266ed40fbeb3c235420fb09abe35
1479,1479,0,fcff0a00eeffeeff0000e2ffecff0c00fafffaff0c000c00220012001e00ceff,020012000c002c002e00c4ff0a00faffe2ffd2ff0600d8ff0c00cafffcfffcff,0e00dcfff6ff0400eeffdefff4ff0400160006001c00feff2000befff6fff6ff,3000eeffdaff64000e00caff04002400f6340e0f4c9b8e35186ee29a10b3f06d
1480,1480,0,fcfffcff1000eeffe2ff1000ecff1c00faff0c00feff0c00e4fff4ffeefffeff,12000200daff0c00d4ff2e00faff1a0024000400e8fff8ff0c001c001c00fcff,0e000e002200f6ffeeff100024000400e8ffd8ff0c00feffdeffceff16002600,3000eeff46002400ecfffcfff4ff0400766e209b40b3346d620fbcb1ae34380f
1481,1481,0,fcffbcffdeffeefff2fff2ffdcffdcffbafffafffeff1c004000e4ff0e00feff,1200f4ffeaff1c00200020001a000a00e2ff04002600f8ff0c00eaffdcff2c00,fcfffcfff6ff220020000000f4ffe4ffcaff0600feff0c001000eeff0600e6ff,ceffeeff6400daffecff1e00f4ffc4ffc60f26b2de345a11429b1235306e109b
1482,1482,0,fcff0a001000eeff000020000c00ecff0c00fafff2feeeff30000200feff2e00,12000200faff0c00c4ffe2ff1a001a00e2fff2ffd8fff8ff0c001c002c00fcff,2e00fcfff6ff0400ceff10000400240026002600eeffe0ffdeff000006000600,deff68000600baff0e001e00e4ff2400709b1034546dec9b90b2a86e381054b2
1483,1483,0,ecfffcff1000eeff0000f2ff1c00fcff0c00faff1c001c000200f4ffdeff3e00,d4ff0200fafffaff0000f2fffaff0a00d2ff0400060016000c00fafffcff1c00,1e00dcff040014000000bcffd4fff4fff8ff1600eeff0c00eeffeefff6ffe6ff,30001000f8fff8ff4000baffd4ff04008cb1766eb81144b0b234720f809be633
1484,1484,0,ecff1a00eeff100000002000fcffdcff0c001c001c002a00d4ffe4ff0e000e00,12001200eaffeaffc4ffe2ff0a00faff0400f2ffd8fff8ffbaffeaffdcffecff,fcfffcff14000400eeff0000d4ff0400e8ff06001c00eeffeeff0000f6ffe6ff,00000000daff1600dcffecfff4ff0400f832f6107a9c4034986eb29ba4b1306e
1485,1485,0,fcffecffdeffdeff30001000dcfffcffeaffdaffeefffefff4ffb6ff0e00eeff,02000200fafffaff2e00d4ff0a00faff0400f2ff160026001c001c00dcffecff,fcffdcfff6ff140000001000f4ffe4ffaaffd8ffc2ff1c0020002000f6ffe6ff,1000eefff8ff0600fcff0e002400e4ff566ec09bf4af026ed6105cb116332211
1486,1486,0,fcfffcff0000eeffe2ff0000fcffecff1c001c002a00c2fff4ff12001e002e00,f4ff02001c00daffd4ffd4ff1a002a00360036001600f8fffaff2c00fcff1c00,fcff0e00f6ffe6ffdeffeeff1400240006001600feffd0ffeeff100006001600,eeff00001600caffdcff0e00e4ff140086117cb0d033be12449cb032706e229c
1487,1487,0,fcffecffeeff200020000000fcfffcfffafffaff2a00feff0200e4ff2e00eeff,e4ff02000c001c002000d4fffafffafff2fff2ffd8ff26000c00faffecfffcff,1e000e00e6ff1400100010000400f4ffd8ff26002a000c0020000000d6fff6ff,00002000060016001e00ecffe4ff0400109c68320a6e6a9cacb0786e9211bab0
1488,1488,0,2a002a002000cefff2ff2000fcff0c00faff0c000c00eefff4ff0200defffeff,f4ff12000c00eaffe2fff2fffafffafff2ff24004600e8ffeaff0c00ecff0c00,fcff0e003200d8ff000030000400d4ffe8ffe8ff2a00feff10000000f6ffe6ff,00001000f8fff8ff3000ecffd4ff64005cb0866eae1334afc032b611929c4a32
1489,1489,0,fcfffcff000000000000f2ffecffecff2c00daff02ff0c0012000200fefffeff,12000200daff0c002e002000faffeaff0400b0ff160054002c000c00fcffecff,fcffdcfff6ff0400100020001400e4ff3400f8ffe0ff0c000000300016001600,1000eeffe8ff06000e001e00240014003e3170124a9d0033b86e349c8ab0706e
1490,1490,0,1a002a0020001000f2fff2ffecfffcffdaff0c000c002a00e4ffe4ffdeff3e00,020012000c00eaffd4ffd4fffaff0a00040004001600d8fffaff0c00fcfffcff,0e001e000400e6ffeeffdeffe4ff1400f8ff06001c00e0ffdeffeeff16001600,1000eeff0600f8ffdcffdcff24002400c66e329d24af946d4a12b8afb4319212
1491,1491,0,1a00fcffeeff0000d2fff2fffcffecfffafffaff2a00e0ff020002000e00eeff,12000200eafffaff3e0010000a00eafff2ffc0ff06003600fafffaffdcfffcff,0e00ecffe6ff22002000deff0400f4ffd8ffd8fffefffeff2000eeff0600e6ff,100010005400daffbaff300024000400501396afc0327e14d49c7032706efa9c
1492,1492,0,ecfffcff0000000010001000dcffecffcaffdaff1c00eeffe4ff1200eefffeff,e4ff1200eaff0c00f2ffd4ffcaff1a00e2ffd2ff360026000c000c002c001c00,ecffecff3200140010001000f4ff1400f8ffe8ff1c000c000000cefff6ff1600,deff1000f8ffdafffcff0e00d4ff2400ce9c1e313a6e6a9d58afd86eae13b0af
1493,1493,0,ecfffcffdeff0000200020000c00ccff0c00caff1c004800f4ff02002e00eeff,f4ff0200cafffaff3e00f2fffafffafff2ffb0fff8ff16002c002c00fcff0c00,0e009cfff6fff6ff10000000140014000600aaff0c000c0020001000e6fff6ff,deff0000cafff8ff4000ecffd4ff440036afb66e6c1576ae2c311a135a9dd430
1494,1494,0,1a000a00eeffeefff2ff2000fcffecfffaff0c001c000c00f4ffd4ff1e000e00,120012000c000c00e2ffd4fffaff0a002400040016001600faffeafffcff1c00,ecff2e0004001400ceffeeffb4ff1400d8fff8ff0c00eeffeeffeeff06003600,30001000f8ff16000e00dcffc4ff04005e30e0136a9d6c31d86e689e40af026f
1495,1495,0,1a00fcff0000cefff2ff0000fcffecff1c00faffe0ff1c00020022000e000e00,f4ffd4ffeaffeaff0000e2ff1a00dafff2ff0400260036000c001c00bcffdcff,0e00fcff14001400eeff00001400b4ff2600d8fffefffeff20000000f6ff0600,1000defff8ff1600fcfffcff4400d4ff066fb29d98ad2a6eb81458af0a30b614
1496,1496,0,fcfffcff0000eeff200000000c001c00eafffaff0c001c000200f4ffceffeeff,d4ff12001c00faffd4fff2fffaff1a00d2ff04001600e8ff2c00caffecffecff,fcfffcff14001400eeff1000f4fff4fff8fff8ffeeff1c0010000000e6fff6ff,ceffeeff160006000e001e000400a4ffec1496aeec308c15749dd42e226fea9d
1497,1497,0,1a00fcff0000defff2fff2fffcfffcfffaff0c00feff0c00120002002e00feff,1200e4ffeafffaffe2ff2e00fafffaff040004000600f8ff0c00faffdcffccff,0e00fcff04000400eeff00000400f4ffd8ffe8ffeeffeeffeeff00000600f6ff,eeff2000f8ffdaff0e003000e4fff4ff409e582f6a6efa9df8ae386f461548ae
1498,1498,0,0a00fcff00000000f2fff2ffecfffcfffaff2c000c00f2fee4fff4fffeff0e00,f4ff0200faffeaffd4ffb6ffeafffaff0400040026000600eafffaff0c002c00,0e00fcff1400f6ffeeffeeff04000400d8fff8ff1c00feff1000defff6ff1600,20001000dafff8ff3000baffe4ff040036ae066fca1608ad842e48160a9e4a2f
1499,1499,0,fcff1a00deffdeff000030001c00ecffeafffaff2c002a00d4ff0200eeffceff,220002000c00eaff0000d4fffafffafff2ff0400f8fff8ff0c001c00dcfffcff,0e00dcff0400e6ff1000eeff0400f4ff26002600feffeeff00003000f6fff6ff,58000000daff46000e00ecff14000400c82e18165a9e2630f86ed89ea8ad126f
1500,1500,0,0a00fcff0000eefff2ff1000fcffecff0c00bafff2fe0c00f4ffd4ffeeffeeff,f4ff1200faff1c002e00e2ff0a000a00f2fff2ff16002600eaffeaffdcffdcff,9cfffcff0400f6ffeeff200004000400f8fff8fffeff1c001000eeff0600f6ff,eeffaeff06001600fcffecff0400d4fff66ed09e18ac7a6e881638adf82dc615
1501,1501,0,fcff0a000000deffe2ffe2fffcfffcff1c000c00eeff4c000200d4ff1e000e00,e4fff4ffeafffafff2ff1000fafffaff0400f2ff1600d8fffafffaff4c001c00,1e00fcfff6ffd8ffbcffeeff140004001600caffeeff0c000000100016001600,eeff00000600dafffcff30004400f4ff88168aad562fc817389f642e526f7a9e
1502,1502,0,fcff0a0000000000f2ffd2fffcff3c001c00faff0c00eeff0200d4ffdeff3e00,120012001c001c00d4ffe2ffeafffafff2fff2ffe8ff1600eaffeafffcff0c00,ecff0e000400040000000000f4ff1400e8ff16001c00eeff0000eefff6ffe6ff,eeff30000600dafffcff1e0014001400009fc82e8a6e369f78ad586fde1698ad
1503,1503,0,dcfffcff00001000e2ff00000c000c00eaffeaff4c002c00120030000e000e00,02000200eafffaff2e00f2ffeaff0a00f2ffe2ff160026000c000c000c000c00,fcff9cfff6ff1400eeffeeff04000400f8ffe8ff0c00eeff200000000600f6ff,eeff3000f8fff8ff0e00ecffd4ff14003aad266f2818c8ab442d1817ea9ea82d
1504,1504,0,1a000a00deffeefff2fff2ff0c000c00fafffafffeff1c00020012000e00feff,0200f4ff3c001c00f2ffd4ff0a00eaffe2ffe2ff360016000c000c00ccfffcff,fcfffcfff6ff14000000defff4ffe4ffe8fff8ffeeff0c000000eefff6fff6ff,1000beffbaff36001e00ecffe4ff04004c2d7a17669fc82e686f7ca090ac726f
1505,1505,0,ecfffcff1000100020002000fcfffcffdafffaff0c001c0002000200eeff2e00,120002000c00fafff2fff2ffdaffeafff2ffe2ff460006001c002c000c002c00,0e000e0022001400ceff100004002400f8fff8ff0c00eeff0000100016003600,1000ceffe8fff8ffecff1e0014000400466f06a000abea6e2c18f8ace82c8e17
1506,1506,0,1a00fcffdeff0000000010001c00ecffeaff0c002c002c0002000200eefffeff,12001200eafffaffb6ff00000a00fafff2ffe2ff2600f8ff0c00faffecff3c00,2e00fcff140014000000eeff0400f4ff0600e8fffeff0c0030000000f6fff6ff,eeffeeff1600daffecff30001400e4ff701844ac482e70194ca0342c826f929f
1507,1507,0,2a001a0000000000f2ff0000fcff0c00fafffaff2c002c00e4fff4ffceff0e00,020012001c001c00f2fff2ffdaffeafff2ff0400d8fff8ffeafffaff0c000c00,0e000e0014002200eeff1000e4fff4ffe8ffe8ff0c000c001000deff0600e6ff,deff10001600f8ff0e000e00e4ffe4fff69f9a2caa6e969f88ac286f8018e0ab
1508,1508,0,fcff0a000000eeffe2ff0000ecfffcfffafffaff0c00e2fe0200e4ff0e00eeff,12001200faff1c00e2ff2e000a00faff0400f2ff1600e8fffafffaff0c00fcff,fcfffcff14000400000010001400f4fff8ff26001c00feff000020001600e6ff,00000000daff06003000ecffc4fff4ffc4ab466fe619c2aae42b5c19d29fe02b
1509,1509,0,fcff0a00000000000000f2ffecffecff0c00daff0c003c01f4ff1200feffeeff,12001200fafffaff0000e2fffaff0a00040014001600f8fffafffaffecfffcff,ecffdcff1400e6ff10000000240014000600f8ffeeffeeffdeff000006000600,3000eeffe8ff1600fcffecfff4ff1400162c001906a0c82d586f8ca0d0ab626f
1510,1510,0,1a00fcffeeffeefff2ff0000fcff0c001c001c002c00feff120022002e001e00,12000200faff0c00e2ff2e00fafffaff1400f2fff8ff2600fafffafffcfffcff,2e00dcff2200f6ffeeffeeff040004001600d8fffefffeffeeff000016001600,0000eeffdaffe8ffcaff0e000400c4ffbc6f86a032aada6e101ae8aba02b6019
1511,1511,0,0a002a00000000002000f2ffecfffcfffaff0c002c001c0050000200deffeeff,e4ff02002c00faffe2ffe2fffaff0a00e2ff0400260026002c00baff0c001c00,9cff3e000400f6ff00000000e4fff4ff06000600feff1c000000defff6fff6ff,deffeeff1600f8ffcaff1e002400e4ff6a1ad4aa882d141bfca0a42ba26f42a0
1512,1512,0,2a001a001000beffe2ff10001c001c00dafffafffeff2c00f4ff02002e00feff,1200f4ffdaffeaffc4ff3e000a00daff0400e2fff8fff8ff0c001c00ecffccff,fcff0e001400f6ffceff000014000400e8fff8ffeefffeffdeffeeff06000600,ceff0000f8ffdaff0e001e00f4fff4fff6a02e2aea6e46a0a8ab986fc01910ab
1513,1513,0,0a00fcffceff00001000f2ffecfffcfffaff0c000c00feff3000f4fffeff0e00,d4ffe4ff1c000c0020003e00eaff0a00f2ffd2ff2600f8ffeaffeaff0c00fcff,dcffdcff140004000000eeff1400a4ff0600e8fffeff0c001000defff6ff2600,eeff1000daffe8ff0e00fcffe4ff340074aa766f041b92a94029801ad4a0f02a
1514,1514,0,fcfffcff00000000c2fff2fffcff1c00faff1c00eeff0c00f4ff02002e001e00,2200f4ffdaffeaffd4ffe2ff0a000a001400f2ff2600f8ffbaff0c00fcfffcff,1e00ecff1400f6ffdeff0000f4ff0400d8ff0600fefffeffeeffcefff6fff6ff,6800eeffdaff0600ecfffcff14003400fe29aa1ad6a0882d686fdca184aab26f
1515,1515,0,fcff0a00eeff1000f2ff2000ccff0c000c00faff0c000c001200e4ffeeff2e00,f4ff2200faff1c004c0000000a00eaffd2fff2fff8ffe8fffafffaffecff1c00,9cfffcfff6ff2200000000000400d4ffcafff8ffd0ffeeff2000eeffe6fff6ff,0000ceff06005400dcfffcff4400d4ffbc6f26a122a9fa6ee21b86aad429a01a
1516,1516,0,0a00ecffeeffceffe2fff2ff0c001c002c002c002c00feff12000200feff2e00,2200f4ffeaffdaff0000f2ff1a000a00f2fff2ffb8ff1600fafffafffcff1c00,fcff2e0004000400eeff1000040014000600e8fffefffeff1000000006001600,eeff00001600caff0e000e001400d4ff6c1c34aa882d641cdca1a028c26f64a1
1517,1517,0,ecffdcffeeff20000000f2fffcffdcff1c001c003c010c0002000200fefffeff,f4ff1200faff1c003e000000faffeaffd2fff2ff2600f8ffeaff2c000c001c00,8cff1e00f6ff1400eeffeeffe4ffe4ff2600d8ff0c000c00eeff3000e6fff6ff,eeff3000f8ffe8ff0e000e00f4fff4ff66a19428fa6e76a1c2a9686f321c24aa
1518,1518,0,2a00fcff1000eefff2ff2000fcffecff0c000c001c00eeff020022000e001e00,f4ff30000c00eaff20002e001a00eaff2400f2ff1600f8fffaff1c001c00fcff,fcff2e0014001400eeff00000400f4ffe8ff16002a00eeffeeff000006002600,00006800f8fff8ff1e00dcfff4ff24009aa9dc6f041dd2a87028a21ca4a13429
1519,1519,0,fcfffcffeeffdeff1000f2fffcfffcff0c000c00eeffeeff12000200deffdeff,1200d4fffaff1c00f2ffe2ffeafffaffc0ff0400160036002c000c000c00ecff,0e00fcff140022003000defff4ffe4ffe8ffe8ffe0fffeff2000eefff6ff0600,00000000caff0600fcffecfff4fff4ffd427cc1cf6a11c28c86f30a274a9b26f
1520,1520,0,ecfffcff0000defff2ffd2fffcff0c00faff0c001c010c00120002000e003e00,12000200eafffaffe2ff0000faff0a00f2ffd2ffc8ff16001c00faff2c00fcff,1e000e00f6ff0400ceffdeff14004400d8fff8ffeefffeffeeffeeffd6ff1600,3000eeff06000600fcff0e00f4ffd4ff1c70c6a152a83a6fe21cc2a84a28ba1c
1521,1521,0,1a00fcffeeff10000000f2ffecffdcfffaffdafffeff0c01f4ff02000e00ceff,1200f4ffeafffaffd4ff2e00faff1a00e2fff2fff8ffe8ff1c000c000c001c00,2e000e000400f6ff1000deff040004000600cafffeff2a001000eeff06000600,ceff00001600caffecff1e003400d4ff7c1dfaa80c27541dc0a2ac27c26f54a2
1522,1522,0,7400ecff00000000e2ff0000ecff2c00faff0c002c01feff22000200fefffeff,120012002c00eaffd4ffd4ff0a000a00140004000600e8ff0c000c00fcff0c00,0e002e000400f6ffdeff000004001400caff44000c00eeffeeffeeff06000600,deff20001600f8ffecfffcfff4ff240040a23e27ea6ef6a122a9b86f7a1ddaa8
1523,1523,0,0a00fcff0000eeff10001000ecffccff1c00eaff0c001c0030001200eeffeeff,d4ff0200faff1c00f2ff2e000a00faffd2fff2ff0600d8ff1c000c00ecfffcff,dcffdcffe6fff6ff1000eeff14000400e8fff8fffefffeff30000000f6ffc6ff,deff0000e8fff8ff30000e00140024005aa8666f801ed4a71c27421d84a28a27
1524,1524,0,1a001a001000eeffd2ff00000c000c00faff2c00deff1c012200e4fffeff0e00,120022000c00eaff2e000000fafffaff0400f2ff460016000c000c00dcff0c00,8cfffcff1400f6ffeeffbcfff4fff4ff0600f8fffeff0c00eeff0000f6ff3600,20000000daff4600fcffecffd4ff24007e268a1ec4a25c26c86f70a36aa8d26f
1525,1525,0,1a00fcff0000100000000000ecfffcfffaff0c00eeff1c00020012000e000e00,12001200eaffeaffe2ffd4fffafffaff040014001600e8ff0c00faffecffdcff,fcff1e00f6ff1400eeffdeff0400f4fff8ffe8ff1c00feffeeff2000f6ff0600,0000eeffe8ff4600ecff0e002400e4ffdc6f10a344a75a6f921e42a858264a1e
1526,1526,0,ecfffcffeeff200000000000fcfffcff1c000c001c00feff02000200feff2e00,f4ff12000c00fafff2ffe2fffaff0a000400f2ff06000600bafffaffecff1c00,fcff0e0004002200deffceff14000400d8fff8fffefffeffeeffeeff06001600,deff00004600daffdcfffcfff4ffe4ff3a1ffaa7e025501f12a4bc25c26fd4a2
1527,1527,0,fcffecffeeff1000100010001c00fcfffaffcaff2c00feff30000200feff0e00,0200e4ffeaff0c00000000000a00fafff2ff0400060006000c000c000c001c00,0e009cff040004000000eeff0400e4ffcaff0600eeff0c00deff10002600f6ff,eeff20004600dafffcff1e00e4fff4ff30a30e260a6f04a3bea7c86f121f1aa8
1528,1528,0,2a00dcff1000000010001000fcfffcfffaffcaff1c002c003000f4ff3e000e00,f4fff4fffaffeaffe2fff2ff0a000a00e2fff2fff8ff0600eaffeaffbcffecff,0e000e00f6ff0400ceffceff14001400baffd8ff0c00e0ffeeffeefff6fff6ff,eeff1000f8ff06001e00ecffc4ff440074a7dc6f402096a6cc25b620b0a3a825
1529,1529,0,ecff0a0020000000f2ffe2ff1c000c000c000c000c00feff020030000e003e00,2200f4ff0c000c00d4ff0000faffeafff2ffe2ff26001600eaff0c00fcffecff,1e000e00040014000000eeff14000400e8ff06000c00eeffeeff0000e6fff6ff,4800deffdaff06003000ecff0400f4ff2025502028a41025c86f02a440a7e26f
1530,1530,0,fcfffcff1000100020000000fcff0c00faffcaff1c000c00400050001e001e00,e4ff0200fafffafff2fff2ffeaffeafff2ff04001600f8ff2c00eaffecffccff,0e001e00040004001000eeff0400e4ffd8ff2600e0fffeff00000000f6ff0600,2000deff06001600fcff0e00f4ffa4ffec6fa0a386a64a6f7620aea66825e21f
1531,1531,0,0a002a001000deff0000f2ffecfffcff1c004c002c001c00e4fff4fffeff2e00,1200e4ff0c00faffd4ff3e001a000a00f2ff0400060036002c001c00fcfffcff,dcff0e00f6ffd8ff0000000024000400e8ffcafffeffeeffeeff1000f6ff0600,eeff00001600e8ffdcff3000f4ffe4ffc020a4a6e0235e20dea49e24027000a4
1532,1532,0,bcfffcffdeffeeff00004e00dcfffcfffafffaff0c002c005e002200eeffdeff,f4ff02000c000c003e00f2ffeafffafff2fff2ff160006001c000c00ecff1c00,fcff0e00140004001000defff4fff4ffcaffe8ffeefffeffeeff3000f6ffe6ff,ceff10001600f8ff0e000e00b4fff4ff5ea470243a6f28a40ea7d86fd420c8a6
1533,1533,0,fcff2a0000000000d2ff2000dcff1c00faff2c000c00deff22001200feff2e00,020012000c00eaffe2ffe2fffaff5a00f2ff0400d8ff06000c000c00dcffecff,1e003e001400f6ffdeff000004001400f8ff26000c00eeff0000000006001600,00000000e8fff8ff3000fcfff4ff340084a61c70f22106a65a238620e8a43024
1534,1534,0,1a00dcff00000000200020000c00dcff1c00faff2c002c00300030000e00ceff,f4ffc6fffaff1c002e00f2ff0a00eafff2fff2ffe8ffe8ff0c000c00fcff2c00,0e00fcff04000400eeffdeff1400f4ff2600f8ffeeff1c00eeff0000f6ff0600,5800eeffdaff06004000fcff140014002a23902168a45023b86fcea518a6d26f
1535,1535,0,ecff1a0000000000e2ff0000ecfffcfffafffaffceffeeff30003000eeffdeff,1200f4fffaffdaffd4ffe2ff0a000a00040004000600e8fffaff0c00ecff2c00,0e000e00e6ff0400deffdeff140034002600d8fffeffeeffeeff0000e6ff1600,2000defff8ff0600ecff1e002400d4ff1c70bea456a53a6f76217ea65023a421
1536,1536,0,0a00fcffeeff2000000010001c00fcff0c00fafffeff2c00220012001e001e00,f4fff4ffeaff1c00f2fff2fffaff1a001400f2ff060046000c001c00fcffecff,ecfffcff040022001000eeffd4fff4ffe8ffe8ff0c001c000000eeff0600d6ff,deff000006000600fcff30004400c4ff3a22a8a5d22262220ea67a22e26f18a5
1537,1537,0,1a00ecff00000000f2fff2ffecff0c00daff0c002c001c0012001200deff2e00,120012001c00fafff2ffc4fffafffaffc0ffe2ff0600e8fffafffaffdcffdcff,fcfffcff14001400eeffceff0400f4fff8ffd8ff0c00eeffeeffeeffe6ff0600,eeff20001600daff0e001e00f4ff240086a59a224a6ff8a40ea6986fb422c8a5
1538,1538,0,fcfffcffceff000000000000fcffecfffaff0c002c000c00500030000e002e00,f4fff4fffafffafff2ff2e000a00caff0400e2ff0600e8fffaff0c00fcffccff,bcff8cfff6ff22000000eefff4fff4ffe8ffd8fffeffe0ffeeff20001600f6ff,0000eeffcafff8ff1e00fcffc4ff240046a5dc6fc22246a54a22ea22a8a52023
1539,1539,0,fcff1a001000eefff2ffe2ff0c002c00faff2c002c00eeffe4ff2200feff2e00,e4ff0200fafffaffd4fff2ff0a00fafff2ff140026002600fafffaffecff0c00,0e002e0014001400deffeeff04000400caffe8fffeff1c00eeffcefff6ff2600,10000000f8ff16001e00ecfff4ff3400a0215a2396a51222c86ffea558a5f26f
1540,1540,0,fcff0a00eeff000010000000ecfffcff0c00faffeeffeeff4000f4fffeffceff,f4ff0200faff0c00f2fff2fffaffeaff1400f2ff1600c8ff0c00faffbcffbcff,0e00fcfff6ff040010000000f4ff1400f8ff0600feff0c00eeffeeff26000600,eeffdeffdaff0600dcfffcff1400e4ffdc6f74a628a44a6f3a236ea5f4217023
1541,1541,0,dcfffcff0000eefff2fff2fffcffecffdafffaff0c000c0012003000eeffeeff,020012001c001c00000000000a005a00f2fff2ff3600c8ffeafffafffcfffcff,fcff0e00f6ff0400eeffeeffd4ff0400caff06001c001c001000eefff6ff2600,eeffdeff6400f8fffcff1e00f4ffe4ffba23f6a46c21f0230ea77621e26f08a6
1542,1542,0,fcffdcff0000deffe2ff20000c00fcffdaff0c002c000c00120002002e00eeff,1200e4fffaff0c00c4fff2ff0a001a00d2fff2ffc8ff26000c000c002c000c00,dcff0e00e6fff6ffeeffeeff1400e4ffd8fff8ffeefffeff00000000f6ff0600,eeff68000600e8ff0e000e00d4fff4ffd4a6f0205a6f26a61ea55c702024d8a4
1543,1543,0,fcff0a000000100000000000fcfffcffdafffafffeff0c0030002200eefffeff,1200f4ff2c001c00f2ffd4ff0a000a00f2ff040006000600fafffaff2c00dcff,dcff0e00220004000000eefff4ff240026000600e0ffeeffdeff0000f6ff1600,eeff2000e8ffdaff1e00fcffd4fff4ffd0a3cc6f702428a446207a2368a63421
1544,1544,0,1a000a00deffeefff2ffe2fffcffecffdaffdaffdeff2c01f4fff4ff0e00feff,300012001c001c00d4ffc4ff0a00fafff2ffe2ffe8fff8ffeaffeaff0c00ccff,fcfffcff140014001000ceff1400f4ff0600f8fffeff0c00eeffeeff26000600,1000eeffdaff54001e00dcffe4fff4ff1020f024c4a67c20786f4ea740a4e26f
1545,1545,0,fcff0a000000eeffe2ff4e00ecffecffdaffdaff2c00eeff22001200feff4e00,d4ffe4ffeaff1c002e00f2ffeafffaffe2fff2fff8ffe8ff0c001c001c00bcff,9cff0e00f6ff04001000000004001400f8ffe8ff0c000c000000defff6ff1600,1000aeff06004600dcfffcff2400e4ff1c7044a7b8a3ea6efe24aea4a21f8825
1546,1546,0,0a00fcff1000eefff2ffd2ff0c000c001c00faff2c010c00e4ff30000e000e00,020012001c000c00d4ff2e00fafffaff2400d2fff8ffd8ff0c000c00dcfffcff,0e000e0014001400deffeeff140004000600e8ffe0ffeeff0000eeff0600d6ff,eeffeeff5400daffdcff30001400f4ff902530a3b01f40258ea7221fe26f10a7
1547,1547,0,fcfffcff000020001000f2ff0c00fcff0c000c002c001c011200d4ff0e002e00,f4ff12000c00faff2e00d4fffaff0a00e2fff2ff16002600faff1c00dcff0c00,1e000e0022002200eeffeeff1400f4fff8fff8ff1c00eeff0000eefff6ff0600,deff10000600e8fffcff1e00e4ffe4ffdaa74a1f7a6fc4a62ea4b86fd82500a4
1548,1548,0,1a00fcff1000eeff2000f2fffcffdcff0c00faff0c003c0140003000eeff3e00,12000200fafffaff1000d4ff0a000a00f2fff2ff3600f8ff0c000c000c00fcff,fcff0e0014000400eeffeeff04001400f8ffd8ff0c00feff30002000f6fff6ff,00003000e8fff8ff1e00ecffe4ff0400b0a2cc6fd02538a3c21eac2670a7321f
1549,1549,0,fcfffcff00001000f2ffe2fffcfffcfffaffdaffeeff1c00300030002e00deff,f4ff12000c000c00e2ff3e00faffeafff2fff2ffe8ffe8fffaffeaffecff0c00,1e001e00f6fff6ffdeffeeff14001400d8ffd8ffeefffeff300030000600f6ff,1000eeffe8ff64001e00caff04001400ba1e7e26b4a7b01ea86faea750a3c26f
1550,1550,0,dcfffcff3000100020001000ecff2c000c001c001c002c00500040000e000e00,40001200faff0c000000e2ff0a00faffe2ff24003600e8fffaff2c00ecff1c00,0e001e000400e6ffeeffdeff04001400d8ffd8ffeefffeffdeffdeff16001600,1000deffdafff8ffdcffecfff4fff4ffdc6f6aa8e8a25a6fdc2650a3fa1d2826
1551,1551,0,fcfffcffdeffeefff2ff00000c001c000c000c002c000c0040003000ceffdeff,e4ffe4ff3c00eaffd4fff2ff2a001a0014000400260036001c00cafffcffccff,ecfffcff04000400deffeeff1400f4ff1600f8ff0c00eeff0000deffd6fff6ff,eeff00001600f8ffecff3000f4ffc4ff5e27c0a2f21dbc2602a9821ee26f1aa8
1552,1552,0,fcff3a0000000000e2ffe2fffcff0c00eaff3c000c00deff30003000fefffeff,f4ff02000c00fafff2ffd4ffeaff1a00e2fff2ff3600b8ff0c000c00ecfffcff,ecff1e001400040000000000f4ff0400d8ff5400eeff0c001000eefff6ff1600,eeff40001600baff1e003000e4fff4ff9aa88c1dfa6e22a800a3b86f7a27b4a2
1553,1553,0,2a00bcffdeff0000f2ff4e00ecffecfffaffbaffeeff0c0040002200feff1e00,0200f4fffaff0c00000000000a000a00e2ffe2ff0600d8ff3c000c00dcfffcff,0e000e00f6ff0400eeffdefff4fff4ffd8ffbafffefffeff300000000600f6ff,deff2000daff16000e000e00f4ff140030a2cc6fbc27e6a1321dcc268aa87a1d
1554,1554,0,fcff2a001000deffe2ff0000ecff1c00cafffaff1c002c000200e4ff0e000e00,020002001c00fafff2ff20000a000a00040004001600d8ff0c00faff0c000c00,1e00fcff1400f6ffceffceff04002400e8ff06000c00feff0000eeff16002600,20000000f8ff06001e00fcfff4fff4ffdc1c0428b2a8d41c986f72a934a2c26f
1555,1555,0,fcffecffceff1000000020002c00dcfffafffaff0c002c00f4ffe4fffeffdeff,f4ff1200fafffaffe2fff2ff1a001a00040014002600f8ff1c00faff2c000c00,0e000e00f6ff04001000eeff0400a4ffe8ff0600eefffeff100000000600e6ff,2000deffdaff0600ecffecff3400d4ffcc6f0aa996a1fa6ef02810a3821c5a28
1556,1556,0,ecff1a00200020000000d2fffcff1c00daff1c000c001c00120030000e00feff,e4ff02001c001c003e00f2ff0a001a00e2fff2ff1600e8fffafffaffecff1c00,dcff0e00140014000000eeffa4ff0400f8ff9cff0c00feffeeffeeffc6fff6ff,ceff10005400daffdcff30000400c4ff942896a1741cac2856aa601bc26f94a9
1557,1557,0,fcfffcff0000ceffe2ff1000fcffecff0c000c002c000c00f4ff40002e000e00,0200e4ffeaffeaffd4ff10001a000a00f2fff2ff0600d8ff1c001c001c00acff,ecffdcfff6fff6ffeeff000024000400f8ffbaff0c000c00eeff10003600f6ff,ceff00000600daff0e000e00e4ffe4ffbaa9181cfa6e42a978a1a86f3429e4a1
1558,1558,0,0a001a000000eeff0000e2fffcffecfffafffaff2c00eeff220012000e003e00,f4ff1200faffdaffd4ffd4fffaff1a000400e2ff0600c8fffaffcaff1c00fcff,dcff2e0004001400ceffceff14000400e8fff8fffefffeffdeff1000e6ff0600,deff3000f8fff8ff4000ecffd4ff240016a1766fec2826a1f21b8029e4a9c21b
1559,1559,0,2a000a00eeff0000e2fff2fffcfffcff1c000c001c004c0002001200feff4e00,0200e4ff0c000c00d4ffe2fffaff1a00e2fff2ffc8fff8fffaff0c00dcfffcff,3e000e0004002200deff100014000400f8ffcaffeeffeeff1000eefff6ffe6ff,3000eeffe8ff16000e00fcffe4ff0400da1a2e2ab2a9241ba86f36aa44a1b26f
1560,1560,0,dcff1a00deff00004e000000dcff0c00faffdaff0c00eefff4ff0200eeff0e00,020012000c00faffe2ff0000caff0a00b0ffe2fff8ffd8fffaffeaff1c00fcff,0e001e0004001400eeffbcfff4ff0400f8fff8fffeff1c0010000000f6ffe6ff,eeffceffdaff4600ecffecfff4ffd4ff566f84aae6a03a6fb02948a0c61ab429
1561,1561,0,fcfffcffdeffdeffe2ff0000fcff0c001c000c00feff0c00f4ff3000feff2e00,12000200dafffaffe2ffd4ff6a000a001400d2ffe8ff3600faffeafffcfffcff,dcff1e001400d8ffdeff200014000400d8ffd8ff0c00feffdeffdeff16000600,0000ceff1600f8ffecff0e000400d4ff7e2af6a0941a322a06abe01aa26f74aa
1562,1562,0,fcfffcff10000000f2ff3e00ecffdcffdaffdaffeeffceff12001200fefffeff,120002000c00eafff2ffe2ff0a00eaffe2ff040016003600fafffafffcff0c00,fcffecff14000400eeff0000f4ff0400e8ffe8fffeff0c001000cefff6ffc6ff,deff58001600bafffcff0e00e4ffe4ff04ab1a1ada6e32aac8a0786f442ae4a0
1563,1563,0,0a001a001000eefff2ff0000dcffdcff3c002c001c00feffe4ff3000eeff3e00,1200f4ff0c00faffd4fff2fffafffaff0400f2fff8ff2600daff1c00dcfffcff,dcfffcff0400e6ff00001000f4ff0400d8ffe8fffeff0c00eeff0000f6fff6ff,eeff0000f8fff8ff1e00ecffe4ff140086a0866f022b56a05c19642a20abe019
1564,1564,0,ecff1a001000eeff100010000c00fcfffaff2c000c002c0022003000cefffeff,2200f4ffdaff0c002e00e2fffaff0a00e2ff0400d8fff8fffaffeaff0c00ecff,0e000e0004001400eeffdefff4ff0400f8ffaafffeff0c000000eeffe6ffe6ff,1000ceffdaff16001e00dcfff4ff0400d018fe2ac2aa061a586fd8ab52a0826f
1565,1565,0,0a000a0000000000000010000c001c00faff3c000c001c001200f4fffeff1e00,02001200eaffeaffc4ff20004a000a001400e2ff2600e8ffeaffeaff1c000c00,1e002e001400f6ffeeff000004000400e8ff2600eeffeeffdeffeefff6ff0600,1000cefff8fff8ffecff0e005400e4ff566f34abc69fda6eb82cd49f3019c02b
1566,1566,0,2a000a00000000000000e2ff0c00ecff1c000c002c000c002200e4ffceffdeff,12002200eaff0c002e00f2fffaffcaffe2ff04002600e8ff1c00eaffdcff0c00,1e00fcffe6ff14000000eeff34000400d8ffbafffeff0c00eeff0000e6ffd6ff,eeffeeff4600e8ffecff30002400e4ff1c2cb09f3019182e78ac1c18926f80ab
1567,1567,0,1a00fcff100000000000f2fffcff1c001c003c00eeff2c00300012002e000e00,12001200faffeafff2fff2ff1a00faff14002400b8fff8ff0c00faffdcfffcff,1e001e0022000400eeff000004000400e8fff8fffeff0c00000010000600e6ff,eeff30000600dafffcff1e00e4ff140034aca018da6e60ab349f286f502ce29f
1568,1568,0,fcffecffeeff2000e2ff00001c00dcfffafffaffeeff2c0102005000eeffeeff,f4fff4ff0c000c00e2ff2e000a00fafff2ffe2ffd8ff0600eafffaff2c00ecff,0e00fcff1400140010000000f4fff4ffd8ffaaffe0ff0c00300010000600f6ff,eeff1000f8fff8ff1e00ecffd4ff1400f69f666f882e969f5c18e82de0abfe17
1569,1569,0,0a002a00deffceffe2ffe2ffecfffcff2c00faff1c012c0022005000ceff0e00,f4ff12000c000c000000d4fffaff1a00e2ffe2fff8ff06000c00faff0c001c00,2e000e001400f6ffeeffeefff4ff0400d8ffe8ffe0fffeffeeff200006000600,2000eeffdaff24001e00ecfff4ff24007a173c2cb0ab4a18186f88ac929f526f
1570,1570,0,2a00fcff00000000f2fff2fffcffdcffdafffaffeeff0c015e00e4ff2e000e00,f4fff4fffaff1c00e2fff2fffaffeaff1400e2ff2600f8ff0c000c000c00dcff,1e00fcff04001400deff00002400f4ffe8ffe8fffefffeff1000200006000600,1000eefff8fff8ff1e000e001400f4ff266f4aad569fea6eb82d949e5e17062d
1571,1571,0,fcff1a00100020000000d2ffecfffcfffaff0c000c001c0030005000eefffeff,e4ff12001c000c00f2ffe2fffaffeaff04000400d8ff06000c00eafffcfffcff,dcfffcff2200040000000000140014003400e8ff0c00feff3000eeffe6ff0600,eeff00001600f8ffdcff30000400d4ffde2d009f8817762f58ad0c17426f90ac
1572,1572,0,fcff0a0000000000f2ff1000ecff0c00eafffaff0c000c00f4ff0200feffeeff,1200e4fffaff0c00100020000a00faffd2ff040036002600eafffaffbcffecff,1e000e00e6ff14001000deff1400f4fff8ff0600eeffeeffeeff20001600e6ff,ceff2000f8ffe8ff1e001e00c4fff4ff6aadfa16fa6e30acc49e686fda2d129f
1573,1573,0,fcfffcff000000000000e2fffcffecff0c000c00feff2c00e4ffe4ffdeffdeff,e4ff1200eaffeaff2000d4fffaff0a00e2ff14000600c8fffaffeaffccffdcff,fcfffcff04000400deffeefff4ff2400e8ff16000c00e0ff00000000f6fff6ff,00001000f8ffe8ff1e00fcffd4ff0400d09e166fe62ff89eac15182e18ad0e17
1574,1574,0,0a00fcff1000cefff2ff20000c00fcfffaff2c00feff1c0002001200fefffeff,f4fff4ffeafffaffe2ffd4ffeafffaff0400e2ffe8ffd8ff0c00caff0c00ecff,1e000e00f6ffe6ff0000eeff1400040016000600e0fffeff000000001600f6ff,3000eeffbaff46003000dcfff4ff040028169e2ed8ac8a16f86e88ae5a9e426f
1575,1575,0,fcff0a00deff30000000f2ffecffdcffcaffcafff2feeeff5000f4ffeeff2e00,d4ff0200eaff0c000000d4fffaffdaff0400e2fff8fff8ffeaff0c00ccffecff,fcff0e0014001400deffcefff4fff4ffcafff8ff0c000c000000eeffe6ff0600,3000ceff06001600fcffecff1400e4fff66e26ae6a9eaa6e882fe49db615e02e
1576,1576,0,1a00ecff1000defff2fff2ff0c001c00faff1c000c00f2fee4ff30000e00deff,f4ff1200eaffeaffd4ff3e002a001a001400f2fff8ff06000c00faff1c00ccff,2e00fcff14000400deff1000f4ff0400160006000c000c00eeff10000600e6ff,000010000600daffcaff30001400d4ff3e2fa09e8c15bc3088ae5c14426ff8ad
1577,1577,0,ecff1a000000000000000000ecfffcff0c000c000c002a00f4ff12000e00eeff,f4ff1200dafffaffd4fff2ffdaffeaffd2ff14000600e8ff2c00eaff2c000c00,dcfffcff140014000000deffd4ff0400aafff8fffeff2a00ceffdeffe6fff6ff,deff68004600f8ff0e000e00c4ff340066ae4c158a6e78ada49d286fa02ffa9d
1578,1578,0,3a00ecff0000cefff2fff2fffcff0c001c000c00eefff2fe300030000e001e00,12001200faffeafff2ff2e000a00eaff14000400160036002c003c00fcfffcff,0e002e00e6ff0400ceff1000140024001600d8fffeffeeffceff2000f6ff0600,100058000600daff1e00caffc4fff4ff409ef66eac311a9e2c149c3008ae4615
1579,1579,0,ecff0a000000000020000000fcff0c00fafffaff0c000c0012001200eefffeff,e4ff0200eafffafff2ffe2ffdafffafff2ff04003600d8ff0c00faffacfffcff,fcffecff1400040000001000d4fff4ffd8ffe8ffeeff0c000000deff06001600,10000000daff16003000dcffe4ff14006c144e3026aedc14d86e18afca9d326f
1580,1580,0,1a000a00eeffdeff0000f2ff0c00ecff1c000c000c002a00020040000e00eeff,12001200faffeaffd4ff2e004a00eaff0400f2ff260006000c00faffecfffcff,1e00fcff14000400eeffeeff04001400f8ffd8ffeeffd0ff0000eeff06000600,30000000f8ff1600dcff0e005400f4ffd66e76af8a9daa6ecc30d49c0e14a030
1581,1581,0,fcfffcff2000200010000000ecfffcff0c000c000c001c0002000200deffdeff,d4fff4ff1c00faff0000e2ffeafffaffd2ff0400260006001c000c00ccffbcff,ecfffcfff6ff1400eeff0000f4ffe4ffd8ffe8ff0c000c000000eeff06000600,deff300064001600fcff0e000400c4ff9e30729d8c14503298af8a13f26e20af
1582,1582,0,1a00ecffeeffeeffe2ff00000c001c001c001c001c00feff02001200feffeeff,220002000c00faffd4ff2e001a001a001400d2fff8ff2600fafffafffcfffcff,0e00fcff04000400000010003400f4fff8ff0600eefffeffeeff100006001600,deff20004600caff0e001e00f4fff4ff1cb000134a6e24af749cc86e3a316a9d
1583,1583,0,fcffecffeeff00000000f2ff0c000c00eaff0c00eeff1c00020002000e000e00,e4ff02001c003c000000c4fffafffaff0400e2ff060026003c00faffbcffecff,0e001e000400f6ff2000eeff1400f4ffe8ff0600fefffeffeeffeeffe6fff6ff,deffeeffe8ffdaff3000ecfff4ff2400129dc66e40336a9dd611fc30c0af3e13
1584,1584,0,fcff0a000000eeff20001000ecff1c000c00eaffeeffeeff120022001e001e00,12001200fafffaffe2ff00000a001a001400f2ff06000600eaff0c003c00fcff,ecff2e00f6fff6ff00001000f4ff0400e8fff8ff0c001c00deffdeff16000600,10000000f8ff06003000bafff4ff240070127e3164af2e13a86e9cb0da9c226f
1585,1585,0,0a00fcffeeff00002000f2ff0c00fcfffafffafff2fee0ff12002200eefffeff,e4ff02000c002c003e00e2ff0a000a00d2ffe2ff460026000c000c00ccffccff,0e001e00f6ff22001000cefff4ffd4ffe8ff0600feff0c00300000000600f6ff,0000eeff06001600ecffecff0400b4ff966e3cb00a9d4a6ea032a49c8212aa31
1586,1586,0,fcfffcffeeffeefff2ff1000fcff0c001c001c00eeffeeff220002000e00eeff,e4ff1200fafffaffe2fff2ff1a000a00e2ffe2fff8ff06000c00faff0c00dcff,0e000e00f6ff0400eeffeefff4ff1400e8ff2600eeffeeffeeffdeff0600f6ff,000000001600daffdcff30000400d4ff2832029d2e1300338cb01611c26ea0b0
1587,1587,0,0a001a001000200020000000ecffecff0c00caff0c000c0002000200feffeeff,d4ff0200faff0c002e000000fafffafff2fff2fff8fff8ff0c00caffdcffecff,1e002e00f6fff6ffeeff00003400f4ffe8ffe8ff0c00feffeeff100006000600,deff10001600f8fffcff1e000400e4ffdcb010123a6ec4af449cd86eaa32629c
1588,1588,0,0a00fcff3000defff2ff00000c00fcff1c001c001c00eeff12000200deff0e00,12000200dafffafff2ffd4fffaff0a002400f2ff2600f8fffaff0c00ecff0c00,fcfffcff140004002000000014002400f8ff06000c00e0ff1000100006001600,10001000f8ff06000e00dcffe4ff2400c09bb66e60348a9c56112033f0b0d211
1589,1589,0,fcfffcffeeff0000000020000c00fcffeafffaff1a010c001200f4fffeffeeff,f4ffd4ff0c000c00f2fff2ffeaffeaff040004002600f8fffaff0c00ecffdcff,ecff1e00e6ff22000000eeffe4ff14001600d8ffeeff0c00eeffdeffe6fff6ff,3000ceffcaff16003000ecffb4ffe4fff610d83284b03e12886eecb0029c106e
1590,1590,0,fcfffcffeeffdeff10002000fcff0c000c00daffeefffeff50001200feff1e00,02001200faff0c00f2fff2ff0a001a002400f2ff360026000c000c002c000c00,acff0e00f6ff1400eeffceff04001400e8fff8ff0c00feffbeff00000600e6ff,10001000daff1600ecff0e002400d4ff666e5cb10c9c2a6e2234529b42113633
1591,1591,0,fcff0a00eeffeeff00000000fcffecfffaff2c001c00eeff02000200deffdeff,220002000c00fafff2ff2e000a001a0004001400260006000c00fafffcff0c00,fcfffcff040004002000eeff0400040006002600e0fffeffdeff0000f6ff0600,000000005400daff0e001e002400d4ffb833509b3a113e3540b2b20f306ecab1
1592,1592,0,fcff0a00eeff2000f2fff2fffcff0c00eaff0c00f2fefeff22002200deffdeff,f4ff22000c00faffe2ffd4fffaff0a00e2fff2ff4600f8ff0c00eaffdcfffcff,fcfffcff1400140010000000d4ff3400f8ffd8ffeeffeeffdeff000006000600,deff30001600baffecff1e00f4fff4ff36b21610646dd2b0329b386e3634d29b
1593,1593,0,fcff0a0000000000f2ff00000c000c00faffeaffeeffeeff50002200feff3e00,f4ff02000c00fafff2fff2ff0a000a00f2ff1400f8ff2600faff0c000c00ecff,0e00fcfff6ff1400eeff000004000400d8ffd8fffefffeffeeff30000600e6ff,deff1000f8fff8ff3000caffe4ff0400009b366e8e355a9c420f72345ab20810
1594,1594,0,0a00fcff0000eeff2000f2ff2c001c00faff0c00e0ffeeff020030000e002e00,120012000c000c00e2ff00000a00fafff2ff040026000600faffeafffcfffcff,fcff1e000400040010008aff04001400f8ffe8ff1c001c000000befff6ff2600,0000eeffcaff16001e00ecff04003400200f163592b19a10486e30b3409b006e
1595,1595,0,2a00fcffdeffeeff0000f2ffecfffcff0c00faff1c000c0012004000feff0e00,e4fff4fffafffaff00001000eafffafff2ffe2ff060006000c00faffdcfffcff,fcff1e0014001400eeffdeff14001400f8ffd8ff0c00eeffeeffeeff26001600,10000000daff4600fcfffcff2400d4ff366ea6b2ac9bda6dc234029bf80e1e35
1596,1596,0,fcff0a000000eeffd2ff1000fcff0c000c000c00fefffeff12004000deffeeff,1200f4fffafffafff2ff00004a001a0004002400f8ffc8fffaffcaff0c00ecff,1e00fcff14000400eeffcefff4ff0400f8ff16001c00feffbeffceff3600f6ff,0000deff1600daffdcff0e004400e4ff3236e09a940fee3560b3120ed06d9ab2
1597,1597,0,fcff1a0000002000f2ff2000fcfffcffcaff3c00f2fe1c0022004000eeff1e00,220012000c001c00f2fff2ff0a00daffe2ff04000600e8ff0c00faffecff0c00,0e00fcff14000400eeffeeff04001400caffe8ff1c001c00100000000600f6ff,ceff00001600daff0e0030000400040036b37e0eba6d92b1929a186e9e35d09a
1598,1598,0,ecfffcff0000eeff000000001c00ecfffaff0c00feffeeff50000200feff2e00,12000200fafffafff2ff3e001a001a0014000400060006000c00eafffcffecff,dcffecff1400f6ffdeffeeff24001400f8ff06000c00eeffeeff10001600f6ff,deff1000daffdaff0e000e00e4ff0400709a366ecc361c9bc20df236e6b3e20d
1599,1599,0,fcfffcff0000eeff0000e2fffcfffcff2c000c000c000c0022000200feffeeff,300002000c001c00c4ff2e000a001a000400f2ff2600f8ff0c000c00fcff0c00,0e001e001400140000001000240014004400d8ffeeff1c00eeffdeff0600f6ff,2000eeffdaff06003000baff04002400c20dc635beb4f40ee86d40b3a09ad06d
1600,1600,0,ecff0a000000000000001000dcffecff0c00faffeeff0c0022001200deffeeff,120012001c001c002e0000000a00faffe2fff2fff8ff0600faff0c00fcff1c00,9cfffcfff6ff0400eeff20000400140026002600feff0c00deffceffe6fff6ff,1000deffdaff1600ecfffcfff4ffe4ff266e86b31c9ba46cf236329a020e7e36
1601,1601,0,ecff1a000000000020001000ecff0c000c002c000c001c00300030003e00ceff,e4ffd4fffaff0c002e00e2fffafffafff2fff2ff3600e8ff1c00faffdcfffcff,0e000e0014000400eeff0000f4ff0400f8ffe8ff0c00eeff1000100016000600,0000eeff16000600ecff1e00e4ffd4ff3237609aa60ebc3742b4020d706d06b4
1602,1602,0,0a00fcff0000eeffd2fff2ff0c001c00daff1c000c000c0030003000feffeeff,12000200faffeaffe2ffe2ff1a00faff040014003600f8fffafffafffcfffcff,fcff1e0004001400deff200004001400caff16001c00eeffeeff000036000600,deff20005400f8ffecff0e002400040026b4b20c246dd6b2229ac86d6637009a
1603,1603,0,2a001a0000000000f2fff2fffcfffcff0c003c000c000c0012004000eefffeff,f4ff0200eaff0c003e00d4ff1a002a00f2ff0400f8ff36002c00faff0c00fcff,0e00dcff04001400eeffeeff04001400e8ffd8fffeffeeffceffeeffe6ff0600,deff1000daffe8ff4000fcffd4ff4400a6999a6d9238769a220c4237beb4580c
1604,1604,0,1a002a0000000000f2ff1000fcff2c002c000c003c011c0012004000fefffeff,0200e4ffeafffaff1000f2ff0a000a001400f2ff54001600fafffaffdcfffcff,0e002e0014001400eeff000004001400f8ff0600feff0c00ceffdeffe6fff6ff,10000000e8ff06001e00fcfff4ff3400be0b18384eb6c80ad86d62b5d099706d
1605,1605,0,fcfffcffdeff00005c002000ccffdcff0c000c000c002c0012002200eeffeeff,d4ff1200eaff1c00e2ff2e000a00faff0400040006001600eaffeafffcffdcff,0e00dcfff6ff0400deffeeff14000400d8ff0600eeff0c0030000000f6ffe6ff,eeffceffcaff54000e00ecff240004002a6d54b5369ad46c46387e99b80be637
1606,1606,0,2a002a00deffdefff2ffe2ff1c00fcfffafffaff2c001c0040001200eeff3e00,0200e4fffaffbaff0000e2ff0a000a00040004001600d8ff0c000c00fcffecff,1e00fcff1400f6ffeeff200024002400d8fff8fffeff1c00deff0000f6ff2600,deffdeff1600f8fffcff0e001400f4ff88385699180a7239b2b5be09806d5eb5
1607,1607,0,2a00fcffbeffeefff2ffe2ffdcffecff2c000c002c000c00120012000e00feff,f4fff4ff0c00fafff2ff0000fafffaffe2fff2ff160036000c001c000c00fcff,dcff0e00f6fff6ff200000000400f4ffaaff06007600eeff00003000f6ff1600,eeff10004600dafffcff1e00f4fff4ff90b64e0a946cdab6ce98b66da8388099
1608,1608,0,0a00fcff0000000000000000ecfffcffcaffdaffeeffe2fe40003000ceffeeff,f4ff1200faff0c00e2ff1000faff0a00f2ffe2ff160046000c00fafffcff0c00,dcff0e0014000400eeffeeffe4ff04000600d8ff1c000c000000000016000600,eeff78001600e8ff1e00ecffe4ff240056995a6d7239be99ae09b639ceb5dc09
1609,1609,0,fcff1a0000000000f2ff0000fcfffcff0c00daff1c001c00f4ff0200cefffeff,f4fff4ffeaff0c0020003e00eaff0a00d2ff0400e8ffe8ff2c00fafffcffccff,fcffecfff6fff6ffeeffdefff4ffe4fff8ffe8ff0c002a00000020000600e6ff,00000000f8ff16003000fcfff4ff0400d40918395ab7f008766d82b54099306d
1610,1610,0,1a000a0000000000c2ff0000fcff0c00faff0c00deff0c00e4ff1200feff0e00,120002000c00faffe2fff2ff0a000a00e2ff04002600e8ff1c002c00ecffdcff,2e000e00f6ffd8ffceff10000400e4fff8ff2600eeff0c00ceff100016001600,1000ceffdaff1600dcff0e0044000400fa6c00b76e99666c9639be98bc099839
1611,1611,0,fcff1a00deff00000000e2ffecffecff0c002c00feff1c00c6ff02000e00feff,0200f4ff1c000c002e00e2ff0a00eaff0400140026001600fafffaffdcfffcff,1e001e0004000400eeff0000f4ffe4ffe8ffd8ff0c000c000000eeffe6ffd6ff,0000eeff1600e8ffdcff0e004400e4ff623ac6986208c63a34b77e09006d8eb6
1612,1612,0,fcfffcff100010001000f2ff0c00fcfffafffaff2c002c0002000200feff0e00,f4ff0200eafffafff2ffd4fffaff1a00f2ff04003600e8ff0c00eafffcfffcff,fcff1e00040014001000eeff04000400f8ffcaff0c00feffdeffdeffe6fff6ff,deff20005400daffecffdcff0400e4ff90b77409666ceab78e98d66cc839c098
1613,1613,0,fcfffcff00000000d2ff2000fcffecff1c001c002c004c00020012000e000e00,d4fff4ffeaffeafff2ff2e000a00faffe2ffe2fff8ff06001c001c00ecffccff,fcffdcff040014003000300014000400e8ffd8ff0c00eeff20002000f6fff6ff,deff0000e8ffdaff0e00fcff04002400c6980a6d463b3099be08c63916b7b208
1614,1614,0,0a000a00deffceff100010001c00ecff1c000c001c001c00f4ff0200feff3e00,12000200fafffaffc4ff0000faff1a00f2ffe2ffe8ffd8ff0c002c00dcffdcff,0e001e00f6ff0400ceffdeff040004002600cafffeff0c00eeffceffe6fff6ff,5800eefff8ff1600fcffcaffe4ff24008408a23a6ab83207066d48b84e98c06c
1615,1615,0,1a001a00eeff100010002000fcfffcfffafffaff0c000c00020012002e001e00,02000200eafffafff2ff00000a00faff040014001600c8ff2c00eaffdcffacff,0e000e00040014001000eeff0400f4fff8ffd8fffeff1c001000deffd6ff0600,1000cefff8fff8fffcfffcff2400f4ffca6c90b75098166c0a3b7e98d2071a3b
1616,1616,0,fcff1a0000000000000010000c000c000c001c001c01eeff12000200eefffeff,f4fff4ff1c00daff2e000000faff0a00f2ffd2ffd8fff8ff0c00faffbcffdcff,ecff2e0014001400eeff0000e4ff1400e8fff8ff1c000c00deff0000e6ffe6ff,000010004600caffecff0e0014000400c03b3698e206a63c58b8ba06b06cf6b7
1617,1617,0,fcfffcffceff0000f2ff00001c00fcff2c00faff1c000c0012001200eefffeff,02001200faff0c00f2ff2e00fafffaffe2ffe2fff8ffe8ff0c000c001c00ccff,0e00dcffe6ff040010001000f4ffe4fff8fff8ff0c00feffeeff00000600f6ff,deff20000600daff1e00fcffd4ffd4ff56b8f406066c1ab9fa97e66cda3bfe97
1618,1618,0,ecfffcffeeffeeff100000000c00fcff0c003c00eeff0c00020002000e000e00,12001200faffeaff00001000eaff1a00e2fff2ffe8ffc8ff0c002c00ccffecff,0e003e002200f6ff10001000e4ff0400d8fff8ff1c00eeffeeffeefff6ff0600,eeff1000e8ffe8ff0e00fcffe4ff2400f6977a6ce63c70983a060c3ce8b84207
1619,1619,0,0a000a00eeff00000000d2ff2c001c001c000c00feff3c011200f4ff1e00feff,220012000c002c000000d4ff0a00faffe2fff2fff8ff1600faff2c000c00dcff,1e00fcfff6ff2200eeffeeffe4ff0400060006001c001c0000000000e6ffe6ff,1000deffbaff54001e00ecff040004004406c63cb8b9e405866cc8b8fe97386c
1620,1620,0,fcfffcff000010002000f2fffcfffcffdaff0c002c004c00f4ff02000e00eeff,0200d4ff0c00faffe2ffd4fffafffaff0400f2ffe8ffaaffeafffaffccffecff,fcff0e00f6ff04002000ceff04000400e8fff8ffeeff0c003000defff6fff6ff,1000deff06004600dcfffcffe4fff4ff166c06b9d097566b8c3c9a97f0055a3c
1621,1621,0,2a00ecffeeff0000f2ff00001c000c000c001c000c002c00f4ff12000e000e00,f4ffd4ffeaffeaff20003e000a001a00e2fff2ff060006000c000c00ccffacff,0e00dcff0400e6ff200000002400e4ff0600d8fffeff0c000000eeff0600f6ff,deffeefff8fff8fffcff30001400e4ff463d8097f604663d98b9ea05186c88b9
1622,1622,0,0a000a0000000000f2ff10002c00fcff2c001c00eeff0c0012001200deff0e00,0200e4ffeafffaff0000e2fffaff0a00f2ff0400d8ff26000c00eaff9cffecff,0e002e0004000400eeff0000040024002600f8ff1c00feffeeff00000600f6ff,ceff30000600bafffcff1e00e4fff4ff40ba5805766b28ba1a97266c123d6e97
1623,1623,0,fcffecff10001000e2fff2fffcff1c002c004c00feffceffe4ffd4ffeeff0e00,12001200faffdafff2fff2ffeafffaffe2fff2ff060036000c000c00acfffcff,fcfffcff0400f6ff0000ceff04001400e8ff2600feff1c00deffeefff6ffe6ff,eeff1000caffcaff0e00fcffd4ff04007097686bb43dd097dc04ec3cf8b97005
1624,1624,0,fcff0a000000000020002000ecff1c001c001c00eeffe2fef4ffe4ff0e000e00,f4ff0200eaff0c003e00f2ffeafffaff0400e2ff060016000c00baffecffdcff,fcffdcffe6ff14001000eeffd4fff4ff26001600eefffeff2000defff6fff6ff,eeffeeffdaff16001e00baff040034000805b63df6ba6604466c5cba4e97e86b
1625,1625,0,ecff0a000000eeff00004e00fcffecff1c000c00eeffdeff12004000ceff0e00,e4fff4ffeaffeafff2ffe2ff1a000a00e2fff2ffe8ff0600faff0c00dcffdcff,fcfffcfff6ff040020002000040004003400e8ffeeffeeff2000200006000600,3000eeffe8ff1600ecfffcff3400e4ff586b70ba8097366b3c3eea96a004023e
1626,1626,0,fcfffcffeeff0000100000001c00fcff1c00faffeeff0c00f4ffe4ffeeff0e00,f4fff4ff0c00eafff2fff2ff0a00faffe2ffe2ff3600d8ff0c000c00fcfffcff,2e00fcff0400f6ff1000100004000400e8ff2600feff0c001000deff1600f6ff,eeffeeff1600daffdcfffcff2400d4ffd23e20970604323eacba6a03a86b88ba
1627,1627,0,ecfffcff10000000f2ffe2ff1c000c002c002c00eeffeefff4ffe4ffdeffdeff,02001200eaffeaff00000000eaff0a001400f2fff8ffe8ffeaffeaff0c00ccff,0e000e00140004001000deff3400f4ff160026001c00eeff00000000e6fff6ff,ceff5800e8fff8fffcfffcffd4ffe4ffe0ba4203066b66bbba96566c823ee696
1628,1628,0,ecfffcff0000eefff2ff4e00fcfffcff0c001c000c00defff4ff02001e002e00,e4ffe4fffaffeaff3e00f2fffaff0a00e2ff040016002600eaff2c00ccfffcff,fcfffcfff6ff140010001000f4ff04000600e8ff1c00feffeeff00000600f6ff,eeff10000600f8ff1e00fcffe4ff1400a096186b223f7097ea021c3f18bbb803
1629,1629,0,1a00ecffdeffeeff0000f2ff1c000c002c001c001c000c001200f4ffeeff2e00,1200f4ffeaffeaffe2ff2e000a000a00e2ffe2ff060026000c000c00dcffccff,1e00ecff1400f6ff0000eeff1400f4ffd8ff0600e0ffeeff300010000600f6ff,1000eeffdaff06000e00ecfff4ff1400c202f23ee6bb1603f66b1cbb9696786b
1630,1630,0,ecff1a00eeffeeff00000000ecff2c002c001c000c001c001200f4ff0e000e00,120012001c00faffd4ff3e004a00faff0400f2ff0600c8fffafffaff9cffbcff,2e000e0004000400eeff0000d4ff04004400cafffefffeff00000000f6fff6ff,00000000daff06000e00fcff1400f4ffe86ad0bb1097966a5c3f5a9608036a3f
1631,1631,0,1a00fcffceff0000f2ff0000dcff0c000c00faff1c001c00e4ff0200ceff0e00,f4ff0200eafffaff2e000000fafffafff2ff2400740026000c00eaff1c00ecff,9cffecff04001400eeff1000f4ff0400f8fff8ffeeff0c00deff1000f6fff6ff,1000eeff0600e8ffecff1e002400b4ff1840b096180202402ebc5a02386bdabb
1632,1632,0,0a001a0000001000e2ff0000fcfffcffcaff2c00feff2c00f4ff1200feff2e00,02000200eaff0c004c00e2ffeaff0a00f2ffe2ff1600f8ffdafffaffdcffdcff,0e000e000400e6ff000000000400f4fff8fff8fffeffd0ff0000deff0600e6ff,ceff20001600dafffcfffcff0400f4ff70bc0202766a24bdda95a66b9a3f5696
1633,1633,0,ecfffcffeeff000010002000fcffecff3c001c003c000c001200e4fffefffeff,02001200eafffafff2ffd4fffaff0a00d2fff2ffe8ff06001c000c00ccffdcff,fcfffcfff6fff6ff1000000014001400d8ffd8ff1c00eeff0000eeffe6ff0600,00002000daffcaff0e00fcffe4ff14006e96b86a9040309796015040c2bcfc01
1634,1634,0,fcff1a000000deff2000e2ff0c00fcff2c002c000c00eefff4ffe4ffeeffdeff,02000200faffeaffe2fff2ff0a00faff36000400f8ff2600faff0c00fcfffcff,1e002e00f6ff14001000eefff4ff1400f8ffe8ff1c00feffdeffdefff6fff6ff,4800eeffdaff06001e00ecfff4ff44001801484094bd3201866b7ebdf695186b
1635,1635,0,ecffecff0000eeff200010000c00fcffeafffaffdeffeeff02000200ceffdeff,02000200faff1c000000d4ffeaff0a00f2ff1400f8fff8fffaff0c00dcffccff,fcff0e00040014000000100024002400e8ffcaffeeff0c002000eefff6fff6ff,1000deffdaff0600fcfffcff4400f4ff786ab4bd8296566a8040ba95dc00ac40
1636,1636,0,fcff0a00eeffeeff000020000c00fcff0c001c002c00feffe4ff30000e001e00,0200d4fffafffaff20004c000a001a001400e2fff8fff8ff0c001c000c00ccff,1e002e00f6ff04000000100004001400e8fff8fffeff0c0000000000f6fff6ff,eeffceff1600f8fffcff40002400d4ffe8403e9694009e414ebd90ff8c6a52bd
1637,1637,0,fcfffcffeeff0000100010000c000c000c001c00feff5c0040000200eeffeeff,f4fff4ff0c00eaff0000d4ff0a000a00d2ff0400060016001c000c00ccffdcff,2e00dcff14000400200000000400d4ffe8ff06000c000c000000eeff0600e6ff,ceff30001600f8ffecff0e000400e4ff70be5800266a92be4a95a66b5c41e695
1638,1638,0,1a001a001000eeffe2ff1000fcfffcfffafffaff2c002c0012003000feff0e00,22001200eaffeaff0000d4ffcaff5a001400f2ff0600e8fffaff0c00fcffdcff,2e002e001400f6ff0000100004001400f8fff8ff1c001c00eeffeefff6fff6ff,00001000caffdaff0e00ecfff4ff4400c295386af441049650ff244262be3a00
1639,1639,0,ecffecff20002000f2ff1000dcff0c000c000c002c00deff02004000eefffeff,f4ff0200eaff0c002e00f2ff0a00fafff2ffc0ff1600e8ff2c00faff2c00fcff,1e001e00e6ff14000000deffd4ff0400cafff8ff0c00eeff30000000e6ff0600,1000eeffdaff64000e00ecff0400f4ffb6ffa84122bf4400766aaebdc6959c6a
1640,1640,0,fcff2a000000100010000000fcff1c000c001c002c00cefff4ffe4ff1e00eeff,e4ff12001c00eaff2e00c4ff1a000a001400f2ff36002600eaffeaff0c001c00,0e000e00f6ff040010001000140004000600f8fffefffeff0000eeff0600f6ff,2000eeff060016000e00fcff14000400ae69d0bec495066a24421a955afffc41
1641,1641,0,fcff0a00ceff100000000000ecffecff0c001c001c01eeff400012000e00eeff,e4fff4ff0c00faff200020000a000a00e2ffe2ffc8ff06000c001c00ecff0c00,0e00dcffe6ff04000000deff04001400e8fff8ffeeff0c00deff200006000600,eeffeefff8ffe8ffecff1e002400e4ff6242929576fe9442eebe20ff1c6aa2be
1642,1642,0,fcff1a00deff0000e2fff2ffdcfffcfffaffdaffeeff0c00f4ff40002e00eeff,120022001c00fafff2ffe2ff0a00fafff2fff2ff060026000c000c00fcfffcff,0e00fcff1400140000000000040004000600f8ff2a000c00eeffeeffe6fff6ff,000010001600caffecff50000400e4ff90bfc0fe526932bfda947269e8421695
1643,1643,0,0a00fcffeeff000000002000fcfffcff1c00faff0c001c00300012002e000e00,1200f4fffaff1c002e002e000a000a00e2fff2fff8fff8ff0c00eaffecfffcff,fcfffcff040004001000eefff4fff4ffd8ffe8ffeeffeeffeeffeeffd6fff6ff,eeff0000060006000e00ecfff4ff140062958e690443949510fe7442aabf52fe
1644,1644,0,fcff1a000000eeff00000000fcff1c00faff0c000c000c00f4ff0200deff0e00,120012001c000c00d4fff2fffaff0a00040014006400f8ff1c002c00dcffdcff,0e000e001400040000001000f4fff4ff06000600fefffeff0000cefff6ffe6ff,10000000f8ff1600fcffdcffd4ff240040fe024340c0c8fd826932c05695fc69
1645,1645,0,ecfffcffeeffdeff1000f2ff0c001c003c00faffdeff0c0012000200fefffeff,2200f4ffeafffaffe2ffe2fffaffdafff2ffd2ff060026000c00eafffcff9cff,1e000e00140004001000000004000400f8fff8fffeff0c000000eeff2600f6ff,2000eeffe8ff46000e000e000400d4ff7c6946c094956269d643aa94b2fd9843
1646,1646,0,1a00ecffeeff00001000f2ffecfffcfffaff1c00fefffeff02000200deff0e00,020002000c000c003e00f2fffaff6a0004000400d8ff3600fafffafffcfffcff,1e002e0014000400ceffeeff04001400d8ffe8ff1c000c00deffdefff6ffe6ff,eeffdeff0600e8ffecff0e00240004008243749488fd324442c0f0fcac697cc0
1647,1647,0,fcfffcff10000000100000000c001c001c001c002c001c0040003000fefffeff,0200f4fffaff0c00d4ff20000a001a00f2ffe2ffe8ff06000c001c000c00fcff,2e001e00f6ff14002000deff140014002600d8ffe0ff0c00eeffeeffd6ff1600,eeff10000600f8ff0e003000e4ffe4ffd6c064fdf268c0c09a9472694844e694
1648,1648,0,ecfffcff00001000f2fff2fffcfffcff1c00eaffeeff3c0102000200eeff2e00,020012000c00eaff2e00f2fffaff0a00e2ff1400c8ff2600eafffaffbcffecff,1e000e001400f6ffeeffeeff04000400aaff16000c000c00000000000600f6ff,000010000600f8fffcffecffa4ff240046944c698244849570fc7644ccc0d2fc
1649,1649,0,fcfffcff1000cefff2fff2ff0c000c000c00faff3c012c00e4ff1200eeffeeff,f4fff4ffeaff1c002e00f2ff0a00faff0400b0ffe8ff36001c00faffecffccff,0e000e00e6ff140000000000f4fff4fff8ffd8ffd0ff0c0010000000f6fff6ff,2000eeffe8fff8ff1e00dcffe4ff040064fcba4430c1aafc4269e2c0ae947c69
1650,1650,0,fcff1a001000eeff1000e2fffcfffcff0c000c000c00eeff3000f4fffeffdeff,e4ff1200faffeafff2ff2e00eafffafff2ff04001600f8ff2c00faffdcfffcff,8cff0e001400f6ff1000eeff04000400f8ffcafffefffeff0000eefff6ff0600,30000000f8ff16000e00ecff14000400dc6856c114952068e6444a94cafb1045
1651,1651,0,0a00fcff0000eeff10002000fcffdcff1c000c00eeff0c000200e4fffeffdeff,1200f4fffafffafff2ff3e00faffeaff1400e2fff8ffd8ff1c000c00bcffacff,0e000e00f6fff6ff1000eeff1400f4ff2600f8ff0c001c000000eeff2600f6ff,eeffdeff06000600ecff30002400e4ff7a4516948afb324552c1e0fb3c698cc1
1652,1652,0,ecff1a0000001000f2ff0000fcff0c000c000c00cefffeff02002200fefffeff,d4ff02001c00eafff2ffe2fffaff1a00f2ff1400160016002c000c00ccffbcff,fcfffcff14000400eeffdeffe4ffa4ffd8ff06001c00feffeeff0000f6ffe6ff,eeff58004600daffecff0e000400f4ff20c2f2fa106890c11a94e26840457e94
1653,1653,0,fcffdcff0000eeffe2ff20001c001c001c00daffeeff0c000200f4fffefffeff,0200e4ffeaff0c002000f2ff0a001a003600f2ffd8ff1600faff1c00dcffdcff,1e00dcfff6fff6ff0000200014000400f8ff0600fefffeffeeff000006001600,deff4800e8ffdaff1e000e00e4ff0400d6938c68724504950efb06454cc22afb
1654,1654,0,fcff0a00deff20000000e2fffcfffcff0c003c00eeff0c00120040001e00eeff,020012000c000c002e00f2ffeaff0a00e2ff0400f8ffd8ffcaffcaffccffecff,0e001e00140004001000eefff4ff0400f8ff0600eefffeff1000eeffe6ff1600,30000000daff16001e00fcff0400240042fa7646aec2dafaa26892c32e94ec68
1655,1655,0,fcffbcff0000eeff200010000c00fcff1c00faff1c00eeff30001200eefffeff,12000200dafffaff0000f2ff0a000a000400f2ffc8ffc8ff2c000c001c00ecff,2e008cff0400f6ff000010001400f4ff34002600feff0c00100030000600e6ff,0000ceffe8ff1600ecffdcff040004006c68e0c2f49482687646ea9358fae045
1656,1656,0,fcfffcff20002000e2ff00000c001c00fafffaff1c000c001200f4ffdeffeeff,f4ff02000c00faff0000e2ff0a001a00f2ffd2ffe8ffd8ff0c002c00dcffecff,fcff0e00f6ff04000000deffe4ff0400f8ff16001c002a00eeff3000e6fff6ff,0000000046000600dcfffcff2400f4ffc646869396f97e4662c31af9326848c3
1657,1657,0,0a00fcff00001000f2fff2fffcff0c000c000c00feff2c00020022003e000e00,1200d4ffeaff0c00d4ff3e001a00fafff2fff2ff2600d8ff0c00faffecffecff,1e000e0004000400100000001400f4fff8ffe8ff0c00feffdeff20000600d6ff,eeff20000600daffecff1e00e4ffe4ffd2c3e8f8f067cec2789362685247fe93
1658,1658,0,1a002a001000000000003000fcfffcff0c000c00eeffeeff5e000200eeff0e00,d4ff02001c00faff2e00d4ffeaff0a00f2fff2ffd8ffd8ff0c00faffccff0c00,fcff0e001400f6ffeeff0000f4fff4ff1600160076001c00deff1000f6ff0600,deff10000600f8ff1e00fcfff4ff340036933c682e478494aaf8944718c438f9
1659,1659,0,1a002a0000001000f2ff10001c00fcffdafffaff0c00eeff0200d4ff0e00eeff,1200f4ff0c001c00d4ff2e000a000a00f2ff2400f8ff1600eaff0c00fcffecff,fcfffcff04000400ceff00001400f4ffe8ff0600eeffeeff000000001600d6ff,3000deffe8ff16001e00ecfff4ff140078f8564742c436f9be6754c4ae930268
1660,1660,0,1a00ecff1000eeff00000000fcff0c001c00dafffefffeff400002000e000e00,02000200fafffaff0000d4fffafffaffe2ff140046000600eaff0c00dcff0c00,ecff1e00140022000000eefff4ff1400aaff1600feffeeffeeff0000e6fff6ff,1000defff8ff5400dcffdcfff4fff4ffbc6730c484949067c447189336f89247
1661,1661,0,fcffecffeeff2000000000001c001c00faff0c00feffe2fe020040001e00ceff,f4fff4ff0c000c00d4ff00000a00eaff0400f2ffd8ff16000c00faff0c00fcff,0e00ecfff6ff0400100000001400d4fff8ffd8fffeff1c00deff000016000600,eeffeeff16001600fcff1e002400c4ff0c483693c6f86e4730c53af8a267c0c4
1662,1662,0,fcfffcff10001000000000000c00fcffdafffaffeeffe2fe1200e4fffeff2e00,f4ff12001c000c000000e2ffeaff5a00e2ffe2ffb8ffd8ff0c000c00dcff1c00,0e00fcffe6ff0400eeffeeff04002400f8ff06007600feff1000deff16000600,deff10005400cafffcff0e00e4ffe4ff48c520f7506722c548933e672248ae93
1663,1663,0,ecff0a0000000000000020000c00ecff2c00faffe2fe0c003000f4ff2e000e00,0200f4fffafffafff2ff2e00faff0a001400e2ffe8ffe8fffafffaffecffecff,9cff1e001400040000001000e4ff1400e8fff8ff0c00eeff0000deffe6ffd6ff,10001000cafff8ff3000fcffd4ff0400169356675e48149436f7a44760c5a6f7
1664,1664,0,0a00fcffeeffeeff10002000fcff0c00eafffaff1c000c0012001200eeff0e00,f4ff02001c001c000000f2ff0a001a001400e2fff8ff0600faff2c00fcffdcff,1e00acfff6fff6ff0000deffe4ff0400e8fff8ff1c001c002000eeffe6ff0600,1000eefff8ff06000e00dcffd4ff140010f74c4842c59ef71e67a0c64e939267
1665,1665,0,dcfffcffeeff00003000e2ffecfffcff1c00faffdeffeeff30002200eeff2e00,02001200fafffafff2ff00001a00faff14000400e8ff06000c00caffdcfffcff,fcff0e00f6fff6ff00000000d4ff0400f8ffe8fffeff0c0000000000f6ffe6ff,5800eeffbaff46000e00fcff1400b4ff26675cc6d493b266f84808938ef61c49
1666,1666,0,1a001a00deff00002000f2ffdcffecfffafffaffe2fe0c0030004000eeff0e00,1200f4ff0c00faffe2ff2e00eaff0a00f2ffe2ff16001600faff1c001c00fcff,fcfffcff14000400eeffeefff4ff0400e8ff06001c001c00eeffdeffe6ffc6ff,1000eeff5400daffdcff40000400c4ff3c49e692c0f6ae4860c616f6326720c6
1667,1667,0,ecfffcffeeff0000e2ff20001c00ecff0c00faff0c002c00f4ff12002e000e00,f4ff12000c001c00e2ff00005a00fafff2ffe2ff160036000c000c00fcffdcff,ecfffcff14000400eeff0000f4ff0400e8ffe8fffefffeff0000eefff6ff0600,ceff20000600dafffcff1e00d4fff4ff1cc770f6b266c0c5a8923e673c494e93
1668,1668,0,fcff0a00eeffeefff2ff00001c000c00fafffaff0c00eeff30005000eeff0e00,f4ff1200eaffeaffe2ff2e00faff0a00f2ffe2ffd8ff06000c002c00fcffbcff,fcff1e00f6ff0400eeffeefff4ff1400060006001c000c00200000000600d6ff,eeff1000f8fff8ff1e00fcffe4ff0400e69216673e49a493f6f54e4a28c7eef5
1669,1669,0,fcff1a000000eeff100000002c001c000c001c00eeffe2fe02000200eeffeeff,f4ff1200faff0c00d4ff3e00faff0a00f2ffe2ff0600f8ff0c000c00ecffdcff,0e000e001400f6ff000000000400d4ffd8ffbafffefffeff2000deff06000600,20001000daff160030000e00f4ffe4ff74f5dc492ec7c2f5be6600c7f2920267
1670,1670,0,fcff1a0000000000f2fff2ffecfffcfffaff0c00e2fefefff4ff02000e001e00,1200f4ff0c001c00f2ffe2ffeafffaff0400f2ff260006000c000c00fcfffcff,fcff0e0004001400deff1000040004003400f8ff1c00feffeeffbeffd6fff6ff,0000eefff8ff0600fcff0e002400240086668cc7849332663e4a88924ef50c4a
1671,1671,0,fcfffcffeeff00001000f2fffcfffcfffaffdaff0c002c00020030002e000e00,020002000c00daffe2fff2fffaff0a00e2fff2ffe8ff16000c003c00dcff0c00,0e00fcff04000400deffeeff14001400e8ff3400feff1c003000eefff6ffe6ff,eeffdeff0600f8ffecff0e00f4ffe4ff664a969222f5fc49b0c746f5a26678c7
1672,1672,0,1a00fcffeeff00002000f2ffdcff0c001c00faff0c000c0040003000eeffeeff,f4ffe4fffaff0c00e2ff0000dafffafff2ffe2fff8ff1600daff0c00ecff2c00,0e001e00220004000000000004001400d8ffd8fffefffeffdeff00000600f6ff,deff20001600baffecff1e000400e4ffa2c8c4f4b4655ec788923e661e4bf292
1673,1673,0,0a000a000000100020001000fcffecffeafffaff0c00eeff30001200eeffeeff,d4ff02001c00faff3e00d4fffafffaff04000400d8ffe8ff0c00faff0c00ecff,ecff2e00040004000000000004001400d8ffd8fffeffeeff0000eefff6fff6ff,eeff3000f8ffcaff1e001e00d4ff040046922666744a469336f44e4a22c876f4
1674,1674,0,2a00fcff1000defff2ffe2ff0c001c00faffeaff2a002c00220012002e000e00,0200f4fffaff1c00e2ffd4fffaff1a00e2fff2ffc8ff0600faffeafffcfffcff,1e00fcff0400f6ff00001000f4fff4ffd8fff8ffeefffeffdeff1000d6ffd6ff,5800deffcaff16003000cafff4ff140028f3b84b2ec824f43e6644c9a2922c66
1675,1675,0,1a000a0000001000f2ff0000ecfffcffdaff0c002a002a0012003000eeff1e00,e4ff0200faff1c00e2fff2fffaff0a00d2ffe2fff8ffe8ff0c00caff0c00fcff,dcff0e0014001400deffdeff14000400e8ff0600feff1c00eeffaefff6ff0600,2000beffe8ff0600dcfffcff0400d4ffba65e2c8569334652e4b5892b6f3be4b
1676,1676,0,0a001a00eeffeeffd2ff1000ecfffcfffaffdaff2a002a0012000200eeff0e00,0200e4fffaff0c000000f2ff1a000a000400d2ff0600f8ff0c002c000c00ecff,fcff0e00040014000000eeff040014002600d8fffeff0c00eeffeeffe6ffe6ff,0000eefff8fff8ffecff1e00d4ffc4ff184c6692c4f3244b24c994f2c065fcc8
1677,1677,0,fcffbcffeeff0000f2ff0000fcffecff0c000c00eeff0c0012004000defffeff,22000200faff0c002e00e2ffeaffeaffe2fff2ffe8ff06000c000c00ecffdcff,dcffecfff6fff6ffeeff10000400d4fff8ffd8fffeff1c00eeffeeff36001600,deff20000600caffecff30001400e4ff72c938f214651cc9b2913e660e4c5292
1678,1678,0,0a000a002000000000002000dcff0c00faff0c00eeff0c00e4ff40000e000e00,1200f4ff0c00fafff2ffe2fffaff0a000400f2ffe8fff8ff0c000c00ecffdcff,0e000e000400140030000000f4ff0400e8ff1600feff0c00eeff000006000600,deff10000600daff0e00fcffd4ff2400ec919a65944b3693a0f1ae4cecc954f2
1679,1679,0,fcff1a0000000000f2fff2fffcff0c00caff0c000c001c000200f4ff0e00feff,020012000c001c00e2ffe2ffeaff0a00e2ff0400d8ff06000c000c00ecff1c00,fcff0e0014001400eeff00000400f4ff1600d8ff1c00feffdeffeefff6ffe6ff,00003000daff46001e00fcfff4ff04009ef1ac4cccc9d4f23e65d4c952926065
1680,1680,0,fcff0a000000eeff200000001c00dcff1c001c00e0ff0c0040005e00eefffeff,f4ff02000c00faff20002e001a00faff0400f2ff060006000c00faff1c00dcff,1e00fcff04000400100010000400d4fff8ffe8fffeff0c00eeff00002600e6ff,0000deffdaff0600fcffecff4400f4ff3a655cca1693e464ce4cc291a4f1d64c
1681,1681,0,fcffecff0000000030003000dcff0c000c001c00feffeeff02001200eeffceff,020002001c000c00f2fff2ff0a000a00d2ff0400160006000c00eaffecff0c00,0e00dcfff6fff6ffdeff100014001400caff2600feff0c000000defff6ff1600,eeffdefff8fff8ffdcff0e003400e4ff9c4ddc9178ef924cd8ca80f1f064ccca
1682,1682,0,fcffecffeeffceff000020001c00fcff0c000c00feff2a01400030002e000e00,0200f4ff0c00faffd4ff2e00fafffafff2fff2ffe8ffd8ff0c000c00ecffecff,2e001e00040014000000eeff2400e4ff0600d8fffeff0c000000eefff6ff0600,beff10000600e8fffcff3000040004006ecbacf044648cca92918064da4df291
1683,1683,0,0a000a0000000000f2ff0000ecfffcfffaff1c00eeff1c00f4ff3000fefffeff,0200f4fffaff0c002e00d4fffaff0a00b0fff2ffe8ff0600faff0c008cffecff,dcff2e0022001400000020001400e4fff8ff26000c00e0ffeeffeefff6ffe6ff,ceff58000600f8ff1e00ecfff4ff14009c91ba64f24cc69290f07e4c48cb3af0
1684,1684,0,bcffecff0000eeff1000f2fffcffecff1c000c00fefffeffd4ff12001e00eeff,220002000c00eafff2ffe2ff0a00eafff2ffe2ff2600e8ffeafffaffdcfffcff,1e000e00f6fff6ff100010001400d4ffcaffe8ffeeffeeffeeffeefff6ff0600,2000ceffdaff16001e00fcff0400f4ff1cf0384e1ccb30ef6064aaccf291c064
1685,1685,0,1a000a000000eeff0000f2fffcfffcff1c00faff2a002a00300002001e003e00,f4fff4ffdaffeaffd4fff2ff0a000a00f2fff2ffe8fff8ffeafffaffdcfffcff,0e00fcff14001400deff0000040014002600e8ffeeff0c000000deffe6ff1600,1000eeffdaff4600fcffdcfff4ffe4ff7a6482ccf6921464de4d8291eaef4a4e
1686,1686,0,0a00fcff00000000e2fff2ffecffecfffaff1c000c00feff12003000ceffeeff,f4fff4ffeaffeaffd4ff0000dafffafff2ffe2ffe8fff8ff0c00faffecfffcff,0e000e00f6ff1400deff000004001400d8ff16001c00eeffeeff000006000600,0000defff8fff8ffdcff3000e4ff1400984e9c9180ee624d1acd1cef386418cc
1687,1687,0,fcff0a001000eeff1000f2ffdcff0c000c00faff0c01eeff220002000e00ceff,f4ff2200faff0c0020000000dafffaffc0ffe2ffe8ffd8ff1c000c00dcfffcff,dcff2e00040014001000eeffe4ff1400d8ffbafffeff0c00eeffceff0600f6ff,deff10001600daffecff3000e4ffd4ffc2cc0cf0146472cc829150643a4ee291
1688,1688,0,0a000a000000eefff2ff1000ecfffcfffaffeaffe0ff0c00120012000e00feff,e4ffe4fffaff0c00b6ff1000faff1a00f2ffd2fff8fff8ff0c000c00dcffdcff,fcff1e00f6ff04000000eeff140014000600caffeefffeff0000eeff06001600,00002000e8ffdaff1e00ecfff4ff14006c910664004eb6920cefbe4ef0cc10ef
1689,1689,0,fcff0a000000eeff100010000c00fcff0c002c00feff1c0002000200eeffeeff,0200f4fffafffaff0000f2fffaff0a00e2fff2ff1600f8fffaffeafffcfffcff,0e000e00f6ff040010001000040004002600e8ffeeffeeff0000eeffe6fff6ff,00001000dafff8ff0e00fcffb4ff2400c6ee284f12cd84ede063faccc291d863
1690,1690,0,fcff0a00eeff0000f2ff0000dcffecffdaff0c00feff2a0102001200eeff3e00,1200e4ffdaff1c00d4ffd4fffafffafff2ff140026002600faff0c00ecff0c00,0e00fcfff6ff0400eeff1000f4ff0400e8ff06000c00feffceffdefff6fff6ff,20000000caff5400fcffdcff340014001463b2cd20923663fe4e329128ee304f
1691,1691,0,0a00fcffeeff0000f2ff10000c000c000c000c002a00eeff020002001e00eeff,22001200eaffdafff2ff00000a000a00d2fff2ffd8ff06000c00faffccff1c00,1e000e001400e6ff1000ceff0400a4fff8ffe8ff0c000c000000eeff16001600,0000deff0600f8ffecff0e003400e4ff684f6c9164ec904e3ace7cee8863f0cd
1692,1692,0,fcfffcffceff1000100020001c00ecfffaffdaff1c000c0040003000eeff2e00,e4ff1200daffeaffe2ff2e000a00fafff2fff2ff3600e8fffaff0c00dcffecff,2e002e002200f6ff1000eeff14001400e8fff8ff2a00e0ffeeff100006000600,eeff10001600caffdcff3000e4ffe4ff5eceaaedf66242cd4291de62a04f9291
1693,1693,0,0a000a000000eefff2ff1000fcff0c001c001c0048002a0002001200fefffeff,02000200eaffeaffe2ffe2ff1a00faffd2ff1400f8fff8fffafffaff1c00dcff,0e002e00f6ff140000000000f4ff1400f8ff34001c00eeffdeff0000f6ff0600,ceff1000f8fff8ff40000e00e4fff4ff3c91e462a64f20926ced4e4f00ce68ed
1694,1694,0,fcff1a000000deff1000f2ffecfffcff0c00faff0c001c00020002001e002e00,120002000c00eaffd4fff2ffeaff0a00c0fff2ff0600e8ffeaffeaffdcfffcff,fcffecff040014000000000004001400f8ff06000c000c000000ceffd6ff2600,00000000e8ff16004000cafff4ff14001aed5e5012ce56ebee625acf3291e862
1695,1695,0,fcfffcff0000eeff000020000c000c000c00eafffeff0c0040004000deffceff,f4ff0200eaffdaffe2ff20000a00eafff2fff2ffd8ffd8ff0c00eaff0c00ecff,0e000e0004001400100010001400f4ffd8ff0600fefffeff2000eeff16002600,0000deffdaff1600fcfffcff0400d4ff84625ecf3092b6623250329140ec4050
1696,1696,0,0a00ecffdeff10004e00f2ff0c000c001c002c00eeffd0ff12001200eeff0e00,0200f4ff1c00eaffe2ffe2fffaff0a000400e2ff16000600fafffaffccffecff,dcff1e000400f6ffeeffeeff14000400340034000c00feffdeffdeff06001600,0000cefff8fff8ffcaff30000400f4ffae502c9194eb864f7acf7cece862e8ce
1697,1697,0,0a00ecff0000deff2000f2ff0c000c001c00daffeeff2a00120002000e000e00,1200e4ffeafffaffd4fff2fffaffeaffc0fff2ff060036000c00fafffcfffcff,0e00ecff04000400eeff0000f4fff4fff8fff8fffefffeff20000000e6ffe6ff,deff10001600daffdcff1e00e4ffd4ff14d06eebc6620ecfa290fe620a515291
1698,1698,0,0a001a000000100010000000fcfffcffdaff0c004800eeffe4ff02000e000e00,120012001c00caffd4ff2e00faff1a00e2ffe2ff26000600eafffaffecff1c00,0e001e00040004001000000004001400f8fff8fffefffeffdeffdeffe6fff6ff,deff58000600dafffcff0e00f4ff14000c913462ac50e0918cebe250b8cfc0eb
1699,1699,0,0a00fcffceffeeff0000f2ff0c00fcff3c00faff1c00f2fe300022000e00feff,e4fff4fffaffdafff2ff3e00eaff0a00f2fff2ff16000600faffeaffccffccff,ecffdcfff6fff6ffeeffeeff04000400f8fff8fffeff1c00200010001600f6ff,0000eeffbaff16001e000e00e4fff4fffeea1e51decf86eaca619acf32910c62
1700,1700,0,fcfffcff0000eefff2ffe2ffecff1c00faff0c000c00eeff1200f4ffeeff3e00,e4ff22000c00fafff2ffe2fffaff5a00f2fff2ff260026000c00fafffcfffcff,0e000e0014001400deff0000f4ffd4fff8ffd8ff0c00eeffdeffceff06001600,0000000006001600ecffecff0400f4ffa86184d0f09136626251b29084ea9a51
1701,1701,0,ecfffcff0000ceffe2fff2ff0c00ecfffafffaffeeffcefff4ff30001e000e00,12000200daffeaff000000001a00faffe2ffb0ff16005400faff1c001c00ecff,dcfffcff14000400eeff200014000400e8ffbaffeeffeeff0000eefff6ff0600,5800eefff8ffcaff1e001e001400e4ff28520c912ee91c51bed0acebac6162d0
1702,1702,0,ecfffcff10001000e2ffc2ffdcfffcfffaffdafffeffeefff4ffe4ffdeffdeff,120022001c00eaffe2ffd4ffdaff0a000400f2fff8ffd8ffcafffafffcfffcff,fcfffcff14000400deffeefff4fff4ff260026000c00feff0000eefff6ff0600,eeff00005400f8ffecff0e00e4ffe4ff34d1fee9d661fecfc2900a611a52c890
1703,1703,0,fcffecff00000000e2ff0000fcfffcfffaff2c000c00eeff300012002e00feff,0200e4ff0c00eaff20002e00faffdafff2ffe2ffd8ff06000c00eaff1c00acff,fcff0e000400f6ffdeff2000e4ffe4ffd8ffcaffeefffeff0000000016000600,00003000daffdaff1e00fcfff4ff2400fc901861c253e0910aea7a52bcd1e4e9
1704,1704,0,fcff2a0010000000e2fff2ffecffecff0c000c001c000c00e4ffd4fffeff3e00,e4fff4ff0c001c002e00f2fffaff0a00e2ffe2ff1600f8ffeaff0c001c00ecff,dcff3e0014001400eeffdeff04000400d8ffd8ff0c001c00eeffdeff06001600,10000000f8ff54000e00ecfff4ff140052e96852bed0aee83a6152d2f890bc61
1705,1705,0,fcfffcffceffeeff20000000fcfffcff2c000c00feff2c00020012003e00feff,2200e4fffaff0c00f2ffd4ff0a00faff0400f2ff060046001c00faff0c00ecff,1e000e00f6ff0400100000000400f4fff8ffd8fffeff2a00eeff100016000600,0000eeffe8ff1600ecff0e004400f4ff08610ed2a0916061ca52029184e93653
1706,1706,0,fcff1a00000000002000e2ffecfffcfffaff0c000c00eeff400012002e000e00,020022001c00eaffe2ffd4ff0a00faffe2ff1400d8ff4600fafffaffecffecff,0e002e0014001400eeffeeffd4ff0400e8fff8ffeeff66000000eeffd6ff1600,eeffdeff4600f8fffcff0e001400e4fffa52cc90b0e77254b2d258e7dc602cd2
1707,1707,0,ecffecff0000deff100010000c00fcfffafffaffeeffeeff12003000eefffeff,e4fff4ffeaff0c00f2ff3e000a00daffe2ff14001600f8ff0c00eafffcff1c00,0e00dcff04000400eeff000014001400e8fff8ff0c000c00deffeeff0600e6ff,deff00004600e8fffcff1e00240014007ed272e8e06040d2d2902a615653d890
1708,1708,0,0a00fcff20000000f2fff2fffcff0c000c003c001c00eeff0200f4fffeff2e00,f4ff1200fafffafff2fff2ff0a005a00f2fff2ff1600f8fffaff0c00ecfffcff,dcff1e000400f6ff1000eefff4ff0400f8ffe8ffeeff0c00eeffeefff6ff0600,000020000600cafffcffdcffd4ff0400ac908860f254a09178e78a53f2d25ae8
1709,1709,0,ecff0a001000deffe2ff20000c000c00faffdaffe2fe0c0012003000feff1e00,020012000c000c002e00f2fffafffaff1400d2fff8ff2600fafffaffecff0c00,0e00dcfff6ff14001000eeff140024000600f8ff0c000c00eeff00001600f6ff,30001000caff06001e00dcff04002400b2e76a53c0d280e6aa6042d3b8909260
1710,1710,0,ecfffcff1000eeff100010000c001c00cafffafffeff0c001200d4ffeeff2e00,220012000c000c00f2ffd4fffaffeafff2ff24000600f8ff0c00faffecffecff,fcff0e000400140000000000f4ff1400f8ffe8ff0c000c000000eeffe6ffe6ff,2000deffdaff06000e00fcffe4ff1400586080d3a09192601c5472906ae7f653
1711,1711,0,fcfffcffeeff0000d2ff0000fcffdcff1c00daffeeff2c00120012000e00eeff,f4ff1200eafffaff2e00f2fffafffafff2ffd2ff0600e8ffeafffafffcffdcff,ecfffcfff6fff6ffeeff1000140004001600bafffefffeffdeff0000f6fff6ff,0000eeff1600f8ffecff30004400d4ff86547c9012e65055a4d458e7aa5fced3
1712,1712,0,fcfffcff00002000f2fff2ff0c00fcffdaffdaffeeffeeff12000200eeff2e00,f4ff12003c000c00e2ff2000fafffafff2fff2ff06000600faffeaff0c00ecff,0e000e0014000400eeff000004000400f8ff06001c00eeffdeffdeff06000600,eeff10001600caffecff1e001400e4ffb0d3cce6cc5f60d59290865fae54b890
1713,1713,0,0a00fcff00000000000000000c00dcff0c001c003c010c00120022000e000e00,0200f4ff1c00fafff2ff0000eaff0a0004000400e8ff3600eaffeaffdcfffcff,0e000e00140004000000100014002400e8ff1600feffeeffdeffeeff0600f6ff,eeff3000f8ffdaff1e001e00e4ff04009c90725f40559091bae58c54aed498e6
1714,1714,0,fcfffcff000000000000f2fffcffecffeafffaff0c00eeffe4fff4ff0e000e00,e4ff02000c001c00f2fff2ff1a00fafff2ff14000600f8fffaffbaffdcffecff,dcff1e00140004000000eeff14001400caffcafffeff1c001000eeffc6ff0600,eeff0000e8ff06000e00dcffe4ff14003ce6f65450d694e53a6084d58890aa5f
1715,1715,0,fcff1a00000010003e002000ecffecfffaff0c000c002c00e4ffd4ff1e00eeff,0200d4fffaff0c00e2ff20000a00eafff2ffe2ffb8ff1600fafffafffcfffcff,fcff0e00f6ff2200eeffdeff04000400d8ffd8ffe0ffeeff2000100026000600,0000ceffdaff0600fcff0e000400d4ff525f9cd59091445f4c559290b8e51e55
1716,1716,0,fcff1a0010000000f2fff2ff0c00fcfffafffaffd2fe0c00f4fff4ff0e00feff,f4ff22001c00eaffe2ff3e000a000a000400f2ffb8ffe8fffaffcaffbcffecff,0e00fcfff6ff1400eeffeeff0400f4ffd8ff4400feff0c00eeffceff06003600,eeffdeff1600f8ffecff1e001400d4ff96557c9034e4e05544d64ae4ea5e96d5
1717,1717,0,fcfffcffdeffeeffd2ff0000fcffecffdaffcaff1c000c00e4fff4fffeff0e00,020012000c002c00e2ffe2ffeafffafff2fff2ffc8ff0600fafffaffecffecff,1e00dcffd8ff040010000000f4ff0400d8ffcaff0c00feff0000eeff06000600,000010006400e8ffbafffcffe4ffe4ff58d630e53c5ffcd66290365f9e558890
1718,1718,0,fcff2a002000eefff2fff2fffcfffcfffaffeaff2c001c000200f4ff0e001e00,f4fff4ff0c000c00000000001a00faffe2ffe2ff9aff0600eafffaffdcfffcff,ecff0e000400140000001000f4fff4ffe8ffe8ff0c000c00eeff0000f6ff0600,eeff20000600e8ff30000e00d4ff04005c90d25eae56a091dae35c5616d680e4
1719,1719,0,ecfffcffeeffeefff2ff20001c00fcfffafffafffeffe2fee4fff4fffeff2e00,f4ff12000c001c00e2ffe2fffaff0a000400f2fff8ff06001c00eafffcfffcff,0e00dcfff6ff0400deffeefff4ff1400e8ff0600eefffeffceffeeffe6fff6ff,1000eeffdaff16003000ecffe4ff1400bae34256acd704e4b65e84d67890a25e
1720,1720,0,0a000a00eeff00002000f2fffcffecffcaff0c00eefffeff0200f4ff0e000e00,120002000c00faffe2ff3e000a00fafff2ff1400b8ffe8ff0c00eaff1c00ecff,fcff0e0004000400eeff1000140004000600f8fffefffeffdeffceff06000600,3000deffcaff0600dcfffcff1400f4ff625e38d77091d45e5c56b29000e42e56
1721,1721,0,fcfffcff10000000f2ff00000c001c00faff0c000c00ceffe4ff02002e000e00,120002001c000c00e2fff2ff5a001a00f2ff0400c8ffd8fffaff0c00ccfffcff,1e002e001400e6ff1000eeff1400d4ff06000600feff1c00deffeefff6ffe6ff,eeffeeff1600daffecff1e000400c4ffd2566c90b4e22e5724d7cae3525e2ed7
1722,1722,0,ecfffcff1000100010000000fcfffcffcaffdaff1c000c00f4ff12000e00eeff,d4fff4ff1c000c00f2fff2ff0a00eafff2fff2ffd8ff26000c002c001c00ecff,dcffdcff1400f6ff10001000e4ff14000600f8fffeff0c000000deff1600e6ff,deffeeff4600cafffcff0e00a4ffd4ff1ed8dae2445e9cd85290d65df6566890
1723,1723,0,1a000a001000000000000000ecff0c00faff0c00e2feeeff020002001e002e00,1200e4fffaffdaff20004c000a000a00f2fff2ffe8ffe8ff0c000c00dcffccff,0e000e0004000400eeffeeff0400f4ffd8ffe8ff0c00e0ffceff00001600f6ff,deff3000caffe8ff3000fcffe4ff04005c90025e3e579091c8e2cc56fed790e3
1724,1724,0,fcff0a00deffeeffe2fff2ffecfffcff0c00fafffeff1c0022003000feff2e00,e4ff1200fafffaffc4ff2000faff0a00f2fff2fff8fff8ff1c00eafffcffecff,fcfffcfff6ff0400eeff100004001400aafff8ff0c001c0000002000f6ff0600,3000deffbafff8ff1e00bafff4ff24004ae252574cd966e2165e98d85890b25d
1725,1725,0,0a00fcff000000000000f2ffecff0c001c00daffeeffe2fe120002000e002e00,1200f4fffaffdaff200000000a00eaffd2ff0400b8ff16002c00eaffccffdcff,fcff0e0004000400deffceff04001400e8ffd8ff0c002a0000000000d6fff6ff,3000defff8ff0600ecffdcff2400f4ff465d9ed8ea90c85d6c57529064e26657
1726,1726,0,0a00fcffeeff10000000f2fffcff1c00fafffaff0c00eeffe4ffe4ffdeff1e00,f4ff02000c001c00e2ffd4ff0a001a0014001400f8ffe8ff0c00faffccfffcff,dcffecff0400140010000000e4ff1400e8ff060066000c00200000000600e6ff,0000eeff1600f8ffecffdcff1400c4ff92573c9042e1945848d934e1e25c30d9
1727,1727,0,0a00fcffdeff000010001000dcfffcff1c001c000c000c00e4ffe4ff2e00eeff,e4fff4ff0c002c00f2fff2ff6a000a0004000400e8fff8ffeaff1c00dcffdcff,0e001e00f6ff04001000100014001400e8fff8ffe0ffeeffeeff000026000600,deff2000f8fff8ffdcff40000400040018da6ee1c85cbcd99e8fc65d86575890
1728,1728,0,fcff0a00eeffdeffe2ffe2ffecfffcffdafffafffeff0c00e4ffc6fffefffeff,f4ff12000c00fafff2fff2ff1a001a001400f2ff160016000c00faffecffecff,fcff1e001400f6ffeeffeeffa4ff1400f8ff06001c00feff0000eefff6ff1600,eeff3000daffcaff0e00ecff0400f4ff7c90065dd4584091a4e0805890d964e1
1729,1729,0,fcfffcff0000000020000000ecffdcff0c00daffeeff2c0102001200eeff0e00,f4fff4fffafffafff2ff00000a000a00e2fff2ff06002600faff0c00ccffccff,0e000e00f6ff1400eeff2000d4ff14000600f8fffeff0c00100010000600f6ff,1000eeffdaff16001e00fcffc4ff04008ee04858e8da82e0f65c48d97890d25c
1730,1730,0,0a00fcff1000deff1000f2fffcff1c00faff0c002c000c00f4ff0200feffceff,e4ff1200fafffafff2fff2ff5a000a00e2ffe2fff8ffe8ff0c000c00acffdcff,ecff1e00f6ff0400deff000004002400caff34000c000c000000defff6ff0600,1000deffe8ff16000e00dcfff4ffe4ff965c28da6091c85c0059ce8f84e06858
1731,1731,0,ecffdcffdeff1000e2ff10000c001c001c001c001c000c00120022003e002e00,f4ffe4ffeaff1c00d4ff2e00faffeaffe2ffe2ffd8ffd8ff0c00faffdcffdcff,0e009cfff6ff14000000000024001400d8ff0600feffeeff0000deffe6ffe6ff,0000defff8ffdaffecff1e0024000400b8586c90b4df6459bcda94e0925c40da
1732,1732,0,fcff1a00eeff0000e2ffe2ffecfffcfffaffeaffeeff0c0002000200eefffeff,020012000c00faff0000d4ffeaff0a000400f2fff8ffc8ffeaff0c00dcff1c00,fcff2e0032001400eeffeeff04001400f8ff34001c000c00eeffeeffd6fff6ff,eeff00001600daffecff1e0004000400cadadedf885c58dbce8f165cd8584890
1733,1733,0,ecfffcffeeffceff00000000fcfffcff0c00daffeeffeeff020002003e000e00,f4fff4ffeaff0c000000e2ff1a00faff1400e2ff060006002c000c00acffdcff,0e000e000400f6ff1000eeff04000400f8ff2600fefffeff0000000016001600,deff1000f8fff8ff1e000e00f4ff04003c90765c74590a9170dfc05830dbc2df
1734,1734,0,fcff1a00eeff00000000e2ffecfffcffbaff0c000c00deffe4fff4ffeeff0e00,e4ff12000c000c00e2ffc4fffafffafff2fff2ff6400d8ffeaff0c00ccff1c00,fcfffcff040004000000eeffd4ff2400d8ffd8fffeff2a00eeffcefff6ff1600,00002000dafff8fffcffdcffe4ff040008df1859f8dbf4de065cf0db0890fa5b
1735,1735,0,0a00fcffeeff0000f2fff2ff0c00ecff1c000c000c00fefff4ffd4ff0e00eeff,1200f4ffdaffeafff2ffe2ff0a00eaff2400f2ffc8ff16001c002c001c00ecff,1e000e00f6ff0400000010001400e4ff16001600feff0c000000eeff16001600,0000beffcaff1600fcffecff14001400b25baadb0a91a85b7059629052df6859
1736,1736,0,fcffecff000000002000e2ffdcff0c00daff0c00eeff2c01f4ffe4ff0e001e00,f4ff22000c000c00f2fff2fffaff1a0004000400e8fff8ff0c00faffccffdcff,0e001e0022001400eeffceffe4ff2400e8ff1600feff0c00ceffeeffe6ff0600,0000eeff1600daffbaff0e00e4fff4ff98593c90b4de3a5a20dc00de4a5b72dc
1737,1737,0,0a00ecffceffdeffe2ff0000fcff1c00fafffaff1c000c00220002000e00feff,f4ff12000c00faff000000000a000a001400e2ffe8fff8ff2c000c00ccfffcff,1e000e0014000400eeff00000400f4ff26000600eeffeeffeeff100006000600,eeff10002400dafffcff40003400c4ffdcdcc8de685be6dc3290945bb8593890
1738,1738,0,0a000a00100010002000f2ffecffccff0c001c003c011c00f4fff4ffceff2e00,e4ff22001c00eafff2ffe2ffdaff4a00e2ff04002600c8fffafffaff1c000c00,1e000e000400f6ffeeffeeffa4ff1400060026000c00feff00000000e6fff6ff,deff1000f8ff06001e001e00040024004c90625b7a5a709120de845a62dc3ade
1739,1739,0,ecfffcff00000000000020000c00fcff2c00eaffeeffeeff020012000e000e00,1200d4fffaff0c002e003e005a00faff1400d2ffe8ff36000c000c00dcffdcff,1e000e00f6fff6ff1000100014000400d8fff8ffeeffeeffceff200016000600,1000deffdaff16003000fcff140004007cddb85996dde6ddd45ae0dc18902a5b
1740,1740,0,fcff0a00100000000000e2fffcff0c00faff1c00defffeff0200e4ffeeff0e00,020012000c00faffe2ffd4ff1a00faffe2ffe2ff0600d8ff0c00faffdcffdcff,1e000e0004001400deffdefff4ff1400d8ff2600eeff1c00deffcefff6ff3600,00000000f8fff8ffecfffcff0400e4ff425a18de7091ea5a945a32908add585a
1741,1741,0,0a00fcffeeffeeffd2ff0000fcffecfffaffdaff0c000c00120012000e002e00,1200e4ffeafffaff20003e00faffeaff0400e2ffe8fff8ff0c002c00ccffecff,1e009cffe6ff0400eeff10001400f4fff8ffe8fffefffeff2000eeff2600f6ff,0000deff0600e8ffecff0e00e4ffe4ffc45a6c90b8dc185bb0dd00dd3e5afadd
1742,1742,0,dcff1a0010001000f2ffe2fffcfffcff0c001c001c001c000200f4ffeeff0e00,e4ff12001c00eaff0000b6fffaff0a00d2ff2400e8fff8ff2c000c00fcffdcff,0e000e0014000400deffeeffd4ff1400f8ffe8ffeefffeff0000eeff06000600,beff20001600daffdcff0e00f4ffc4ff58deecdcca5a24df5290545a9e5a3890
1743,1743,0,fcffecffeeff1000000020000c00fcff1c00faff0c00eefff4ff02002e00feff,e4ffd4fffaff0c002e0000000a00eafff2ffe2ffe8ff46000c002c00dcffbcff,fcfffcfff6ff0400100000000400f4ff26000600feffeeff000020003600f6ff,eeff10000600caff0e003000c4ff04004c908859585b609100dc345b6adecadc
1744,1744,0,fcfffcffeeff2000e2fff2ffecff0c00faff5c00eeff2c00f4fff4fffeffceff,0200f4ff0c00faffe2ffe2fffaff0a00d2ff040016002600caffaafffcffccff,0e002e001400f6ffdeffeeffd4ff04002600f8ff0c00feffdeffdeffe6ff3600,10001000160006001e00caff0400040018dc445b14dfd8dba05970df3890c859
1745,1745,0,0a00fcffdeffeeff00000000fcffdcff0c00faff0c00deffd4ff02002e00feff,0200d4ffdaff1c0020002e000a00faff1400d2ffd8ff26000c00eaffdcffdcff,0e000e000400f6ff20000000040014000600e8ffe0fffeffeeffeefff6fff6ff,00000000daff46000e00ecff44000400285938dffa903a5a645bce8fd2db9a5b
1746,1746,0,fcfffcff10001000f2fff2ff0c00fcfffaff0c000c001c000200e4fffeffeeff,1200f4fffaffeaff0000f2ffeaff0a00f2ff240006000600faff0c00bcffccff,fcff1e0014000400deffdefff4ff0400160026000c001c001000eeff06000600,eeffeeff1600f8ffdcfffcff0400e4ffb25b5c9038db585ca0dfccda385982df
1747,1747,0,fcffbcff00000000f2ff1000ecfffcfffaffcaff2c002c000200f4fffefffeff,f4fff4ffeaff3c0000000000eafffafff2fff2ff06001600eafffaffccffecff,0e009cffe6ff1400eeff10000400d4ff2600e8fffeffeeffdeff20001600e6ff,ceff20001600cafffcff30000400a4ff0ee05ada945932e052906059fa5b3890
1748,1748,0,0a000a002000eeffe2ff00001c00fcfffafffaff2c003c0112003000deff3e00,e4ff1200eaffeafff2ffe2ffeaff5a00140024002600f8ff1c00fafffcffdcff,1e001e001400e6ffdeffdefff4ff0400e8ff16000c00feffeeffceffe6fff6ff,deff48001600daff1e00fcffb4ff04003c90e858a85c0a918cda965c22e0e0da
1749,1749,0,fcfffcff00000000200010000c00dcff2c00caff1c00deff400040000e002e00,f4ffe4ffcaffeaffd4ff2e000a00fafff2ffe2ffe8ff26000c00eaffecffccff,0e000e00040004001000eefff4fff4ff0600d8ffeeff0c0000000000f6ffd6ff,00000000f8ff16001e00dcffe4fff4ff08da865ca2e0f8dad05854e048909858
1750,1750,0,fcfffcff00000000e2fff2ffdcff0c00faff1c002c000c000200f4ffeeff0e00,12000200fafffaffd4ff4c00eaff0a00040014004600d8fffaff0c00dcff0c00,dcfffcff140004000000deffe4ff1400e8fff8ff0c00feffeeffeeff0600f6ff,1000eeffdaff06000e00ecff1400f4ff48589ee00a916459865c329020da5a5c
1751,1751,0,0a00fcffbeff100000001000ecffecff0c00cafffefffeff400030000e002e00,02000200eaffeaffe2ff3e000a00faff0400d2ff160036002c004c00ecfffcff,ecffecfff6ff140020001000140014004400f8ffe0ff0c000000000016000600,1000cefff8ffe8fffcff30000400e4ffd65c4c90f2d9185d04e10cdae65704e1
1752,1752,0,1a000a000000eeff1000f2ff0c001c000c000c000c004c00d4ff02003e00feff,120012000c00eaffe2ffe2ff0a00faff140014004600f8fffaffeaffecffdcff,2e000e00e6ffe6ff00000000f4ff1400f8ff1600feffeeffeeffeeff06000600,ceff30005400daffcafffcffc4fff4ff9ee10ed9545882e1ee8fdc57d25c6890
1753,1753,0,fcffecff0000eefff2ff00000c00fcffcafffafffeffeeff2200f4fffeff1e00,f4fff4fffaffeaffe2fff2fffaffeaff1400e2fff8ff36000c000c00ccfffcff,fcff1e00f6fff6ff0000eeff0400e4ff0600f8ffeeffeeffeeffeefff6ffd6ff,beff3000f8ffbaff0e001e00e4ff14005c902858a85d0a91a8d8a65c54e250d9
1754,1754,0,fcff0a000000eeff0000f2fffcffecffdaff2c00feffeeff22000200fefffeff,e4ff2200eafffaffe2ff00000a00eaff240004002600f8ff2c00faffccfffcff,2e000e001400040000000000e4ff04001600e8fffeff0c000000eeff16002600,eeff1000f8ff06001e00caffe4ff14003ed8365de2e104d95c5778e24890a657
1755,1755,0,fcfffcff000000002000f2fffcfffcff0c00caff0c000c00400012000e00feff,f4fff4ff4c00fafff2fff2ff0a00faffe2ffe2ff06002600faff0c00dcfffcff,1e00fcfff6ff1400000010001400d4ff16002600fefffeffeeff000026000600,5800deffcaff16000e00ecfff4ff040022573ae2ea90e057d65dde8f2ed8525d
1756,1756,0,fcffecffeeff0000e2ffe2ffdcff1c000c001c00eeffeeff0200f4fffeff0e00,f4ff12002c00eaff2000f2fffaff0a00e2ff140016002600eaffeafffcfffcff,1e001e00040014000000deffe4ff1400f8ff26001c000c00eeffceff16001600,2000eeff1600daffdcff1e00e4ffc4ffc65d7c90ecd7d85dc8e224d7165794e2
1757,1757,0,fcffecff000010001000f2fffcfffcff2c000c000c00defff4ff02000e000e00,f4fff4fffaff1c00f2ffe2ff0a00fafff2ffe2ff4600d8ff2c00fafffcffccff,1e001e0004000400eeff10001400d4ff34000600fefffeffeeff00000600e6ff,eeff10001600daff1e001e004400f4ff0ae388d7805704e3ce8f1c57d25d3890
1758,1758,0,0a001a000000deffe2fff2ffecffecfffaff0c003c010c00f4ff12000e00eeff,e4fff4ff1c00eaff0000e2ff0a00faff1400e2fff8fff8ff0c00faffdcffccff,0e00dcff0400040000000000f4fff4fff8ff06000c00feffeeff00000600f6ff,ceff0000f8ffdaff0e00fcffc4ff24004c90d256b45e409164d7165fe0e398d7
1759,1759,0,fcff1a000000deff00000000fcffecfffafffaffeeffdeff0200f4ff1e00feff,0200f4fffaff1c00e2ff2e000a000a00f2ff0400d8ffe8ff0c000c00ecffdcff,fcfffcff04001400deff1000f4ff04000600f8ffeeff0c00deff30001600f6ff,20001000caff16001e00ecffe4ff4400d8d6825e44e47cd79c56f8e268904e56
1760,1760,0,2a000a002000eefff2ff00000c002c00dafffaffdeffeeff020002000e002e00,f4ff12000c00eaffd4ff0000fafffaff0400e2ff0600e8fffaff0c00ecff0c00,0e000e000400f6ffeeffdefff4ff1400f8fff8ff0c00feff0000ceff16004600,2000eefff8ff0600fcffdcff0400e4ff3256dae330919e56d65e329080d6725e
1761,1761,0,0a000a00ceff1000e2ff20002c001c002c00daff1c000c00e4ffe4ff2e000e00,0200f4ff0c00faff4c00e2ffeaff0a001400d2ff1600f8ff0c001c00ccffecff,1e00fcff14001400eeff00000400f4fff8fff8ffeefffeffdeffdeff0600e6ff,0000deff1600f8ffdcff0e000400c4ffe25e6c9000d6e45ed2e5b4d62e56c8e4
1762,1762,0,fcfffcff00001000f2ff2000fcfffcff0c001c001c00eeffd4ffe4fffeff1e00,f4fff4ff0c00faffd4ff2e00eaff0a00f2ff1400f8ffd8ff0c000c000c00fcff,0e000e00140004001000deff1400f4ffe8ff06001c000c00deff100006001600,eeff10000600e8ffdcff1e000400040040e588d6a05624e5ae8fbc550a5f7890
1763,1763,0,fcffbcff10000000f2ff0000fcffecffdaff1c00eeff2c0122000200eeff0e00,1200f4fffaffeaff4c00f2ff0a000a00e2fff2fff8ff06001c002c00ecffccff,0e00ecfff6ff14001000100004001400060006001c001c00eeff000016000600,00002000f8ffcafffcff0e00e4ff14009c909655e45e809104d6c65e38e5a0d5
1764,1764,0,bcff0a00eeff00001000f2fffcfffcff0c000c00fefffefff4ff0200feff2e00,f4ff12000c000c00d4ff1000faff0a0004001400f8ffe8ff1c001c00fcff2c00,dcff0e0004000400eeff1000f4ff24000600d8ff1c000c00eeff100006001600,0000eefff8ff16001e00dcfff4fff4ff9cd5425f84e590d5fc5552e668908e55
1765,1765,0,0a00fcff000010002000e2ffecfffcff0c000c00eefffeff02001200fefffeff,f4ff12000c001c00f2fff2fffaff0a00e2ff0400f8ff26000c00eafffcfffcff,fcff1e00e6ff14001000eeffd4fff4ff06000600eefffeff0000eefff6ff0600,1000deffcaff46000e00caff1400e4ff06553ce64091d055465f429010d51a5f
1766,1766,0,2a00fcffeeff000010000000fcff1c002c002c001c00eeff0200e4ff0e000e00,f4fff4ff0c001c00d4ff2000fafffaff0400f2ff26001600faff0c00ecfffcff,fcfffcff040004002000eeff1400f4fff8ffe8fffeff0c00deff000006000600,deffceff16001600ecff1e00f4ffe4ff925f8c9030d5b45fd2e664d4fe54e8e5
1767,1767,0,fcfffcff2000eefff2fff2ff1c001c00faff0c000c001c00f4ff0200eeff0e00,02002200faff0c00f2fff2ff0a000a00f2ff1400e8fff8fffaff1c00ccfffcff,9cff0e001400f6ff2000200014000400f8fff8ffeeffeeffeeffdeff1600f6ff,eeff1000f8fff8fffcfffcfff4ffd4fffce6ccd4a05590e6829048549a5f8890
1768,1768,0,1a00fcff10001000f2ff00001c00fcffcaff1c000c00eeff0200f4ff0e000e00,f4ff12001c00faff000000000a000a00e2ff0400f8ffe8ff2c00eaffecff0c00,0e000e00f6ff14000000200004000400f8ff26001c00feff00000000f6ff1600,ceff6800e8ffe8ff0e00ecffd4ff2400bc904254f45f809114d47a6020e758d4
1769,1769,0,1a00fcff1000deff0000f2ffecff0c001c00daff2c000c00f4ff02000e00feff,d4ff02000c000c00e2ff4c000a00faff0400f2ffe8ff0600fafffaff0c00fcff,0e000e00140014001000000014001400f8ff0600feffeeffeeffeeffe6ff1600,20000000caff16000e00dcffe4ff040070d33860b0e7f2d36653a2e7c8902654
1770,1770,0,fcfffcff000000000000e2fffcffecffeaff0c00eeff2c00220012002e00eeff,f4fff4fffafffaffe2fff2ff0a000a00e2ffe2ff160026001c001c00acffccff,1e001e00e6ff04001000200014002400f8ffd8ffc2fffeff1000000006000600,5800eeffdaff06000e00fcff1400f4ff125442e8809182549a60b29098d35c60
1771,1771,0,fcfffcff1000eeff0000d2ff0c00fcff0c000c001c000c0002000200eeff2e00,020002001c000c002e00f2ffeafffafff2ffe2ff06000600baff0c00fcfffcff,fcff0e00040014001000eeff14001400f8ffe8ffeeff1c000000deffd6fff6ff,eeff00000600e8ffdcff0e00f4ffd4ff5860dc90c2d3a260f6e842d3d6532ae8
1772,1772,0,0a00ecffeeffeeffe2ff0000fcfffcff0c00faff0c00eeff02004000defffeff,02000200faffeaff2e00f2ffeaffeaffe2ffe2fff8ff26000c00faffecffccff,acffecfff6ff04000000eeff1400f4fff8ffe8ffeeff1c00eeff20001600f6ff,ceff10000600f8fffcff3000f4fff4ff62e89ed23254e0e7c290d652b2608890
1773,1773,0,fcff1a00eeff1000e2ff0000ecffecfffafffaff0c002c00f4fff4ff1e002e00,f4ff2200faffeafff2ffe2ff0a000a0004002400260036000c000c00ecffdcff,fcff2e00320004000000100014000400e8ff06000c00feffeeff200006001600,eeff1000daffdaff1e001e00e4ff04009c900a53d260a09132d2ba6034e99cd2
1774,1774,0,ecfffcffeeffeeff10002000fcfffcfffaffdaff2c00feff120012003e004e00,0200f4ff0c000c00f2ff00001a00faff14001400460026001c000c000c00dcff,0e00dcff04000400200020004400f4ff06002600eeffe0ffeeff100016000600,1000eeffdaff16003000ecffd4ff24001ed2b860cee862d3965236e9c8904653
1775,1775,0,dcfffcff0000deff0000d2fffcfffcffdaffeaff0c00feffe4ffe4ffdefffeff,e4fff4ff0c00faff0000f2fffafffaffe2fff2ff2600f8fffafffafffcff0c00,0e001e00040014002000000014000400caff06002a000c002000eefff6fff6ff,10000000e8ff16000e00ecff240004009852d2e8b09132542a61c2900cd24c61
1776,1776,0,fcfffcffeeffeeff000010000c000c00daffcaffeeffeeff220002002e00feff,f4ff02001c000c0020002e000a001a000400f2fff8ff16000c000c00ecffecff,dcff0e00040032001000eefff4ff0400f8ffe8ffeeff1c000000defff6ff2600,100000001600f8ff0e000e00040004002861dc90fecf5061b6e93ed1aa52a4e9
1777,1777,0,fcffecff30001000f2ff1000fcfffcffeaff0c002c000c00d4ffe4ffeeff3e00,f4fff4ff4c000c00f2ffd4fffaff0a00e2ff1400060006000c000c00bcff0c00,0e001e00f6ff1400deff1000e4fff4fff8ff26001c000c00deffeeff0600f6ff,eeff10006400daffecff0e00f4ffe4ff2eeaa4d152537ee9b29066528c61d890
1778,1778,0,0a00ecffdeffdeff100010000c000c001c00caff2c000c00e4ff1200ceffceff,1200f4fffaff0c00f2fff2fffaffeafff2ffe2ff06001600eaff0c00ccfffcff,fcfffcff040004001000eeffd4ff0400f8fff8ffe0ffeeff00003000f6ff0600,00003000f8ffdaff1e000e00e4ff1400ec902852d6611092fed09a6114eafcd0
1779,1779,0,fcff0a002000deff2000f2ffecff1c00daffeaff3c014c00d4ffd4fffeff2e00,020002001c000c00e2fff2ff0a001a00e2ff1400f8ff16002c00eafffcffccff,fcff0e00140014000000000004001400e8ff0600feffeeffceffeeffe6ff0600,10001000e8ff06001e00ecffe4ff2400d4d08861cee96ecf7251aaeaf890fa51
1780,1780,0,0a00fcff0000100000004e001c000c00daffdaffeeff1c010200e4ff0e000e00,f4ff1200faff0c000000e2ffdaff0a00e2ff14001600f8ff0c002c00ecffecff,2e000e00f6fff6ff1000eeff04001400f8fff8ff0c000c000000deff0600f6ff,1000deffcaff4600ecfffcff1400f4ff6e51eeeaa091c252aa61129172d0ec61
1781,1781,0,0a00740010000000e2fff2ff0c000c00faff0c00feff2c01e4ffe4ff2e000e00,020012000c001c00f2ffe2ff0a00eaffe2fff2ff2600d8ff0c000c00ccff0c00,2e000e00f6ff1400200020001400f4ff3400d8ffeeff0c00eeff0000e6ff1600,0000100006000600fcfffcff040004002462fc90fece1662fcebaed09a5100eb
1782,1782,0,fcffecff1000000010002000fcff0c00eaffeaffe2feeeff020012000e00eeff,f4fff4fffafffaffd4ffe2ff4a00faffc0fff2ffd8fff8ff0c000c00acffccff,1e001e00e6ff04000000000024000400e8ff16000c00e0ffeeff000016001600,eeff100046001600fcff1e000400e4ff1eec7ecfae5166eb029142505c623291
1783,1783,0,0a00fcff00000000e2ffe2ffecff0c00fafffafffeff1c00e4ffe4fffeff0e00,f4fff4fffaff1c00e2ff0000faff1a000400d2ff260026001c000c00ecffecff,0e00ecff0400f6ffdeff000004001400f8ff0600eeff0c00deff0000f6fff6ff,deff4800f8fff8fffcfffcffe4ffd4ff1c91de508662d0917acfbe62feeb78cf
1784,1784,0,fcfffcff1000eeff0000f2ffecfffcfffafffaff0c000c00d4fff4ff1e00eeff,020002000c000c000000f2fffaff0a0004001400f8ff3600eaff0c00bcffccff,0e001e000400f6ff0000eeff04000400e8ff2600eeffe0ff2000defff6ff1600,2000eeffdaff16003000ecffd4fff4ff0ecf6462e4ebc2cd32501ced4291da50
1785,1785,0,0a000a001000ceff1000f2ffecff1c000c002c002c000c0002001200feff4e00,12000200eaffeaffd4ff20000a001a002400e2ff060036001c000c00ecffecff,0e000e00220004000000eeffe4ff1400e8ffe8fffefffeff100000000600f6ff,2000deffdaff06000e00caff040004004e502cecd0913e51ce620291a0ce9c62
1786,1786,0,fcff0a00eeff0000f2fff2ffecff0c002c001c00fefffeff020002000e00eeff,f4fff4ff0c00faff20002e000a000a00e2ff1400f8fff8ff1c000c00dcffecff,dcfffcfff6ff1400100010000400f4ff0600f8ffeefffeffeeff0000f6fff6ff,1000eefff8ffe8fffcffecff1400c4ffb4623c9112cec6629cedeacd30508eec
1787,1787,0,ecffecffeeffeeff2000f2ff1c000c001c000c004c000c0030002200feff2e00,e4ff12000c00faffe2ffe2ff0a001a00e2fff2fff8ffe8ffcafffaffecfffcff,0e001e000400f6ff0000eeff04001400f8ffcaffeeffeeffeeffdeffd6fff6ff,deff10001600cafffcff30000400e4ff70eddecede50e4ec3291ce4f38638291
1788,1788,0,ecffecff10000000f2ffe2fffcff0c00fafffaff0c002c0022001200feff3e00,e4ffd4ff1c001c003e0000000a00faff0400e2ff3600e8ff0c00faff0c00ccff,dcfffcff140004000000100004000400caff0600feff0c00eeff100006000600,deff00000600daff1e001e00f4ff04006c91a84f666320922ace6e633aeef0cd
1789,1789,0,0a00dcff00000000d2fff2ff0c000c001c00faffeeffeeffd4ff02000e001e00,02002200faffeaff2e00e2ff1a001a000400e2ffe8ff46000c000c00ecfffcff,0e000e0004000400deffdeff0400140006000600feff0c00ceffeeff06000600,30001000daff16000e00ecffb4ff4400a2cde46274ed92cc1e4f1ceea291c04f
1790,1790,0,fcff2a001000000020000000fcff0c000c000c00eefffefff4ffe4ff0e00feff,120012001c000c000000d4ff0a000a00f2ff140006000600fafffaffdcff1c00,0e000e00f6ff14000000eefff4ff04002600caffeefffeff3000eefff6ffe6ff,10000000e8ff46000e00dcfff4ff0400384f9cee7092d84e2e63629150cd7863
1791,1791,0,2a00fcff00000000000000000c00fcff0c00faffeeffceffc6ffc6ff2e001e00,e4ff02001c001c00e2ffe2fffafffaff14001400c8ffd8ffcaff0c00fcfffcff,fcff0e0022001400eeff100004002400d8ff2600feff0c00ceffeefff6fff6ff,000000001600f8ffcafffcff0400e4ff84635c91b2cb86630ceffacd404f2aee
1792,1792,0,0a000a0000000000f2ffe2fffcff0c00fafffaffeeff2c000200f4ff0e002e00,02000200faff1c00f2ff00000a00faffd2ff0400f8ff16001c00faffdcffdcff,ecfffcfff6ff320000001000040004002600e8fffeff0c00eeff200016000600,ceff20001600e8ff0e0030000400d4ff4cef02cdc84d04ee2291fe4de863d291
1793,1793,0,0a00ecff00000000f2ff20002c00fcff0c001c002c00feff02001200eeff0e00,f4ff02000c00faff0000f2ff0a000a00f2fff2fff8ff06002c001c00ccfffcff,0e000e000400f6ff0000000014001400d8ffe8ff0c00e0ffeeffeefff6ff2600,ceff10000600e8ff1e00fcffd4ff34006c91984ef463b6928accf063d0efd0cc
1794,1794,0,fcff1a00000000000000f2ff0c00ecffeafffaffeeff0c00020002000e002e00,f4ff12000c001c00e2ff2e000a00dafff2fff2ffd8ff26002c00faff0c00dcff,1e001e00f6ff22000000eefff4ff2400e8fff8ff0c00eeffdeffdeff16000600,10001000daff06001e00fcffd4ff34002ecc166430ef52cb3e4ee0f0c2914a4e
1795,1795,0,0a000a0000001000200000000c00fcffeafffaff0c002c0012000200ceff1e00,1200f4ff0c000c002e00f2ff0a000a0004001400f8ffd8fffaff2c00ecfffcff,1e000e001400f6ffeeffeeff04001400d8ffcaff0c000c00eeffdefff6ff0600,10000000daff5400fcffecfff4ff0400384e52f0d692e24c90649291d8cb3864
1796,1796,0,fcffecff00002000f2ff1000fcfffcffcaffcaffeeffeefff4ff4000deff0e00,e4ffe4ffeaff0c000000e2ff0a00eafff2fff2ff06001600faff2c00fcffdcff,0e00dcff0400f6ff10001000f4ffe4fff8fff8ffeefffeff0000eeff1600f6ff,1000befff8ffdafffcff0e001400c4ffda647c912cca7464f0f0aacbc04d70f0
1797,1797,0,fcfffcff00000000f2fff2fffcff0c00eaff1c00fefffeff020012000e00eeff,020030000c00fafff2ffd4ff0a000a00f2ffe2fff8ff1600faffeaffdcff0c00,0e001e0022001400eeffeeff04001400d8fff8ffeeff0c00000020002600f6ff,000020005400daffecff1e000400e4ff3ef17ecbd24cd0efa291fe4dd064e291
1798,1798,0,1a00ecff000000000000f2fffcff0c000c00daff2c000c00e4fff4ff0e00feff,f4ffe4fffaff1c00e2fff2ff1a001a0004000400b8ffe8ff0c00eaffdcffecff,fcff0e0004000400200000000400f4ffbaff26000c00feff10000000e6ffe6ff,10003000f8ffdaff0e00ecfff4ff1400cc916c4de4640693bacbc0643af19cca
1799,1799,0,fcff2a001000eefff2ffe2ffecff0c00fafffaff48002c001200e4ff2e00feff,020012002c001c0020000000eaff4a00f2fff2fff8ffd8fffaffeaffdcff0c00,0e000e0022002200eeffdeff0400f4fff8ffd8ff1c00feffdeffeefff6ff1600,10001000e8ff46001e00dcffa4ffe4ff6cca2a652ef1dcc9ce4c80f1f2915a4d
1800,1800,0,1a00fcff00000000f2ff0000fcfffcffdaffbaff2a000c00f4ff02003e00feff,0200d4fffaff0c00f2fff2ff0a00fafff2fff2fff8ff26000c000c00fcfffcff,0e000e0004001400100020001400d4ffbaffd8ffeeff0c00eeff10001600e6ff,3000eeffcafff8ff1e00ecffe4ff2400dc4caef14693044c20654892fcc94065
1801,1801,0,fcff1a0010002000f2fff2fffcff0c000c00caff2a01480012001200fefffeff,e4fff4ff1c000c003e0000000a00fafff2ff04002600f8ff2c000c00ecfffcff,0e000e00140014001000eeff14002400d8fff8fffeff0c00deffdeff06001600,20000000f8ffe8ffecff0e000400b4ff5a65dc91ecc8546584f28acb684c3af2
1802,1802,0,0a000a00deffeefff2fff2fffcff0c00eaff0c00eeffe0ff12000200fefffeff,02000200faff0c00d4ff20000a00daff0400f2fff8fff8ff0c001c00fcfffcff,0e00dcfff6ffe6ff00000000140004003400f8ff0c00e0ffeeffeefff6ff0600,eeff10005400baffdcff30000400c4ffb8f262c9e44a6cf1e2910e4c40652292
1803,1803,0,fcfffcff00001000f2fff2ffdcffecffeafffaff0c00eeff02001200feff0e00,d4ff02004c001c002e00d4ffeaff0a00b0fff2ff160046000c00eaff0c000c00,dcfffcff1400040000001000e4ff1400f8ff34000c000c00eeffceff0600e6ff,10001000f8ffe8ff0e000e00e4ffe4ffec91384c2465269308ca5065caf25cc9
1804,1804,0,ecfffcffeeffdeff000000001c000c000c000c000c0048000200f4ff0e001e00,1200f4ff1c00daffd4ff2e00faff0a002400f2ffd8ff06001c002c00dcffecff,2e00fcff0400f6ff0000100014001400f8ffd8ffe0ffeeff0000300016000600,20002000e8ffe8ff3000ecffe4ff040002c99a65f2f23cc80e4c64f35292c84b
1805,1805,0,fcfffcff0000000010001000dcfffcff0c00caffeeff1c0002000200deffeeff,e4fff4fffaff0c000000d4fffafffaff140004007400f8fffaff0c002c001c00,0e00fcff1400f6ff1000eeff94ff0400d8ffd8ffeeff1c00eeffeefff6ffe6ff,2000deffdaff16001e00dcffd4ff0400884b58f36693644afe656892a2c8f065
1806,1806,0,fcffecff000000000000f2ff1c00fcffdaff0c000c000c00120012002e000e00,f4ffd4ff0c00fafff2fff2ff4a00faff0400f2ffd8ff0600eaff0c00ecffdcff,1e001e001400f6ffeeff10000400f4ff2600e8ff0c000c00eeff0000e6ff0600,1000deff0600e8ffecff1e000400f4ff366656929ec7846536f474c8084b06f4
1807,1807,0,fcfffcff200000000000f2ffecff1c00eaff0c000c000c00f4fff4fffeff0e00,f4ff12000c002c003e00d4fffafffaff0400f2ff160046001c00fafffcffdcff,ecff0e0014001400eeffdefff4ff0400d8ffd8ff0c000c00eeffeeff0600d6ff,aeff48002400e8ffdcff1e00e4fff4ff18f442c8444aa2f35892ae4bf0656292
1808,1808,0,fcfffcff20001000e2ff00000c00fcff0c00faff0c00eefff4ff12002e00feff,0200f4ff1c00caffe2ff2e00faff1a00f2fff2ffd8ffe8fffafffafffcffacff,0e001e00f6fff6ff00001000240024002600f8ff0c00eeff0000000006002600,10001000e8ffcaff0e00fcffe4ff04008692464ba4655693b0c7be660ef532c8
1809,1809,0,0a00dcff00001000f2ff2000fcfffcff1c00caffeeff1a0102000200fefffeff,f4fff4ffeaff0c00e2ffe2ffeafffaffe2fff2ff060006000c000c00ecff1c00,dcffdcff04001400eeff200014000400d8ff0600feff0c00deffcefff6ff1600,00001000caff06003000dcffd4fff4ff7cc7866612f60ec71e4a56f4b2926c4a
1810,1810,0,fcff0a000000defff2ff00001c00fcff0c000c000c000c00020030000e00feff,12001200faffeaffe2ffc4ff1a00faff040004001600f8fffaff0c00dcfffcff,1e000e000400f6ffdeff000004002400d8ff0600feff0c00eeffdeff26001600,3000eeffdaff06000e00fcff24000400d64a74f584936e498e660893b2c7d266
1811,1811,0,fcfffcffceff1000f2ff00000c000c000c000c00feff1c0012001200eeffceff,020002003c000c00f2ff0000fafffaffd2ffe2fff8ff5400faffcaffecfffcff,0e001e0014001400100000001400e4ffbaffd8ff0c001c000000eefff6ffe6ff,0000eeff1600f8fffcfffcff2400f4ffb666a69220c63266b6f560c7cc49aef5
1812,1812,0,0a000a0010001000f2fff2ff0c00fcfffaff0c000c01eeff120002002e004e00,120002001c00faffc4fff2ff0a00fafff2ffe2fff8ff06000c000c000c00acff,2e009cff0400f6ff0000eeff14001400d8ff1600feffe0ffeeff30000600f6ff,eeff00000600daffecff0e002400f4ff80f6bcc6d04820f70893d848f266e292
1813,1813,0,0a00fcff000020002000f2ffecffecfffaff0c002a00feff0200e4ff2e000e00,f4ff02000c000c004c00f2ff0a00faff0400f2ff060036001c00eaff0c00ecff,0e000e0014001400100010001400f4ffe8ffaafffeffeeff00000000f6fff6ff,ceff48000600daff0e00ecffc4ff3400d6922c498266b49398c50e678ef660c6
1814,1814,0,0a001a0010000000e2ffe2ffecff0c000c00faff0c01feff1200f4ff0e000e00,020012000c00eafff2ffe2ff1a00fafff2ffd2ff36001600baffeaffdcffecff,fcff0e002200f6ffdeffeeffe4ff1400d8ff26000c00feff2000eeffd6ff0600,00003000daff06001e00dcffd4ff14004cc616676ef760c5b84806f74e93fc48
1815,1815,0,ecfffcff1000200010000000dcffdcfffaffdaff0c010c011200f4ff0e000e00,d4ffd4ff0c00faff2e00e2ff0a00eaffd2fff2ff160016000c000c00ecffacff,8cff0e00040022001000eeff04000400d8ffd8fffeff0c00300020001600f6ff,1000deffbaff4600ecffdcff04000400dc48f0f624940e482e67089300c65267
1816,1816,0,0a00fcff0000eeff0000f2fffcfffcff1c001c002a00eeff0200f4ff0e001e00,e4fff4ff1c00faffe2ffe2ffeafffaff24000400260026000c002c00acffecff,fcff1e00f6ff1400000020000400040044000600feff0c00eeffeefff6fff6ff,1000eefff8fff8ffcafffcff0400d4ff76670693e2c4f06636f7b8c4924826f7
1817,1817,0,1a000a0020000000f2ff20000c00fcff1c00eaff1c001c00e4ff1200eeffeeff,f4fff4fffaff0c00f2ffe2ff0a00faffd2ffe2ff26002600caff1c00dcffecff,2e00ecff14001400100000001400f4fff8ffe8fffefffeff1000eefff6ffe6ff,deffeeff0600daffdcff0e00e4ffe4ff06f880c53e474ef82893f84872674e93
1818,1818,0,dcff0a0010000000f2ff00001c000c00faff0c000c001c000200f4ff0e00feff,f4ff02000c00fafff2ffd4ffeaff0a000400040036002600faff1c00dcffecff,0e002e0004000400deff0000140004000600e8ff0c00eeffeeff100006000600,ceff5800f8ffbaff0e00fcff1400040016936c48e066e49368c4ce6798f800c5
1819,1819,0,ecfffcff0000ceff0000f2fffcffecff2c002c002a00eeff120022002e001e00,f4ffc6fffaff0c000000e2fffaffeaff0400f2fff8ff26002c000c00bcffecff,9cff0e00f6fff6ffeeff000004001400baffd8ff0c00feff1000200006001600,eeff0000f8fff8ff1e00ecff0400040000c5bc672ef9b2c3a4475af87e93a247
1820,1820,0,fcff1a000000eeff0000d2ffdcfffcff1c001c000c002a003000e4fffeff1e00,d4fff4ff0c00faff2e00d4fffaffeaff14000400260054001c00fafffcffecff,fcff0e00f6fff6ff0000100004000400f8ffe8fffefffeff00000000f6ff2600,58000000f8ff06001e00dcffe4ff0400b64718f99494be46ae67789368c4f267
1821,1821,0,fcff0a00eeffeefff2ff10000c00dcff3c001c00feffeefff4ff12000e003e00,e4ffe4ffeaff0c00e2ffd4fffaff0a00e2ffe2fff8ff06000c000c00ecff0c00,ecffdcfff6ff220000001000f4ff04000600d8ffe0ff0c00deffeeff0600f6ff,2000cefff8fff8fffcff0e003400e4ff1c68469352c3a0674af9f8c38247f8f8
1822,1822,0,fcfffcff10002000e2fff2ffccff0c000c000c00eefff2fe1200f4ffeefffeff,e4ff12000c000c00f2ffc4fffafffafff2fff2ff460026000c000c00bcff0c00,dcff0e0022001400eeff000014001400e8ff26000c000c00eeffeefff6fff6ff,eeff20000600caffcaff1e00e4ffb4ff88f9dcc3c2457afa789364463268ce93
1823,1823,0,1a00bcff10000000f2ff1000ecffccff0c00daff0c000c00120040002e00deff,1200f4fffafffafff2ff0000faff0a00f2ff0400060016002c00faffdcffdcff,1e009cfff6ff140020002000140014002600d8ff0c00eeffeeffeeffe6ff0600,ceff68000600dafffcffdcfff4ff2400369316471068449416c37268b8f9b8c3
1824,1824,0,0a00fcff0000100000000000ccfffcff2c001c00eeffeefff4ff12000e000e00,02000200eafffafff2ffc4ff0a002a000400f2fff8ff06001c00fafffcffecff,fcff8cff14001400eeffeefff4ff1400d8ff16000c00e0ff2000ceff0600f6ff,10001000f8ff160030000e000400e4ffc0c22c684afbb2c254469efaee93c246
1825,1825,0,fcff1a00eeffeefff2fff2fffcfffcff1c001c00eeffe2fe12001200eeff0e00,12000200dafffaffd4ffe2ff0a000a000400f2ffe8ff3600faff1c00dcffdcff,0e00dcfff6ff0400eeff0000f4ff1400f8ff2600fefffeff00000000f6ff1600,10000000caff4600fcffecff14000400764692faf49442457268fa938cc26268
1826,1826,0,ecff0a001000eeff1000f2ffecfffcff1c00faffeeff4c00020012000e00feff,f4ff1200eaff0c004c0000001a00faff0400f2ff06003600eaffeaffecffdcff,0e000e00040014002000defff4ff0400cafff8fffeff0c00eeffdeffd6fff6ff,0000eeff0600e8ffcaffecff0400e4ff8c689693dec13068fefa82c1c04568fa
1827,1827,0,fcff0a0000000000f2ffd2ff0c001c001c001c00defffeffe4ffe4fffeff0e00,120022000c00cafff2ffe2ff0a00eafff2ff240026000600eaff0c00fcffccff,1e000e0014000400deff0000f4ff04003400e8ff1c00feffdeff00001600f6ff,000000001600caffbaff1e000400e4ffd2fa60c282457afb2a942446dc683e94
1828,1828,0,2a000a000000100020002000fcfffcff1c00faff0c000c0030001200eeff0e00,e4ffe4fffaff0c00f2ffe2ffeafffaff04000400f8ff36000c001c00dcff0c00,0e008cff04001400eeffeefff4ff0400d8ff06001c001c0010000000d6ffd6ff,deff0000f8ffe8ff0e00fcffd4ff2400c6935a4500680495a2c1226998fa2cc2
1829,1829,0,0a002a002000ceff1000f2ffecffdcff0c002c00eeff0c00e4ffd4ffeeff3e00,2200f4ff1c00faffd4ffe2ff0a001a003600e2ff06003600daff0c00dcffccff,dcff2e00f6ffe6ffeeffeeff04000400f8fff8ff0c000c00eeff0000f6ff0600,10003000daffdaffecffdcff94ff040086c1dc68aafc20c124455efb5e949045
1830,1830,0,1a00fcffdeff00001000d2ffecffdcff1c00faff0c00eefff4fff4ff0e00feff,0200d4fffaff1c00f2ff00001a00eaffe2ff1400e8ffe8ff1c00eaffccfffcff,1e009cfff6ff1400eeff1000d4fff4ffe8ffd8fffefffeffeeffdefff6fff6ff,00000000caff06000e00caff14002400aa44c4fc4495224422699a941cc12c69
1831,1831,0,2a00ecff20001000d2ff1000ccff1c001c002c000c00feffe4ff0200deff1e00,120012000c00faffe2ff3e000a000a00e2fff2ff2600f8ffeaff0c00ecffdcff,fcff0e0004001400deffdeff240014000600f8ff0c000c00deff100016000600,3000cefff8ff4600fcff0e002400f4ff3c69169400c1306880fc42c1a0442afc
1832,1832,0,fcfffcffeeffdeff2000f2ffecffdcff0c00caff0c00eeffe4ff02000e000e00,02000200fafffaff2e00e2ff0a00faffe2ffd2ffb8ff0600faff2c00dcff0c00,1e000e0004001400eeffeeff040014000600d8ffeeff0c00000020001600f6ff,deffeeff5400e8ffecff1e00f4fff4ff54fdd6c0c24328fd8a94d6433c69e694
1833,1833,0,fcff0a0000001000e2ff0000fcffecfffaff1c000c002c00f4fff4ffdeffeeff,0200f4fffaff0c00e2ffc4ffeaff4a00040014000600c8ffcaff0c00dcffdcff,fcff1e00f6fff6ffdeffeeffe4ff1400e8ff26001c000c00eeff2000e6ffe6ff,eeff10001600baffecfffcff0400f4ff5694e643c068949562c0626942fdfcc0
1834,1834,0,3a00fcffdeff000000000000fcffecff4c00daffeeff0c001200f4ff1e00eeff,1200f4fffaff1c00e2ff0000fafffafff2fff2ff360026000c00eaff0c00dcff,9cfffcff040014002000ceff14000400f8ffe8ff1c001c0000000000e6fff6ff,00001000e8ff16001e00baffd4ff240036c08e6928fe40c04443a0feae947843
1835,1835,0,fcfffcff10002000f2ffd2fffcff1c00faff1c001c001c00f4ffd4fffeff3e00,020022000c000c00f2ffd4ff0a001a00f2ff24000600b8ffcaff1c00dcff0c00,0e002e001400e6ffdeff00001400f4fff8ffd8ff0c001c003000eeff0600f6ff,00001000f8ff16001e00caffd4ffd4ff124310fe14967443c269ca94eabfbc69
1836,1836,0,fcfffcffeeff00001000f2ff0c00fcff1c00faffceff1c00d4ff0200eeff0e00,e4ffe4ffdaff0c00d4ff4c000a00fafff2ffe2ffd8ff36001c001c00fcffecff,0e00dcfff6ff0400eeff000014000400f8fff8ff0c000c00eeffeeff0600f6ff,2000defff8fff8fffcff0e002400f4ff6c69c49442bf726940fe5ebf884302fe
1837,1837,0,2a001a00eeffdeff0000c2ff0c000c00faff2c00eefffefff4ffe4ffdeff0e00,120030001c00eaffe2ffc4ff0a000a00f2ff1400e8fff8fffaffeaffdcffecff,fcffdcff1400e6ffeeffeeff24002400bafff8ff1c000c00eeffdeff36002600,eeff00000600daffecfffcff04000400c0fe80bf644266ff0a952443fc692695
1838,1838,0,0a00fcff00001000f2ff1000fcfffcff2c00daff0c00eeff1200e4ffeeffdeff,1200f4ffdaffeafff2ff00001a00eaffd2ffd2fff8ffe8fffaffeaff1c00ccff,fcfffcfff6fff6ffdeff0000140014002600d8fffeff1c00000020001600f6ff,deff0000060006000e000e00d4ff1400a29522429269c495bebe666a0aff9abf
1839,1839,0,bcff1a0010001000f2fff2ffdcfffcfffaff1c000c000c00e4ffd4fffeff1e00,f4ff22001c00eaffe2ffc4ffeaff5a00e2ff1400f8ffe8ff0c000c00dcffccff,ecff0e00220014001000deffe4ff1400f8fff8ff1c002a00deffdefff6fff6ff,eeff2000060016001e00ecffd4ff2400d0be186a5400a2beb04120ff46952c42
1840,1840,0,0a00fcffdeffeeff1000f2ff1c00ecff0c000c00feffeeffc6fff4ff0e002e00,02000200eafffaff2e00f2ff1a00eafff2ffe2ffb8ff36000c000c00ecffdcff,0e008cfff6fff6ff0000eeff44000400f8ffd8ffe0fffeff0000deff26000600,4800beffcaff1600fcff0e00f4ffd4ff7841c6ff1496f441466a5a9552bedc69
1841,1841,0,0a00fcff1000eeff0000e2ffdcfffcff0c001c00eefffeffd4fff4ff1e002e00,f4ff12001c00faff2e00d4ff0a000a00f2ff0400e8fff8fffaff0c00ecffecff,dcfffcfff6ff04000000defff4ff1400e8ff16001c002a00eeffdefff6ff2600,0000deff46001600dcff1e005400e4ff186ac29504be166a66006ebeec41eaff
1842,1842,0,1a000a000000eeff0000f2fffcff0c000c001c00feffeeff0200e4ff1e00feff,1200f4ff3c00faff0000f2ff0a00daff3600f2fff8ffe8fffaff0c00ecfffcff,fcffecff040004001000defff4fff4ff4400d8ff1c00feff00001000f6ff1600,100000000600daffecffecfff4ffd4ff680040be2e41b4001a9500414c6a9695
1843,1843,0,fcff0a00000000000000f2ffdcffdcff0c000c00deff0c00d4ffe4ff0e002e00,02000200faffeaffe2ffd4ff0a000a00d2ffe2ff260046000c00fafffcffdcff,fcff0e00140014001000deffd4fff4fff8ff26001c000c0000000000f6ff0600,ceff10000600f8ff0e00fcffe4ff04003e960841266a54962ebd666a0c0112be
1844,1844,0,fcfffcffeeffeeff00001000fcfffcff1c001c000c00cefff4ffe4ff2e002e00,1200e4fffaffeaffe2ff2e00fafffaffe2ffe2ff1600f8fffaff2c00ccffecff,0e00ecff0400f6ff0000eefff4ff0400f8fff8ffd0ffeeffdeff20002600e6ff,00001000e8ff06001e00fcffe4fff4ff74bd186a0401b4bd00417601e6952c41
1845,1845,0,fcff0a00100000002000e2ff0c00ecff1c00daffeeffeeffe4ffe4ff0e00feff,f4ff12000c00fafff2ffe2fffaffeaff04002400360036000c00eafffcffdcff,9cfffcff140014000000eeff04001400f8ffe8fffeff0c00eeffdeffe6ff1600,20001000caff16001e00dcffe4ffe4ff5840480104966040d66a5a9572bde86a
1846,1846,0,1a000a000000eefff2fff2ffecff1c001c000c00eeffeeffd4fff4ff3e00feff,02001200fafffafff2fff2ff1a00faff04001400f8fff8ffdaff2c00fcffdcff,1e001e000400f6ffdeffeeffe4ff14002600e8fffeffeeffdeffeefff6ff0600,3000deff06001600bafffcff0400c4ffb86a5e9604bd566a9601aebc0a40fc01
1847,1847,0,bcffecffeeffeefff2ffe2fffcffdcffcafffaffeeff0c00020002000e000e00,e4fff4ff0c001c004c00f2ffbaff0a00d2ffe2ff2600e8ff1c00cafffcff0c00,fcffdcfff6ff14002000eeff1400f4fff8ffd8fffeff2a00deff00002600f6ff,eeffeeff0600f8ffecff3000e4ffb4ffa202c4bcfa3ff401ea955040186b1696
1848,1848,0,1a00fcff100000000000e2ffecfffcff0c000c000c000c00d4ff02000e000e00,1200e4fffafffaffd4ff2e001a00faff04000400e8ff1600daff0c00ecffccff,0e000e00f6ff0400bcffdeff140014003400d8ff0c00e0ffceff100016000600,10003000f8ffbaffecff0e0004001400b096823fb66a00970ebce66b8c028abc
1849,1849,0,dcff1a00eeff00002000f2fffcfffcfffaff1c00eeff1c000200e4ffceffdeff,f4fff4fffaff2c000000f2ff0a00faffe2fff2fff8ff2600faff0c00dcffecff,9cfffcff040004000000cefff4ff0400f8ff26000c000c00400000001600e6ff,10002000e8fff8ff0e00dcffe4ff4400a0bbe86a3603e6bb20405a0236966a3f
1850,1850,0,fcfffcffeeff0000e2ff10000c000c000c001c000c000c00e4ff1200eeff2e00,f4fff4ff0c00daffe2ff00001a000a000400f2ff3600e8fffaff0c00fcffdcff,1e001e00f6ff04000000eeff04000400f8ffe8fffefffeffeeffeeff26000600,30000000f8ff1600fcffdcffd4ff1400e23e1203f096423fb66bba96cabb686b
1851,1851,0,fcfffcff000020001000f2fffcfffcff1c00faffeeffceff020002000e00ceff,98ff0200fafffaff4c00e2ff0a00eafff2ff0400e8fff8ff0c000c00dcfffcff,dcfffcff140022001000eeffe4fff4fff8ffbaff0c000c00eeffeefff6ffe6ff,eeffcefff8ff16000e00fcff1400e4ff086be09646bbc66a4a036cbb923ecc02
1852,1852,0,fcfffcff0000deffe2fff2fffcff0c001c002c002c00feff0200d4ffdeff0e00,02001200faffeaffd4ffd4fffaff5a001400f2ffe8ffe8ffeaff0c00dcff0c00,2e002e0014000400eeff000004001400f8fff8ff0c00e0ffeeffdeff26000600,000020005400f8ffdcff1e000400e4ffe203d0ba523ee603ea966c3e486bb696
1853,1853,0,1a00fcff00000000f2ff1000fcff0c00faff0c000c000c000200e4ffeeffeeff,f4ffe4ffeaff0c002000d4fffaffeafff2ff0400260026001c00eaff0c00ecff,0e00fcfff6ff14003000deff0400e4ffe8ffbafffefffeff2000000006000600,deff2000e8ffdafffcffecfff4ff14001097b23ec66ae097bcbab66bf8035abb
1854,1854,0,1a00fcffeeff0000f2ff0000fcffecffeaff0c00feff1c001200e4ff0e00feff,f4ffe4fffaffeaffe2ff20000a000a000400d2ff0600f8ff2c002c001c000c00,fcff1e0004000400eeffeefff4ff24000600f8fffeffd0ffeeffeefff6ff1600,00001000dafff8ff0e00ecffe4ff2400a0ba486b860476bb4c3ecc04fe96c23d
1855,1855,0,dcff2a00ceff00001000f2ffecffecff1c00eaff0c00eefff4ffe4ff0e002e00,e4ffe4fffafffaff00000000faff0a0014000400060016001c00faffdcffecff,0e000e00f6ff140010000000f4ffd4fff8ffd8ffeeff2a0020000000f6ff1600,10000000caff16000e00caff14001400563d2004a097223e366cda9698baa86b
1856,1856,0,fcff0a00eeffeeff100000000c00fcff0c000c00deff3c01c6ffc6ff3e002e00,1200f4fffafffaffd4fff2ffeaff0a00f2ff040006000600caffbaff2c00ecff,0e00dcff04000400eeffeeff040014000600e8ff0c000c00deff0000d6ff0600,3000eeff1600f8ffecff0e0024000400686b609740ba166b0c05c8b9a23d4005
1857,1857,0,fcffecffeeff1000f2fff2fffcffecffdafffaff0c002c00f4ffe4ff2e000e00,f4ff12000c00fafff2ffe2fffaffdaffd2ffe2ffc8ff3600fafffaffdcffecff,fcfffcff040004001000eeff1400e4ff0600d8fffeffeeffeeffeefff6ffe6ff,eeff10000600e8ffbaff1e002400f4ff040666b9f63c76056a97ac3df86b2e97
1858,1858,0,fcfffcff0000eeffd2ff10000c00ecfffaff0c00eeff2c00f4ffe4ffeefffeff,d4ff0200faff0c00f2ff0000fafffaffe2ff0400f8ff0600fafffaffdcffecff,0e000e001400f6ff0000eeff04000400160006000c000c0010000000f6ffe6ff,eeff10001600bafffcffecffe4ff3400a097c63c766b209888b9366cf005c8b9
1859,1859,0,0a001a00eeff000010000000dcff1c00eaffeaff1c000c00f4ffe4ff0e000e00,300002000c000c00f2ff0000eafffaff0400f2fff8ff0600faff1c00acffecff,ecfffcfff6ff1400eeff000004000400f8ffd8fffeff1c00deff0000f6ffe6ff,00000000f8ff06001e00ecffe4ff240016b9986be405c0b97c3c7c056e97a23c
1860,1860,0,fcff0a000000eeff0000d2fffcfffcff0c00daff0c002c000200e4ff1e002e00,f4ff0200faffeaff0000d4ff0a000a00f2ff04001600e8fffaff0c00fcfffcff,0e000e00e6ff0400deff0000e4ff1400f8fff8ff1c00eeff0000deffe6ff0600,1000defff8ff06000e00caff24002400d03be4066098e63b966c6a9738b9086c
1861,1861,0,0a00fcff0000eefff2ff10000c00fcff0c00caff3c012c00f4fff4ff0e002e00,0200f4ff1c001c00f2fff2ff0a006a00f2ffe2ff1600e8ffeaff1c00fcffccff,0e00dcff0400f6ff0000100004000400f8ff06000c001c00beffdefff6ff0600,0000deff06000600caff0e00640004005a6c369842b9f66b0a07a8b82a3ca006
1862,1862,0,0a001a00eeffeefff2ff10000c00fcfffaff1c00eeff0c0002000200feff2e00,120002000c00fafff2fff2ff0a00eaff0400f2ff0600f8ff0c000c00fcffacff,ecffdcff1400f6ffeeffdeff04000400caffd8fffeff1c001000eeff06000600,eeff10000600caffecff1e001400d4fffc0756b8963b3207ca976a3b386cbe97
1863,1863,0,fcffecff000000000000e2ff1c001c000c000c002c00eefff4ffe4fffefffeff,f4ff02000c001c00200000000a00faff140004001600f8ff2c00eaffdcffdcff,1e000e00040014000000eeff04000400d8ffe8ff1c00eeff00001000f6ff0600,eeff0000f8ffdaffecfffcff040024004698703b266c9098d4b7966cc00736b8
1864,1864,0,0a00fcff1000ceff20002000dcfffcff0c000c00feffeeffe4fff4ffdeff0e00,020002000c001c001000c4ffeaff2a0004000400360036003c00faff0c00ecff,9cfffcff140004002000eefff4ff1400e8fff8fffefffeff00001000d6ff0600,eeff1000daff06001e00bafff4ff340090b7da6ce2072ab8ea3a9e085e981a3b
1865,1865,0,1a00fcff1000deff10001000fcff0c000c001c000c00feffe4ffe4fffeff0e00,f4ff1200eaffeaffd4ff2000faffeaff0400d2ff1600e8ff1c002c00fcffecff,ecff0e00040004000000defff4ff0400440006000c000c000000eefff6fff6ff,2000ceffcaff6400fcffecff14000400823a8c08e098f63ab66c7e98c6b7906c
1866,1866,0,fcff2a00deff00001000e2fffcff0c000c001c001c011c00c6ffd4ff2e000e00,1200e4ffeaff0c00e2ffe2fffafffafff2fff2ff160054004c000c001c00fcff,0e00fcff1400f6ff1000eeff040004000600e8ff0c000c000000cefff6fff6ff,1000ceff06001600ecfffcff24002400ba6cb6989ab7066c5e08b2b64e3aa208
1867,1867,0,2a000a000000deff000000001c00fcff1c000c000c000c00f4ff02000e003e00,1200f4ffdaffdafff2ffd4ff0a00faffe2ff0400260036001c003c00dcffecff,ecff0e000400f6ffceffeeff1400f4fff8fff8ffe0ff0c000000eeff1600f6ff,deff10001600daffdcff3000f4fff4ff2c09f0b6883a7208ae985a3ac06cc098
1868,1868,0,fcff0a0000001000f2ffc2ffecff0c00daff0c001c001c00e4ff02000e00eeff,12001200fafffaff20000000faff0a000400d2fff8ffe8ff2c00faffdcffecff,0e001e001400f6ff0000eeff0400d4ffe8ffe8ff1c000c00deffeeff06000600,deff2000f8ffcafffcffecffe4ff1400a6988839266ce098c2b6566db20926b7
1869,1869,0,2a00fcff00001000000000000c000c000c00faff0c004c00f4fff4fffefffeff,0200e4ffdaff0c0020002000eaff0a00f2fff2ff1600d8ff3c00faff0c00ecff,9cff9cfff6ff3200ceff0000f4ff14001600e8ff0c000c00deff0000f6fff6ff,eeff1000dafff8ff3000dcff0400040080b6fa6c9009fab686390e0900997839
1870,1870,0,ecfffcff00000000e2ff0000fcfffcffdaff1c000c00feffc6ffe4ffdefffeff,f4ff0200eaff1c000000e2fffaffeaff14000400260046000c00eaffecffecff,fcff1e000400f6ffeeff000004000400260026000c000c00eeff100016000600,20000000e8ff16001e00ecffe4ff04000839f6094099e839366d2e996eb6e06c
1871,1871,0,0a00fcff1000deff1000f2fffcff0c00faff0c002c00feffd4ff02000e002e00,22001200eafffafff2ff0000faff0a00d2fff2ff360036000c000c001c00fcff,1e009cfff6ff0400eeff00001400f4ff06002600eeff1c000000deff36000600,1000ceff1600f8ffecff0e002400f4ff2a6d3699cab6366c220a62b61839f209
1872,1872,0,fcffdcff10000000f2ffe2ff1c000c00caffcaff2c000c0002000200defffeff,f4ff0200eaff1c00e2ffe2fffaffeaffe2fff2ffaaff16000c000c00dcffdcff,6cfffcff2200f6ff10009cff0400f4ffd8ffd8fffeff1c002000deff1600e6ff,0000eeff4600f8fffcff0e0004000400d60a50b60239400a0e995638106d0099
1873,1873,0,1a000a00eeff0000f2ffe2ff1c00fcfffaff0c00feff0c00020002000e00eeff,f4ffd4fffaffeaff2e002e00faffeafff2ffd2ff160016000c001c00ecfffcff,0e00bcff0400f6ff1000000014000400e8fff8ff0c00eeffeeff30001600f6ff,000020000600daff1e0030001400040086998838b46cfe99f2b5466dca0abeb5
1874,1874,0,0a000a0010000000f2ff0000fcff2c00faff0c00eeff1c0040000200eefffeff,220012000c000c002000d4fffaffeaff0400f2ff060016000c00eaffdcffecff,0e00fcff14000400eeff0000e4ff2400f8ffd8ff0c001c002000eeff06001600,00001000daff06000e00ecfff4ff240084b56a6d180b1eb67638620b80999838
1875,1875,0,0a00ecffeeffeefff2ff00000c00ecffdafffaff0c00eeff30000200eeffeeff,e4ff0200faff0c00f2fff2ff0a00faffe2fff2ff060046000c000c00ccff9cff,0e001e00d8fff6ff00000000040024000600f8ffeeff1c00eeff0000f6ff1600,1000eeffdaff1600fcfffcff0400f4ffa237fe0bce99b238c86d0e993eb5206d
1876,1876,0,ecffecff20000000e2ffe2ffecfffcfffaff1c00fefffeff2200e4fffeffeeff,02000200faff0c0000000000faff0a0004000400f8ff06000c00eafffcff9cff,0e00fcff0400140000001000d4ff4400e8fff8fffefffeffeeffeeffe6ff1600,0000eeff16000600ecfffcff040004008a6db6996eb5c46cf40b42b46637060c
1877,1877,0,ecffecff00001000f2ff0000ecff0c000c00faff1c00fefff4ff02000e00eeff,e4ff0200eaff0c00e2ff3e00eafffaffd2ffd2ffe8ff26000c001c00fcfffcff,fcff1e00f6fff6ffeeff0000f4fff4ff3400aaffeeffeeff100010002600f6ff,eeff00000600e8ffdcff0e002400b4ff020df4b4be37a80b229a1638706dd099
1878,1878,0,fcff0a00deff1000d2fff2ff0c00ecfffaff0c002a00feff2200f4ff0e000e00,120002000c00eaff3e00e2ffeafffaffe2ff240016003600eaffcaff1c001c00,dcfffcff220022000000defff4ff0400f8ff26001c00d0ff2000defff6ff2600,deff30001600caff0e000e00f4ff0400409ae236246d7e9a42b4666dde0cceb4
1879,1879,0,2a00fcff00000000f2ff20000c000c00faffdaffd0ff0c00d4ff02003e000e00,2200f4ffeafffaff0000f2ff0a00dafff2ffe2ff540026001c001c00ecffecff,2e000e00f6fff6ff00000000f4fff4ffe8ff06001c00feff000000001600f6ff,10001000caff06001e00fcff14000400a6b37a6d060deeb43236620c409a6e36
1880,1880,0,fcffecff1000deff0000f2ff0c00fcffeafffaff0c00fefff4ffe4ff0e00eeff,e4fff4ff1c00faffd4ffd4ff0a000a00f2fff2ff260036002c001c00ecfffcff,fcffdcfff6ff0400eeffeeff04001400e8ffd8ff0c000c00eeff0000f6ff1600,2000eeffdaff4600fcffecff0400240052362e0ece9a5e37086e929a10b4d06d
1881,1881,0,fcfffcffceff0000100030000c000c000c00caff0c002a00120012000e000e00,f4ffe4ffeaff0c00f2ff2e000a00eaffe2ffe2ff06003600fafffaffdcffecff,0e009cff040004002000eeff14000400f8ffd8fffeff1c00200030000600f6ff,2000deffdaff0600ecff1e001400e4fff66d309a2eb4346dd20d32b43e36f20d
1882,1882,0,0a001a0000000000e2ffe2ff0c000c00eafffaff0c00eeff02001200eeffeeff,f4fff4ff1c00fafff2ffd4ff0a000a00f2ff04001600d8ff0c00eafffcfffcff,0e001e002200f6ff0000eeff04000400e8ffe8ff0c000c0000000000f6ffe6ff,deffeeff1600daffdcff1e001400d4ff8e0e66b35c36e40f829af235b06da09a
1883,1883,0,fcffecff00000000f2ffe2ffecffccfffaff0c00eeff0c00f4ff1200feff2e00,f4ffe4fffaff0c004c0000001a00eaffe2ffd2ffe8ff26002c000c00fcffccff,dcff0e00e6ff14001000100004000400f8ffd8ff0c000c00eeff2000d6ffe6ff,eeff3000daffcaffecff0e000400f4ff109b8635546d2c9bd0b2f86dd80e80b3
1884,1884,0,fcff0a001000eeff0000f2fffcff1c000c000c0048000c000200f4ffeeffeeff,020002003c00fafff2ffe2ffeaff0a00d2ffd2ff16001600faff0c00ecffecff,1e000e001400140042000000e4ff0400e8ff26000c00feffdeff0000f6ff0600,10001000dafff8ff0e00fcff04003400d6b2366eaa1090b3e234e20ed09ade34
1885,1885,0,0a000a000000cefff2fff2ffecff1c001c00faff0c00feff0200d4ff2e00eeff,1200f4ff1c00faff20003e00faff0a000400d2ff540016000c000c00ccff0c00,0e00dcfff6ff1400eeffeeffe4ff0400e8ff1600fefffeff0000100016001600,6800deffbaff06000e00dcff140014005635fe0ecc9b8e35486ec29ac4b2006e
1886,1886,0,1a00ecff10001000e2ff0000dcff0c000c001c001c00eefff4ffe4fffeff0e00,f4ffe4fffaffeafff2ff20000a002a0014000400060016000c000c00fcffecff,dcff1e002200e6ff1000defff4ff0400f8ffe8ff1c001c000000eeff16001600,00001000e8ff1600fcff0e004400b4ff366e509b40b1946d320f40b2ce34380f
1887,1887,0,0a00fcff00001000f2ff1000ecffdcff2c001c00d0fffeff0200c6ffeeffeeff,d4fff4ff0c000c00e2ffe2ffdaffeafff2fff2ff060054000c00eaffecff0c00,fcffdcff14001400ceff000004000400f8ff06000c002a00eeff00001600f6ff,eeffeeff5400e8fffcff3000e4ffe4ff661016b2c0348a11329b0234106ee09a
1888,1888,0,fcfffcff0000eefff2ff0000dcfffcfffaff1c000c000c0030001200deffdeff,d4fff4ff1c000c002000f2fffafffaffd2ffe2fff8ff06002c002c00ccfffcff,dcfffcff22001400000010001400d4ff440006000c001c00ceffeefff6ff0600,ceff30000600caff0e001e00f4ff2400809b1034746d8a9c7cb1686e6810f4b1
1889,1889,0,ecfffcffeeffdeff10001000fcfffcff0c00faff0c001c000200d4ffeefffeff,e4fff4ff0c003c00e2ff2000fafffafff2ff0400f8ff0600faff1c00fcfffcff,0e000e00f6ff0400eeff1000f4fff4ffe8ffe8ffeeff1c00eeff200006002600,00001000dafff8ff3000dcffd4ff44008cb1766e3e1234b012344610709be633
1890,1890,0,fcffecff0000eefff2fff2fffcff0c001c001c000c00eeff0200f4ffeeff2e00,120002001c000c00f2ffd4ffeaff0a000400f2ff060016000c000c00fcffdcff,0e00dcfff6ff14000000000004001400060026002a001c000000eefff6ff0600,2000eeffbaff46001e00dcff1400f4ff0833f6101c9cd033686ee49b84b1306e
1891,1891,0,ecff0a00000010000000f2ff0c002c00faff1c001a011c00f4ff0200eeffdeff,0200f4ff1c00faffd4ff3e00fafffaffe2fff2fff8ff0600faff1c00ccff0c00,0e000e001400f6ffeeff00000400f4ffe8ff1600eeff0c00deff1000f6ff0600,1000eeffdaff46001e000e002400f4ff766e009cf4af546d06113cb156334211
1892,1892,0,fcfffcff1000eeffe2fff2ff0c00fcff0c000c00feffd0ff120002000e002e00,d4ff12000c001c002e00f2ffeafffaff1400f2ff360006000c00fafffcffdcff,0e000e00140004000000eeff24001400e8ffd8fffefffeff0000200006000600,deffeeff1600e8ffecfffcff0400e4ffb611fcb05033fe12349c3032306ef29b
1893,1893,0,fcffecff2000eeffe2ff0000fcffecfffaff2c000c00eeff120030002e000e00,020012001c00faff0000e2ff0a000a00e2fff2ff460006001c00faffecffecff,fcff1e0014000400000010002400f4ffd8ff2600fefffeff0000100006001600,eeff20004600dafffcff0e00e4ff0400f09b6832746d7a9cccb0986e321244b1
1894,1894,0,fcfffcff000000000000f2ffecff2c001c00faff0c000c00f4ff02002e001e00,120012000c000c00d4ff0000faff0a000400f2ff5400f8fffafffaff1c00ccff,0e00fcfff6fff6ff00001000e4fff4ffe8ff2600feffe0ff2000deffe6fff6ff,10000000daffe8ff1e00ecffd4ff14007cb0b66e9e1334af40329a12729cfa31
1895,1895,0,fcfffcff00002000100000000c00ecff0c002c002a000c000200c6ffdefffeff,1200f4ff3c000c004c000000faff0a00c0fff2ff26003600faffeaff1c00fcff,dcff0e000400f6ff10000000f4ff140006001600fefffeff30000000f6ff0600,2000eeffcaff64003000dcffe4ff24003e31a012da9c7032d86e249c6ab0906e
1896,1896,0,ecffecff00000000e2ffe2ff0c001c000c00faff0c00feff12001200eeff0e00,f4ffe4ffeafffaff2e002e00faff0a001400e2ff64001600fafffaffecffdcff,fcffecfff6fff6ff1000deff14000400e8fff8ffeefffeffeeffeefff6fff6ff,eeffceffe8fff8fffcff1e00f4ffe4ffd66e229d56ae026eba1238afba316e13
1897,1897,0,fcfffcff00001000f2ff0000ecff0c00faff0c001c000c001200f4ffeeff1e00,0200e4ff0c001c000000d4ff0a00eafff2fff2ff360046001c001c000c00dcff,fcff0e00140004000000deff040014000600e8fffefffeffeeffeeff1600f6ff,deffeeff1600daffbaff0e002400e4ff70131cb000328c14d49c3032906e0a9d
1898,1898,0,fcff0a002000eeffe2ff0000ecff0c000c001c000c002a00e4ff1200eeffdeff,f4ff0200eaff0c00e2ff00001a001a00f2fff2ff3600e8fffaff0c00dcffecff,1e000e00f6ff04000000100024000400e8ff0600fefffeff1000eeff26001600,aeff58000600daffecffecffd4ffe4ff929dfe308a6e2a9db8aec86e1e1470af
1899,1899,0,fcff2a00eeff20000000e2fffcffecffdaff0c00fefffefff4fff4ffeeffdeff,f4ff30001c000c00e2ff0000faffeaff0400d2fff8ff26000c000c00ecff0c00,ecff1e00f6ff1400eeffeeff04000400d8ffd8ff2a001c002000eefff6fff6ff,1000eefff8fff8ff1e00dcffe4ff140026afb66e9c1546ae9c30fa125a9daa30
1900,1900,0,1a00ecff000010001000f2ffdcff0c00caffeaff2c01eeff400012003e000e00,f4ffe4ffeaff0c00e2ff00001a001a00e2ffe2ff360016001c000c000c001c00,fcff0e00f6fff6ffeeffdeff14002400f8ffe8fffefffeff000000000600f6ff,1000deffdaff06000e000e00040024003e30e013ba9d1c31c86e649dc8ae806e
1901,1901,0,0a00fcffeeff0000f2ffe2fffcfffcffeaff0c001c000c00f4ff02000e000e00,e4fff4fffaff1c00e2fff2ffeafffafff2ffe2fff8ff0600eaff0c00fcfffcff,0e000e00220014000000eeff24000400e8ffd8fffeff1c0000000000e6fff6ff,1000deff0600f8ff0e00fcff4400d4ffe66ed29d16ae3a6ed814d8aeba2fb614
1902,1902,0,fcfffcffceffceffe2fff2fffcff1c00faff1c00fefffeff220002002e00eeff,020002000c00faff0000f2ff0a000a00f2ffe2fff8ff16000c00aafffcffdcff,0e00ccfff6ff04000000100004000400f8ffcaff0c000c00eeff200016000600,0000deff1600e8ffbaff1e00d4ffc4ff7c15b6ae7c305a16b89e842e226faa9d
1903,1903,0,0a00fcff2000100000000000ecffecff0c00faff0c000c002200f4ffeefffeff,e4ff02001c00faff3e00d4ffeaff0a00d2fff2ff160006000c000c00ecffecff,0e00dcfff6ff14001000eeff14001400d8ffe8ff1c000c003000eeffe6fff6ff,deff00001600e8ff0e00fcffe4ffe4ff909e082f9a6e3a9e28aed86e661528ae
1904,1904,0,fcff0a00deffdefff2ff20001c00dcfffaffdaff1c000c00f4ff12000e00feff,0200d4ff0c000c00d4fff2ffeaff0a00f2ffe2ff26003600caffeaffdcffecff,0e000e001400f6ffceff000004000400caffe8fffefffeff0000eefff6ffe6ff,00000000dafff8ff0e00ecffe4ff0400daade66eea16b8ac442ea8163a9e682e
1905,1905,0,ecfffcffceff0000e2ff4e00dcff1c000c000c001c011c001200f4fffeff1e00,f4fff4ff0c00faff0000f2ffcaffeafff2ff0400f8ff3600faff0c000c00ecff,2e00fcff040022000000000004001400e8ffd8fffeff0c000000eeff06002600,10001000daff06000e00ecffd4ff4400882eba165a9ef62f286ff89ea8ad226f
1906,1906,0,1a00fcff1000ceffd2ffe2ff0c000c000c00faff0c00eeff020002000e000e00,02000200faff0c00d4ff3e00eaff0a000400e2ff460026000c00eaff0c00fcff,1e000e0014001400eeff10000400e4fff8fff8fffeff0c00ceffeeff0600f6ff,0000beff0600e8ffecfffcff0400e4ff066fb09e58ac8a6e981658ade82d4616
1907,1907,0,0a00fcff0000eeff00001000ccffdcff0c00cafffeff0c001200e4ff2e00feff,2200f4ff0c000c00f2ffd4ffdafffaffd2fff2ff26000600faffcaff9cfffcff,8cff1e0004001400eeff000004001400f8ffd8ff0c00feff00000000f6ffd6ff,ceff100064000600fcff1e000400b4ffea167aad462fc817489f442e526f9a9e
1908,1908,0,0a00fcff2000defff2fff2ff0c00fcff0c00caffceff0c00f4ffe4ff3e00deff,220012000c00eaffd4ff00000a00eaff04000400260006002c000c000c00ecff,fcff1e00d8fff6ffdeffeeff0400140026000600fefffeff000000002600e6ff,eeff2000e8ffcaff1e00300024001400109f282eaa6ef89e38ad386f3e1778ad
1909,1909,0,0a00fcff30001000000030000c001c000c00fafffeff0c0002001200deff2e00,12000200faff1c00e2ff0000baff0a000400f2ff3600e8ffcaffeaff0c000c00,fcff1e00140004001000deff14001400f8ffd8ff0c000c002000defff6ff0600,eeff2000dafff8ff4000ecfff4ff24004aad166f2818a8ab242d9817ca9e382d
1910,1910,0,0a00fcffeeffeeff00000000ccfffcff0c001c003c001c002200e4fffeffeeff,f4fff4ffeafffaffe2ff3e000a000a00f2ffd2ffd8fff8ff0c000c000c00fcff,2e002e0014001400eeff0000140034000600f8ff0c00eeff30001000f6ff1600,3000eeffdaff06001e00caff140024005c2d1018089fc82e586fd89f80ac626f
1911,1911,0,0a00fcffeeffeeff10000000ecff0c00caff0c00eeff2c01f4ff1200fefffeff,02000200eaff0c0020002e00caff1a000400f2ffc8ffe8fffafffaffdcff0c00,fcff1e0004001400deffeeff1400f4fff8fff8ffeeff1c000000eeff06001600,1000deffdaff4600ecfffcff24000400266ff69fe2aaaa6e9c1818ada82c2e18
1912,1912,0,fcfffcffeeffcefff2fff2fffcfffcff0c001c00feffceff020030001e002e00,f4fff4ff1c00faffe2ffe2ffeaff0a00f2ffd2fff8ff2600faff0c00fcff2c00,1e00fcff04000400eeffeeff14001400e8ff34000c00feff000010000600f6ff,eeff10000600e8ffdcff3000f4ffe4ffc01814acf82d50192ca0f42b526fa29f
1913,1913,0,ecffecffeeff00000000f2fffcffecff0c000c001c00cefff4fff4ff1e001e00,f4ffe4ff0c00eaff0000f2fffafffaffe2fff2fff8fff8ff2c000c000c00ecff,0e000e0004001400eeffdefff4ffd4ffd8ffd8ff0c000c00deffeefff6ff0600,eeff1000160006000e00ecffe4fff4ff36a0462c2a6f06a008ac386f001900ac
1914,1914,0,0a000a001000eeffe2ffe2ffecffecffdaff1c002c00feff02000200eeff0e00,22000200eaffeaffe2ff0000eaff0a00d2fff2fff8fff8fffaff1c00fcffecff,1e00ecff140014000000eeff2400040016003400feffeeff0000100016001600,00000000e8fff8fffcfffcffe4ff1400e4ab266f661a62aaa42b201a12a0502b
1915,1915,0,ecff1a000000eeff20001000fcfffcffdafffafffeff0c003000e4ffeeff1e00,02001200faffeafff2fff2ffeaff0a00e2ffd2ff1600f8ff0c00fafffcfffcff,0e00fcfff6ff1400eeff000004000400d8ff0600fefffeff0000100016001600,3000defff8ff06001e00dcff24001400962b1019f69f882d286f8ca080abc26f
1916,1916,0,0a00fcffeeff10001000f2ffdcff1c00faffdafffeffeefff4ff12002e00feff,f4ff02001c00eaffe2ff2e001a000a00f2ffd2ff16003600eafffafffcffbcff,0e000e0014001400deff000024001400f8ff2600feff0c00ceffdeffe6ff1600,1000cefff8ff0600ecff1e0014000400766f96a042aaaa6e201ad8ab502bb019
1917,1917,0,fcfffcffdeff1000f2fff2fffcffecff1c002c00eeffeeff12003000feffeeff,f4ff1200faff0c00f2ff0000cafffaff0400d2fff8ff26000c000c000c00fcff,8cff0e001400040010001000f4ff0400f8fff8ff0c001c00ceff00000600e6ff,deff100016001600fcff1e00d4ffe4ff4a1ad4aa882d041b0ca1642b926f94a0
1918,1918,0,1a00fcff0000eeffe2ff0000ecfffcffeaff1c00feff1c00f4ff30001e004e00,f4ff22002c00fafff2fff2ff0a000a000400f2fff8ffe8fffaff0c00fcffccff,2e00fcfff6ffe6ffdeffeeff1400f4ffd8ffd8ffeefffeff000030000600f6ff,eeff10004600daff1e001e00b4ffe4ffa6a094292a6f76a0a6aa486f621be4aa
1919,1919,0,fcff0a0020002000f2ff1000dcffecff1c000c002c00fefff4fff4ffeeff0e00,02001200daff0c00e2ff0000faff0a00e2ff04004600e8ff1c000c00ecffdcff,dcff0e00040014000000200004000400caffcaffe0ffe0ff10000000f6fff6ff,deffeeff0600e8fffcfffcffe4ff240054aa666f841ba2a9a029801af4a0e429
1920,1920,0,fcff0a000000eefff2ff10000c001c000c00caff0c000c00d4fff4ff3e002e00,0200f4fffaff0c000000f2ff0a001a001400e2ff0600d8fffaffeafffcff2c00,fcfffcfff6fff6ffdeffeeff14001400d8ffe8fffeff0c00deffceff06000600,10000000caff4600fcffcaffe4ff340034295a1bd6a0882d786f60a234aa926f
1921,1921,0,ecfffcffdeff00004e00f2ffdcff0c002c000c002c001c00f4ff1200feff0e00,12001200faff0c002e00e2ffeaffeafff2ffd2ff060036001c00cafffcff1c00,0e00ecff14002200eeffeeff0400040006000600feff0c00000010000600d6ff,5800eeff1600f8ff0e000e001400b4ffcc6f46a152a91a6f401b86aa5429521b
1922,1922,0,fcffecff10000000f2ff00000c000c00caff1c001c002c00400012003e001e00,0200f4ff1c00eaffe2ffd4ffeaff0a000400f2ff1600f8ff0c00fafffcff1c00,0e000e00f6ff1400eeff100024001400f8ff06000c00feffeeff100016000600,eeffeefff8ffdafffcff30005400f4ff8a1bbaa9882de41c30a23028a26f34a1
1923,1923,0,ecffecff000010002000f2ffccffecfffaff0c00eeff2c0012003000feffeeff,22002200eaff0c002e00f2ffeaffeaffe2ffd2ff0600e8ff2c000c00fcfffcff,ecff0e0004001400deffeeff140014001600d8ff2a00eeff10001000f6fff6ff,deffeefff8ffe8fffcff0e00f4ff140086a14428da6eb6a192a9486f321ce4a9
1924,1924,0,1a00ecff1000eeff00001000ccff1c000c001c003c000c0022000200feff3e00,12000200faff0c00e2ff20000a000a00040024002600f8fffaff0c00acffdcff,0e000e001400f6ffeeffeeff0400e4fff8ffd8fffefffeffeeff00000600f6ff,10002000f8ffe8ff1e00fcffe4ff14008aa9766f041de2a8bc27a21cc4a18a28
1925,1925,0,fcff0a00000000002000f2fffcffecfffaff0c00ceffeeff3000f4fffeff1e00,d4ffe4ff1c001c00f2fff2ffdaffeafff2fff2ff2600f8ffeaffeaff0c00fcff,fcfffcff0400220000001000f4ff0400f8fff8ff0c002a003000000006000600,10000000daff54001e00ecff1400040004284c1d34a28c27986f80a274a9a26f
1926,1926,0,fcff0a000000deffd2ff2000dcff0c000c00caffeeffdeffe4ff02002e001e00,020002000c00fafff2ffe2ff0a005a0004000400e8ff2600faff2c00ecff4c00,2e000e001400f6ffdeffeeff04000400f8ff2600eeff1c00deff000006000600,1000eefff8ff1600dcff1e0014002400766f50a262a80a6f421d92a8ca272a1d
1927,1927,0,0a00fcffceffeefff2fff2ffecffecfffaffdaffeefffeff0200f4ff2e000e00,0200d4ff0c00faffe2ffe2fffafffafff2ff1400160006000c002c00ecfffcff,0e009cff04000400deffeeff14001400f8ffe8ff1c00feff0000000016000600,eeff20000600f8ffdcff3000f4ffb4ff9c1ddaa86c26b01e00a3ac27c26fa4a2
1928,1928,0,fcff0a00eeff000000000000fcfffcfffafffaff0c000c00020040003e000e00,e4ff1200faffeafff2ffe2ff0a000a00e2fff2fff8ff0600faff0c001c00fcff,0e00dcff0400f6ffeeff1000f4ff1400d8fff8ff1c00eeff20000000f6ff1600,deff48001600f8ffcaff0e00f4ff4400a0a2be260a6f64a252a80c702a1ebaa8
1929,1929,0,fcff1a0000000000100020000c00fcff0c000c000c002c0030000200feffeeff,e4fff4ffcaff0c000000e2fffaffdafff2ffe2ff260036001c000c00fcfffcff,fcffccfff6ff04001000000014001400caffe8ffeeff1c0020001000f6ff0600,00000000f8ff16001e00ecffe4ff24002aa8766f101f74a73c26221eb4a2aa26
1930,1930,0,1a003a00100010000000f2fffcff2c00daff1c000c00eeff020022002e002e00,020012003c00eaff3e00d4fffaff0a00d2ff04000600f8ff0c000c000c00fcff,ecfffcff1400f6ff100000001400f4ff2600f8fffeff1c00eeff200006004600,10000000e8ff1600fcffdcff240014007e26aa1ec4a21e26886f22a42aa8e26f
1931,1931,0,2a000a00ceff0000200000000c00fcfffaff0c000c002c00220030000e000e00,0200d4fffaff0c00f2ff2000faffeaffe2ffe2fff8ff2600fafffaffecffecff,9cffecfff6ff14001000ceff140014000600d8ffeeff1c00000000001600f6ff,1000defff8ff1600fcfffcff24001400bc6ff0a264a73a6fd21e82a838269a1e
1932,1932,0,fcff1a0030000000f2fff2fffcff0c00fafffaff1c002c00f4ff0200feff3e00,020012000c00faffe2ffe2ff0a000a001400f2ffd8ffd8ff0c000c002c000c00,0e000e001400f6ffdeffdefff4ff14000600f8fffefffeff0000000006000600,000000006400daffcaffecff4400e4ff102064a74025801fd2a3ac25b26f40a3
1933,1933,0,dcff1a00eeff0000000020000c000c00faffcafffeff1c0012002200feff0e00,d4ffe4ffeaff0c002e002e00fafffaffd2ffe2fff8ff06000c001c000c00ecff,dcffecfff6ff2200eeffeeff240004002600f8ffeefffeff000020001600f6ff,beffeeff0600caff0e001e000400e4ff30a38025da6e88a36ea7b86f521fdaa7
1934,1934,0,fcff2a000000befff2ff0000ecfffcff1c00faff2c002c00e4ffe4ffceff3e00,020012000c000c00f2ffe2fffaff4a00f2ff0400d8ff2600caff0c00ecffecff,0e002e0004001400deffdeffe4ff1400e8ff44001c00feffdeff100006004600,00001000f8ffdaff0e00fcfff4ff040004a7cc6f402066a69e248620f0a37825
1935,1935,0,0a00ecffeeff1000100020000c00fcff0c00baff2c001c00e4ffe4ff1e001e00,e4ffd4ffdafffaff000000001a00eaffe2ffe2ffc8ff06000c00faffdcfffcff,0e001e001400e6ff1000eeff140004001600f8ffeefffeff2000deff16001600,10000000e8ff46001e00dcffe4ff0400a0241020f8a3c024a86f42a400a7d26f
1936,1936,0,2a001a00000020003000e2fffcff0c00faff1c001c002c00e4ffe4fffeffeeff,12003000fafffaffe2ffc4fffaff0a00f2ffe2ff3600f8ff0c00cafffcfffcff,1e000e00220004000000deff14004400f8ffd8ff0c000c00eeffeeff06000600,5800eeff1600e8ff0e000e001400c4ff1c7000a406a62a6fd620aea68824c420
1937,1937,0,0a00ecffeeff0000d2ff1000dcffecff3c00faffeeffceff0200f4ff0e000e00,f4fff4ff1c000c00e2ff2e00faffeaff1400e2ffd8ff54000c00faffecffecff,3e000e00f6ff04000000000004000400e8ff3400fefffeff0000200036001600,beffceff4600f8ffecff1e00f4fff4ffa020c4a6a0231e21fea43c24c26f00a4
1938,1938,0,fcff0a000000deff0000e2ffdcff1c00faff1c00feffceff40001200eefffeff,f4fff4fffafffaffe2ffe2fffaff2a00e2fff2ff2600f8fffaffcaffccfffcff,dcff1e00320004000000000014001400f8ffe8ff1c00feffdeff000006001600,deff00004600baffecfffcfff4ff14006ea44a232a6f38a4aea6686f242188a6
1939,1939,0,ecfffcffeeff0000000010000c00fcfffaff0c00defffeff020002000e00eeff,1200e4fffafffaffe2ff3e00eafffafff2fff2fff8ff06000c000c002c00fcff,fcffdcfff6ff040010001000140024001600e8ff0c00e0ff0000eeffe6ffe6ff,0000eeffe8ffdafffcff0e00e4ff240034a6ec6fbc21d6a5ca224621e8a4d023
1940,1940,0,acfffcff3000eeffe2ffe2ffdcff0c00eaff1c002c01cefff4ffc6fffeff2e00,d4ff12000c003c002e000000eaff0a0014000400540016000c000c001c00fcff,9cff1e002200f6ff1000100004000400e8ff2600feff0c000000eefff6ff1600,30001000e8ff16001e00dcfff4ff1400ba22a021e8a40223b86fcea5e8a5f26f
1941,1941,0,0a00fcffdeffeefff2fff2fffcfffcff0c00daff4c000c00e4ffe4fffefffeff,0200e4fffafffaff20002e001a000a002400e2ff16000600eaff2c00dcfffcff,9cfffcfff6ff0400300030001400040044001600feff1c00000030001600f6ff,0000deffe8fff8ffecffecff240004001c70aea406a54a6f4a222ea6c422e421
1942,1942,0,bcfffcff000000000000f2ffecfffcffdaff2c002c002c00e4ff12002e00eeff,e4ff02000c000c00f2ff2e00fafffaffd2fff2fff8ff1600eaff0c00fcffecff,fcff0e00f6ff2200deff100004002400e8ff06000c00feffeeffdeff16000600,eeffeeff6400e8fffcff0e00d4ffe4ff6a2286a5522240230ea6fa21b26f18a5
1943,1943,0,fcff0a001000ceff0000f2fffcfffcff1c00faff0c000c00120002000e002e00,f4ffd4ffeafffaff2e00e2ff0a00fafff2ff04000600f8ff0c000c00dcff0c00,0e00ecfff6fff6ffeeffeeff44001400d8ffe8ffeefffeffdeffeeff06001600,eeff10000600daffdcff1e00f4ff040004a60a22ea6e46a52ea6786f702368a5
1944,1944,0,ecfffcff1000000000000000ecffecffeaff0c000c002c00f4fff4ff0e00feff,e4ff1200faff0c002000e2fffafffaff0400e2ff540006001c003c00bcff1c00,dcfffcfff6ff1400eeff0000f4fff4fff8fff8ff1c00feff3000eeffe6ff0600,deff1000f8fff8ff0e00dcffb4ffe4ff26a5cc6f022378a49621bc23a8a52422
1945,1945,0,dcfffcffeeff0000000010000c00fcff0c00fafff2fe2c00f4fff4ffeefffeff,f4fff4fffaff0c000000e2ff0a00eafff2ff1400160026000c002c000c000c00,fcfffcff040004002000200004001400f8ff2600fefffeffeeff00001600f6ff,3000eeffcaff4600fcffecff0400440050213a23b6a57c21a86f5ea638a5e26f
1946,1946,0,1a00ecffeeffeeff4e001000dcfffcffdafffafffeff0c001200e4ff1e00eeff,12000200eaff0c0020000000fafffaffe2ff1400260006003c00eafffcffecff,fcfffcff140022000000eeff04001400caff06000c00feffeeff000016001600,0000eefff8fff8fffcffecff14001400766f94a638a42a6f2c24dea44421c023
1947,1947,0,0a000a000000eeffc2ffd2ff0c00fcff2c00faff0c00e2fef4fff4ff1e002e00,1200f4ff0c000c00d4ffe2fffaffeaff1400f2ffb8ff36001c001c00fcfffcff,1e00fcff1400f6ffeeffeeff24001400e8ffd8fffefffeffdeff100016000600,3000deff1600f8ffdcff0e000400a4ff102510a4ec2030240ea7b620d26f28a6
1948,1948,0,fcffecff10002000e2ff0000dcffdcfffaff0c002c001c00f4ff1200fefffeff,e4ff0200daff1c0010002e000a00eaffc0ff0400f8ffe8ff1c000c001c00fcff,dcff0e00140014001000000004000400f8fff8ff0c000c002000eeffd6fff6ff,beff10001600f8ff0e000e0004000400c4a66020ca6e06a6eea4d86f982470a4
1949,1949,0,fcff1a0000000000f2fff2fffcfffcff0c002c00feff0c0022000200feff0e00,120002000c000c00b6fff2ff1a001a000400f2ff0600d8ff0c000c000c00dcff,0e001e000400f6ff00002000040024000600d8ff1c00eeffdeff2000f6ff0600,00001000f8fff8ff30000e00d4ff440080a3cc6f002518a43620fc23a8a64420
1950,1950,0,ecfffcff0000eeff0000f2fffcff0c00fafffaffeeff0c0002000200feffeeff,020002000c000c002000d4fffaff1a00f2ffe2ff0600f8ff0c00fafffcfffcff,0e00dcffe6ff22001000ceff2400a4ffe8ffe8fffeffe0ff100000001600f6ff,10000000daff4600fcffdcfff4ffd4ff8a1f602566a6601fb86faea7f0a3c26f
1951,1951,0,1a00dcff0000eeffe2ff0000dcfffcfffaff0c002a00f2fe02000200feff0e00,e4ff02001c000c00d4ff20001a00eaff1400f2fff8ff36000c004c003c00ecff,fcfffcff04000400deffeefff4ff1400f8fff8ffeeffeeffeeff0000f6fff6ff,4800deff060016001e000e001400f4ff866f54a728a32a6f7e259ea4221f6825
1952,1952,0,1a00fcff00001000f2fff2ffdcfffcfffaffcafffeffeeff0200e4fffeffeeff,f4ff0200eaff3c00f2ff0000faffeaffe2ff1400f8ff06000c000c00ecff0c00,fcffecff04001400200000002400e4ff3400d8ff0c00e0ff30000000f6ffe6ff,deffeeff1600f8ff0e001e001400e4ff2e2650a3201f4c26cea7921ee26f50a7
1953,1953,0,fcfffcff1000eeffd2ff00001c00dcff1c001c00eeffe0ff02004000fefffeff,020022000c00eaffd4ff2e000a000a001400f2ffd8ffd8ff0c000c00ccfffcff,fcfffcfff6ffe6ff100000000400f4ffcaff26000c00e0ffdeff30000600f6ff,ceff10001600dafffcff3000c4ffe4ff2aa8aa1e3a6f24a76ea4e86f1826c0a3
1954,1954,0,fcffbcff0000ceffe2ff1000fcffecff0c000c00e0ffeeff020002000e00eeff,f4ff12000c003c002000f2ffeaffdaffd2ff0400160006001c002c00fcffccff,fcffdcfff6ff040000001000f4ffd4ff1600f8ffeefffeff40001000d6fff6ff,deffeeffdaff06003000ecffd4ff0400d0a2bc6fac26e8a2821eac262aa86a1e
1955,1955,0,dcff0a0010001000f2fff2ffecfffcffcafffaff2a00eeff1200f4ff0e001e00,1200f4ff1c000c00e2ff2e00faff1a0004000400f8ff4600eaff1c000c002c00,0e002e00f6ff1400ceffdeff14002400f8ffe8ff0c00eeff2000deffe6ff2600,0000deffdaff16000e00dcff24002400bc1dde26a4a7901e586f72a840a3d26f
1956,1956,0,fcffecffeeff100010002000fcfffcfffafffaff48000c001200e4ffeeff0e00,1200e4fffaff0c002e00e2ff0a000a00d2ffe2fff8ff36002c00baff0c00fcff,2e009cfff6ff1400100020002400f4ffd8ff06000c00eeffeeff2000e6ff0600,2000cefff8ff0600fcfffcff4400d4ff866f6aa8c8a23a6f4c2720a32a1e6826
1957,1957,0,fcffecff10000000f2ff10000c00dcfffaff0c000c00eefff4fff4ffeeffeeff,1200f4fffafffaff2000d4ff0a00faff04000400160026001c000c00ecfffcff,0e001e001400f6ff1000000004002400e8ff26000c00feffeeff1000f6fff6ff,200010001600f8ffbaff300004001400c427c0a2401e4c27e2a8c21dd26f5aa8
1958,1958,0,fcfffcffdeff1000000020001c00ecfffafffaff0c00eeff40002200deffeeff,e4ff0200eaffeaff0000f2ff0a00faff0400e2ff0600f8ff0c000c00fcffecff,0e00ecffe6ff040010000000140014000600f8ff0c000c001000eeff0600e6ff,ceff1000f8ffdaff0e0030000400f4ff1aa90c1dea6ef4a73ca2b86fca27b4a2
1959,1959,0,ecff1a0000000000d2ff0000ecff2c00faff2c00eeff0c00e4ff30001e00feff,f4ff22001c00eaffd4ffd4ff0a000a00e2ff0400f8ffe8ffeaff0c00ecfffcff,0e000e000400040000000000d4ffe4ff1600f8ff1c000c00eeff1000f6fff6ff,eeff20000600f8ff1e00caffc4ff140096a1cc6f2c28f6a1721cbc27daa8da1c
1960,1960,0,1a00fcffeeff00000000f2ff0c000c00daffcaff0c00feff02001200fefffeff,f4ff1200faff0c00f2ff0000faffeaffd2ffd2ff16002600fafffaffdcff0c00,0e000e00f6ff1400deff10001400f4ffe8ff06000c00feff20002000e6ffe6ff,3000deffcafff8ff4000fcff040044008c1ca42862a8741c886f16aa14a2c26f
1961,1961,0,0a00fcff1000eeff0000f2fffcffecff0c000c00d0ff0c0002002200eefffeff,e4ff02001c00daff0000d4ffeaff1a0014000400460016002c00caff0c00fcff,fcff2e001400f6ff1000eeff0400f4ff16000600feff0c002000defff6fff6ff,3000ceff16001600ecfffcff0400f4ff766f5aa996a1ea6ed028c0a2721c7a28
1962,1962,0,1a00fcff00001000f2ff4e00fcff1c000c00eaff0c00d0ff400012002e00feff,020012000c001c0020002e000a00eaffd2fff2ff060036000c000c00ecffccff,0e000e000400f6ff00000000e4fff4fff8ff2600fefffeffdeffeefff6ffe6ff,eeffeefff8fff8ffdcff1e001400d4ff142996a1341c3a2992a9301bc26f64a9
1963,1963,0,fcfffcff1000eeffe2ffe2ffecfffcffeaff0c001c001c0030001200defffeff,020002001c002c00e2ff2000daffeaff0400040006002600eafffaffdcffdcff,0e000e00040014000000eefff4ff3400cafff8ff0c00feff0000eeff0600f6ff,beff10002400dafffcff1e00f4fff4ffcaa9d81b1a6f82a968a1786f442974a1
1964,1964,0,fcff1a001000defff2ff00000c00fcffcaff0c00eeff1c00300022002e00feff,f4ffd4fffaff0c002e0000001a00eaffd2fff2ffd8ffd8ff1c00cafffcff0c00,dcff0e00040004001000200014004400f8ffcafffeffe0ff000010000600e6ff,eeffeeffe8fff8ff3000fcffd4ff140036a1766f9a2946a1301b342a04aa321b
1965,1965,0,ecfffcff0000eefff2ff0000ecffecfffaff1c00eeffe0ff12001200deff0e00,22001200fafffaffe2ffc4fffaff1a00d2fff2ff16003600faffbafffcffecff,fcff2e00f6ffe6ff0000eefff4ff0400f8ff0600feffe0ffceffdefff6ff0600,10000000daff54001e00ecffe4ff34008a1a1e2a92a9041b586f26aa24a1c26f
1966,1966,0,0a00fcffdeffdefff2fff2ff1c000c00fafffaff1c00eeff020012000e00feff,2200f4fffaff0c00d4ff2e005a00faff0400d2ff06000600faff2c00dcffdcff,1e00fcfff6ff0400deff100024001400f8fff8ff1c00eeff000010001600e6ff,2000cefff8ff1600ecff1e00f4fff4ffac6fc4aa36a13a6f042a98a0761a842a
1967,1967,0,ecfffcff2000deffe2fff2ff0c00ecffaaff0c002a001c00f4ff22000e000e00,120002001c000c00d4ffe2fffaffeaffe2ff0400360026000c00eaffccffccff,fcff0e002200140010000000f4ff0400e8ff0600fefffeff1000eeff0600f6ff,deffeeff46000600fcff0e000400f4ffae2ac6a0b41a022bf6aaa01a926f54aa
1968,1968,0,0a000a001000deffe2ff2000fcff0c000c00faff0c000c002200f4ff1e002e00,0200f4ffeaff1c00e2ff3e001a000a00e2fff2ff3600f8ffeaff1c00ecfffcff,0e00ecffe6fff6ff0000100014004400440006000c00eeff10001000f6fff6ff,ceff1000f8ffdaffecfffcffd4fff4ff04abd0193a6f22aa68a0486f402ba4a0
1969,1969,0,ecfffcffeeffeeff00000000fcff0c00eafffafffeffeeffe4ff30001e00feff,120012001c001c003e00f2ffeaff0a00e2ff140026000600dafffaffccff0c00,0e00fcff0400040010002000e4ff3400f8ffe8ffeeffeeffdeffceffe6ffe6ff,00000000f8fff8ff0e00ecffc4fff4ff96a0866fc82d86a03c19942a40abe019
1970,1970,0,1a002a0000000000e2ff0000fcff0c00fafffaffeeff1c00f4ff1200feffeeff,12000200faff0c00e2ffd4fffaffeaff1400d2ff26000600faff2c00ecff0c00,0e00ecff140014000000000004001400e8ff3400eefffeffdeff0000f6ffe6ff,20000000caff16000e00ecfff4ff040090184e2b00ab6019386f78ac22a0926f
1971,1971,0,ecfffcff100000000000f2ff0c00ecffdaffeaff0c000c00400050000e00eeff,d4ffe4ff0c001c00f2fff2ff0a001a00d2fff2ffe8ff26001c000c00fcffecff,0e000e0004001400200000000400f4fff8ffe8ffeeff1c0020000000d6fff6ff,0000defff8ff0600fcff0e0014000400666f94ab26a00a6f782cd49fa018102c
1972,1972,0,2a001a0030000000e2fff2ffecfffcfffafffaff1c001c00020012001e000e00,020002000c000c00d4ffc4ff1a001a00f2ff140026000600faff1c00fcff1c00,0e001e00e6fff6ffeeffeeff44000400260006006600eeffceff00000600f6ff,eeffdeff16000600ecff30000400f4ff2c2c36a0e018c82e88ac1c17626fd0ab
1973,1973,0,ecff0a0010000000f2ff1000ecffdcfffafffaff1a012a00020030000e00feff,0200f4ff0c00daff0000e2ff4a000a000400f2ff160006001c00eaffdcfffcff,fcff2e00040004002000000004001400e8ffd8ff0c00feff000000000600d6ff,deff30004600f8ff0e000e000400d4ffc8ac50189a6e40ab549f486fa82cb29f
1974,1974,0,1a000a000000eeffe2ffe2ff0c00ecffdaff0c002c002a00e4fff4ffdefffeff,f4ff02001c000c002000f2ff0a000a00d2ff0400060036000c00eafffcffdcff,fcfffcff140004000000200004001400160016001c000c00eeff1000f6ff1600,eeff00000600f8fffcffecff04004400a09f466fd82e669f3c17082e30acae17
1975,1975,0,fcfffcff100000002000f2fffcfffcff0c00faff1c010c00120012002e00deff,d4fff4ff0c000c000000e2ff4a00faffe2ff0400360016001c000c00fcff0c00,0e00dcfff6ff0400000000000400f4ffe8ff26001c00feff2000eeff0600e6ff,2000deffbaff64001e00caffd4ff14007a17302d50ab4a18386f98ac629f526f
1976,1976,0,0a000a0010000000e2ffe2fffcff0c00eafffaff1c00feffe4ff3000feffdeff,020002001c000c00f2ff0000faffeaff1400d2ff360036000c00faff0c00ecff,fcff1e00f6ff140000001000040024000600e8fffeff0c00ceffcefff6ff0600,3000defff8ff0600fcfffcff2400d4ff166f2aad469f7a6ed82d049f5e17562d
1977,1977,0,fcffecffdeff1000e2ff1000ecffecffcafffafffeff1c00220040002e001e00,0200f4ff1c000c002e00f2fffaffeaffe2ff0400160026001c00fafffcffacff,ecff0e00f6fff6ff1000100024002400060006000c00eeffdeffeeffe6fff6ff,0000000024000600ecff1e000400e4ff922d309f2a17662f38addc16726f90ac
1978,1978,0,dcff0a001000deffd2fff2ffecfffcffdafffaff0c00eeff30002200feff0e00,e4fff4ff1c000c002e00d4fffafffaff0400e2ff260036000c00faffdcffecff,ecff0e0014001400eeffeeff14002400d8fff8ffeeff0c001000eeff0600f6ff,ceff10005400daffecff1e00040004007aadba16da6e50ac949e386f1a2eca9e
1979,1979,0,ecffecff2000eefff2ff0000fcffecfffafffaff1c00feff40000200eeff0e00,1200d4ff1c00faff0000e2fffaff0a00f2ff140036002600faff2c00ecffccff,ecfffcfff6fff6ff0000100014001400d8ffe8fffefffeff00001000f6fff6ff,0000eefff8ffe8ff3000fcfff4ff0400b09e066f56308a9e2c15182e58ad9616
1980,1980,0,fcffdcff0000eefff2ff10000c000c00caffeaff1c00feff02003000deff0e00,0200f4ffeaff0c000000f2fffaff1a00360004000600f8ffcaffeafffcffdcff,1e008cff0400f6ff1000200014001400e8ffe8ff1c00eeff1000eeff06002600,3000eeffdaff4600fcfffcff040014008c15be2e38ad0c16086f68ae9a9e526f
1981,1981,0,fcfffcffceff00001000f2ff0c000c000c000c00eeff0c000200f4ff0e00feff,1200d4fffaffeaffd4ff3e00faff0a00d2ffe2ff16001600eaff1c000c00fcff,ecff0e001400e6ffdeff0000040014003400f8ff1c001c00eeff0000e6ff0600,eeffceffe8ff1600dcfffcff44001400e66e36ae5a9eca6ea82fc49d6615f02e
1982,1982,0,0a000a0010001000f2fff2fffcfffcffcaff0c002c002c000200f4ff2e000e00,e4ff12000c001c00e2ffe2ff0a000a00e2ff0400260016000c002c003c002c00,0e000e00040014001000eeff04000400f8fff8ff0c001c0010000000e6fff6ff,0000deff5400f8ffdcff1e001400d4fffe2e709eec156c3198aefc13326f18ae
1983,1983,0,0a00dcff10001000e2fff2ff0c00fcff1c00caff0c001c0030004000fefffeff,1200f4ff0c000c000000e2ff4a000a00e2ffe2ff2600f8ffeaff2c001c00fcff,0e000e00e6ff1400deff100034000400e8ff3400feffe0ffeeff100006000600,ceff10001600cafffcff0e002400e4ffa6aeec144a6ea8ada49df86e802f7a9e
1984,1984,0,fcff0a00eeff0000f2fff2ffdcffecff0c00eaffdeffeefff4ff02002e000e00,120012000c000c00d4ffe2ffeaff3a000400f2ffd8ff0600eaff0c00dcfffcff,fcff0e001400e6ffeeff100004001400e8ffe8ff0c001c000000defff6ff0600,10002000e8fff8ff0e00fcffe4ff0400d29df66e9c31ea9d5a13bc30a8ae7e14
1985,1985,0,0a001a0000000000f2ff0000dcff0c001c00faff0c002c00220002000e002e00,f4ff0200faff1c003e0000000a00faff040014000600f8ff1c000c00dcffbcff,dcff2e00040014001000100004000400bafff8fffeff0c00300000001600f6ff,3000eeffbaff540030000e003400040050135e30e6adec14186fa8aeaa9de26e
1986,1986,0,fcfffcff000000000000e2ffdcfffcfffafffaff2c001c003000e4ff0e00feff,12000200fafffaff0000e2fffaffdaff24000400f8ffd8ff1c00caffecff0c00,0e00fcff140014001000100024000400f8ffd8ffe0ff0c00000010001600e6ff,0000cefff8ff460030001e0034000400d66e36af7a9d5a6eec30f49cbe139030
1987,1987,0,2a001a0020000000f2ff2000fcffecfffafffaff0c002c00e4ff12001e00eeff,f4fff4fffafffaff200000001a00faff24000400f8ffaafffaff0c00dcffdcff,0e00fcff1400f6ff1000eeff1400240016000600eeffe0ffceff200036002600,0000eeff0600f8ffecff400034000400ee30629d9c14dc3158af0a13026f60af
1988,1988,0,ecfffcff00000000f2ff0000fcffecfffaff0c001c001c00120012000e00feff,02000200daff0c00e2ffe2fffaff1a0014000400d8ffd8fffaff2c00ccff1c00,0e000e00220014000000000004002400d8ff34000c000c00eeff000006001600,ceff00001600caffdcfffcffc4ff2400a6af10134a6e26aed49cc86e3a316a9d
1989,1989,0,ecfffcff0000defff2fff2fffcfffcffdafffafffeff4c010200f4ffeeff0e00,020022000c00eaffd4ffd4fffafffafff2ffe2ff46000600fafffaffccff1c00,0e001e0014000400200010000400d4ffe8ff26001c000c00eeff1000f6fff6ff,deff0000f8ff16001e00ecffe4ff1400329dd66ec0327a9d6a12ec30c0af6e13
1990,1990,0,dcfffcff000010000000e2fffcfffcff2c00faff2c00eeff3000f4ff0e000e00,020002000c001c00e2ff0000eaffeaff1400040026003600eafffafffcffdcff,0e000e000400f6ff0000deff1400f4ff0600e8ffeeff0c00300010001600f6ff,2000eeffcaff06004000dcff0400240040129e3104afae13a86e8cb0fa9c606e
1991,1991,0,0a000a00200030001000e2ff0c000c002c00caffdeff1c00020040000e00eeff,12000200fafffafff2fff2fffaff0a0014001400160036000c000c000c000c00,fcfffcff04000400eeffeefff4ff14000600e8ffe0ff0c00eeff100016001600,1000eefff8ff1600dcffecff1400f4ff666e5cb00a9d4a6e4032649c8212da31
1992,1992,0,1a00fcff100000002000f2fffcff0c000c001c000c00e2fee4ff02002e002e00,1200f4ffeafffaffe2ff4c00faff0a00f2ff0400b8ff4600eafffaffdcffdcff,fcfffcff04001400eeffeeff040014002600e8fffeffeeff0000deff16000600,ceff100016000600caff0e001400e4ff8832e29cae12c0339cb0b610306e50b0
1993,1993,0,ecff0a0010000000f2ff1000ecff0c003c000c00feffeeff220002004e002e00,02000200faffdaffe2fff2fffafffafff2fff2ff2600e8fffaff1c00dcffdcff,0e009cff320004001000eeff04001400f8fff8ff2a001c00000020001600e6ff,beff30006400f8fffcff1e00e4ff14000cb10611ea6d84af149c986e0633ca9c
1994,1994,0,fcff0a0010000000f2ff2000dcfffcff0c00faffeefffeff50001200eefffeff,e4ffe4ffeafffaffe2fff2ff0a00faffb0ff1400160006000c00faff1c00fcff,dcfffcff0400f6ff200000000400f4ffcaffe8ff0c00feff2000200006000600,eeffeefff8ffe8ff1e00ecffe4ff0400c09b866e60348a9c06117033fab05211
1995,1995,0,1a001a00ceff0000f2fff2ff0c000c00faff1c000c00eeff020002002e00feff,02000200eaff0c00d4ff2e001a000a00f2fff2ff16003600faff1c002c00fcff,2e00fcfff6ffe6ffceff000024002400f8ffe8ffeeffeeff1000000006003600,10000000daff06000e000e00e4ff2400e610f832a4af4e12386edcb0529c306e
1996,1996,0,dcff2a00eeff0000f2ffe2fffcfffcff0c000c000c00eeff220002000e001e00,120012000c00eaff2e00f2ffeafffafff2fff2ff460006000c000c00fcfffcff,fcff1e001400f6ffeeffeeff14001400f8ffd8fffeff1c00eeffdefff6ffe6ff,1000eeff06001600ecffdcff3400f4ff766e6cb1fc9bea6d0234529bf2108633
1997,1997,0,1a00fcffeeff0000f2ffd2fffcfffcff1c00faff2c001c0122001200feff0e00,02001200fafffaff0000e2ff0a00eaffd2ffe2fff8ff06002c00eafffcffecff,0e001e000400140000000000240004002600e8fffefffeffeeff100016003600,eeffdeff4600f8ffecfffcffe4ffe4ffc634709bfa10de3440b21610206edab1
1998,1998,0,fcff2a0000001000d2ff10000c00fcfffafffafffeffceff400002000e000e00,f4fff4fffafffaffd4ffe2ff0a001a00140004000600d8ff0c000c00dcffecff,0e000e000400f6ff0000100014002400d8ffd8ffeeff1c000000eeff1600f6ff,deff2000f8ffdafffcfffcffe4fff4ff26b2400f046df2b0329b386e5634c29b
1999,1999,0,fcff0a002000deffe2ff10000c000c000c001c000c000c0022003000eeff0e00,e4ff0200fafffaff3e000000eaff5a001400e2ffc8ff0600faff1c00ecffdcff,1e001e000400f6ffeeff2000140024000600f8fffeff0c00eeffeeff0600f6ff,eeff1000daffcaff0e00fcffc4ff1400609b566e5e35fc9ba20e42345ab2d80f
2000,2000,0,0a00fcff10002000f2ff1000bcfffcff0c00faff2c004c00f4fff4ff0e00feff,f4ff1200eafffaffe2ffc4ff0a000a00f2fff2ff3600f8fffaffeaffccffdcff,0e00dcff04000400eeff00000400f4fff8ff34000c00feff0000eeffe6fff6ff,20000000f8ff16000e00dcffe4ff1400be0e1635e0b12410686eb0b2409b106e
2001,2001,0,2a00bcff10003000000010000c00ccfffaff1c002c00eefff4ff02000e001e00,0200f4ffeaff0c002e000000eafffaffe2ff0400f8ffe8ff0c00eaffccff1c00,0e000e00f6fff6ff0000eeff0400f4ff4400e8ffeeff0c002000300006000600,20000000060046000e000e003400e4ff366ec6b2ac9bea6df234e29ae80e2e35
2002,2002,0,0a000a001000eeff000010000c00fcfffafffaff0c000c0012001200eeff0e00,f4ff2200daffeaff0000e2ff1a00eaffd2ffe2ff46002600fafffaffecff0c00,3e009cff14000400ceffeeff14000400baffd8fffeffe0ffdeff0000e6ff3600,eeffdefff8fff8fffcfffcff0400f4ffb635009b740f6c36d0b2c20df06dbab2
2003,2003,0,fcffecff00000000000000000c000c000c00faff1c00feff1200f4ff2e002e00,1200f4fffaffeaffe2ff2e001a000a00d2ff1400f8ff36000c001c00fcffccff,1e00dcfff6ff2200ceff000004001400f8ffd8ff0c00d0ff0000eeff06001600,deff00000600cafffcff0e00f4ff240016b36e0e046d00b2c29a086e0e36e09a
2004,2004,0,fcfffcff2000eeff0000e2ffdcffecff0c00faff1c00eefff4ffe4ff1e00feff,120022002c00faffe2ff0000faff0a00f2ff2400260026000c00faff0c00fcff,fcffdcff220022000000deff0400f4ff260006000c000c003000eeffd6ff0600,eeff2000060016000e00fcffc4ff0400a09a566e2c374c9b420da23676b3f20d
2005,2005,0,ecfffcffceffdefff2ff0000dcffdcff1c00faff0c002c01120002000e00feff,f4ff12000c00fafff2ff3e00fafffafff2ff1400060036000c00faff1c00ecff,fcff0e000400f6ff1000eefff4ffd4fff8ff0600eeff1c000000eeff06000600,1000eeffdaff16003000baff14000400520d7236c6b2540f286e80b3909ab06d
2006,2006,0,0a001a00eeff00002000f2ffecfffcff0c001c001c00eeff2200f4ff0e000e00,02000200fafffaffd4ff3e000a001a00e2ff1400260026000c00eaffdcff0c00,0e000e0004000400eeffceff040024000600d8ffeefffeff10001000f6ff1600,3000deffdaff0600fcff0e001400e4ff9a6d76b3fc9ae46c02379e99300d9e36
2007,2007,0,fcff1a00100020000000f2ffecffecffdaff2c000c000c00f4ff30001e00feff,020002001c001c002000f2ff0a000a002400e2ff260006000c00faffdcffacff,0e000e00040004000000deff1400f4ff0600d8ffe0ff0c002000100006001600,0000eeff1600daffdcff0e000400d4ff8237609a860eac3762b4120db06d66b4
2008,2008,0,dcfffcff1000eefff2fff2ffdcff0c00cafffaff3c015c01e4fff4fffeff1e00,f4ff12001c001c00d4ffe2fffafffaffe2ffe2ff06000600caffcaffdcffdcff,fcfffcff14000400eeffeefff4ff0400e8ff3400feff0c0000002000e6ffd6ff,deff58006400dafffcff0e00b4ff140074b4820cb46c5eb5de99666d2637109a
2009,2009,0,ecfffcff1000000010004e00dcff0c000c00faff0c001c00e4ff1200eeff0e00,f4ffe4ff0c000c00d4ffe2fffaff0a00e2fff2ff460046000c000c00ecff0c00,ecfffcff14001400000010000400f4ffcafff8fffefffeff10001000e6ff0600,eeff1000cafff8ff30001e00b4ff1400c6997a6d0239ac9ad20b1237aeb4080c
2010,2010,0,fcfffcff0000eeff1000f2ffecfffcfffafffaff0c00eeff220002000e002e00,1200d4ff0c000c00f2ff00001a00eafff2ff1400360036000c000c001c00bcff,3e000e0004000400000000001400f4ff3400f8ff0c00eeff00000000f6ff1600,2000eeffbafff8ff1e00ecffe4fff4ffce0b2838feb5980a766d92b5009a606d
2011,2011,0,1a000a00eeffeeff0000f2ffdcff0c000c001c00f2fe0c00120002002e000e00,1200f4ff0c000c00e2fff2ff0a000a00f2fff2ff460036000c000c000c00ecff,0e00fcff0400140030000000140024000600f8ff0c00feff00001000f6fff6ff,1000cefff8ff0600fcff0e00f4ffe4ff3a6d64b5469a866cb6386e99780bc637
2012,2012,0,fcff1a0000000000e2ff1000dcffecff1c00caff1c00eeff120030001e000e00,f4ffe4fffaffeafff2ffe2ff0a00faff14000400d8fff8ffeaff1c00dcffdcff,0e001e0004000400eeffeeff140014001600f8fffeff0c00000000000600f6ff,eeff00001600f8ffcaff1e000400b4ff68389699580a423982b5520a306daeb5
2013,2013,0,ecfffcff0000000020000000fcffecfffaff0c000c000c00120002002e00feff,e4ff0200faff1c003e000000faffdaff1400c0ffaafff8ff2c000c00ccffdcff,fcff0e00140014000000defff4ff0400e8ffd8fffeff0c00eeff20001600f6ff,ceff100006000600fcff0e00e4ffe4ff70b63e0b946c2eb63e99e86db838a099
2014,2014,0,0a000a00eeffdefff2ff2000fcff1c00faffdaff1c010c00e4fff4ff0e002e00,12000200faffdafff2fff2fffaffeaff24000400e8ff16002c000c001c00ecff,1e000e0004001400eeffeeff140014000600f8ffe0ffe0ff0000eeffe6ff0600,00000000caffe8ff0e00ecfff4fff4ff66994a6d183a6e99220a56393eb6ac0a
2015,2015,0,fcfffcffdeff00001000e2ffdcffecffcaff0c00feff4c010200e4ffeeffeeff,120012001c000c00e2ffd4fffaff0a00f2ff24002600e8fffafffafffcffecff,1e001e0014000400eeff00001400240034000600feff1c00eeffeeffe6ff0600,20000000e8fff8fffcffaaff04000400940958399ab76209266db2b51099006d
2016,2016,0,fcff0a0000002000e2fff2fffcffecfffafffaff1c002c0002001200feff1e00,0200e4ff0c00faffe2ff2e00faffeaffe2ffd2fff8ff16000c00faffbcffecff,1e000e00040014000000deff140014000600f8ff1c001c0000003000f6ffe6ff,1000ceffdaff1600fcffecff0400e4ff2a6dd0b64e99466c46399e988c09c839
2017,2017,0,2a001a00100000001000f2ffdcff0c00daff0c00feff0c000200f4ffbefffeff,f4ffd4fffaff0c00f2ff00000a00eaffd2fff2ff0600f8ff0c000c002c00ecff,1e000e00f6fff6ff00000000f4ff14000600f8fffeff1c002000eefff6ff0600,eeffeefff8fff8ffecff3000f4ffc4ff123af6988208063b14b74e09b06c9eb6
2018,2018,0,ecffdcffeeffdeffd2ff2000fcff0c00fafffaff2c01feff02000200feff0e00,2200f4ffeafffaff0000e2ff0a000a00f2ffd2fff8ff06000c002c000c00dcff,dcff0e00e6fff6ffeeffdeff04002400f8fff8ff0c00eeffeeff100016000600,eeff1000e8ffcafffcff1e000400f4ff60b71409e66b0ab84e98c66c383af098
2019,2019,0,1a00fcff100000000000f2ffccff1c000c000c001c00ceff1200e4ffeeffdeff,120012001c000c00f2ffe2ffbaff0a00d2ff1400360016002c00eaffdcfffcff,dcff0e001400f6ff0000ceffe4ff1400f8ffe8ff0c001c000000cefff6fff6ff,eeff2000060006001e00ecffa4ffe4ff8698ea6c763bd0986e081a3a56b7c208
2020,2020,0,1a001a000000eefff2fff2ffecff1c00fafffaff2c000c00e4ffe4ff2e00feff,02001200faff0c00e2fff2ff0a00eaff1400e2ff1600e8fffafffaffecfffcff,1e000e000400140030001000140014000600e8ff2a000c00300010001600f6ff,1000eeffdaff16004000ecffe4ff14005408b23adab74208966c48b8a098a06c
2021,2021,0,ecff1a00eeff0000f2fff2ffecfffcff0c000c00eeff2c000200d4ffdefffeff,f4ff02001c000c00e2ffe2ffdafffafff2ffe2ff16001600faff0c00ecff0c00,0e001e0004001400eeffeefff4ff1400f8ff0600eeff1c001000defff6ffe6ff,0000ceffe8ff16000e00fcff0400c4ff9a6c16b86098166c3a3b3e98b2073a3b
2022,2022,0,0a00fcffeeffeeff00001000ecff2c00fafffaffeeff0c00c6ffe4ff2e00deff,2200f4ffeafffafff2fff2fffafffaff04001400d8ff06000c000c00fcfffcff,4e001e00f6fff6ffeeff1000140014002600e8ff1c000c0000000000f6fff6ff,100010000600e8ffcaff0e000400e4fff23a56981207b63bc4b7ca06b06c06b8
2023,2023,0,fcff0a00eeff0000f2ffe2ffecffecffdaff0c00f2fe2c00f4ffe4ffeeff0e00,f4ff1200faff0c000000f2fffaff0a00e2fff2ff2600f8fffaffeaff0c00ecff,dcff2e00140014000000defff4fff4ffd8ff0600feff0c0020000000f6ff1600,beff30001600daffecfffcffe4fff4ffa6b84407a66b0ab9ea97a66cfa3b3e98
2024,2024,0,fcff0a000000100020002000dcfffcff0c000c001c001c0022001200feff0e00,1200f4ff0c000c00d4ffe2ffeaff0a00f2fff2ff0600f8fffaff0c001c00fcff,1e001e001400f6ff1000000014000400e8fff8ff0c00feff000030000600f6ff,00000000f8ff06001e00fcffe4ff14003698366cc63c40989a067c3c98b87207
2025,2025,0,fcfffcff1000eeff10000000ecff0c00faffcaff2a002a00f4ff1200cefffeff,120012001c000c002e00f2fffaff1a00f2ff2400060016001c00eaffdcff1c00,0e000e00f6ff22000000deff04000400f8ff26001c000c0020000000f6ff1600,1000deffcafff8fffcffdcfff4ff14004406863c8ab9a605a66cc8b8fe97d86b
2026,2026,0,fcffecffbeff0000c2fff2fffcffecff0c00faff2a001c00020012000e001e00,12001200eaff0c002e00e2ff0a000a0014000400d8ff54000c000c00fcffecff,2e000e00f6ff1400eeff000024001400260006002a00feff30003000e6ff1600,0000eeffdaff0600ecfffcff340004007a6c36b92098a66bcc3c3a97f0055a3c
2027,2027,0,ecfffcffeeff00002000d2fffcfffcfffaff0c000c000c00020012002e002e00,f4fff4ff0c001c00e2ffc4ffeaffeaffe2ff0400e8ffd8ffeaffcaffecffdcff,fcff0e00040004001000defff4ffe4ffd8fff8ff1c000c001000eeffd6fff6ff,deff00000600f8ffcaffecff1400a4ff263d80972605963d68b90a06d86b98b9
2028,2028,0,0a00bcff1000eeffd2ff1000ecffdcff0c001c001a010c00e4fff4ff1e002e00,f4fff4ff1c000c002e002e001a00daff0400e2fff8ff36000c001c002c00ecff,1e00fcff140022001000100014001400e8ff06000c00feffeeff0000e6ff0600,eeffeeff1600dafffcff0e00e4ffd4ff10ba1805666ba6ba0a97366c723d8e97
2029,2029,0,fcff0a000000000010001000bcffecff0c001c000c00fc0012001200fefffeff,f4fff4fffaff2c002e00d4ff0a001a0014000400f8ffe8ff0c00faffecffdcff,0e00fcfff6ff14001000eeff0400140034001600feff1c0000002000f6ff1600,eeffeeffe8fff8ff0e00fcffe4ffe4ff3097786b323ec097ac042c3df8b92005
2030,2030,0,fcfffcffeeff000000000000fcff0c001c002c002a01eeff12000200feffeeff,1200f4fffaff0c002e00e2ffeafffaffd2ff14002600f8ffeaff2c00dcfffcff,1e000e00f6ff140010002000e4ff0400e8ff26000c00eeff0000eefff6ff2600,30000000daff0600fcffcaff04002400a804c63d16bbc603366c4cba8e97b86b
2031,2031,0,0a001a00eeff200010000000dcffecff2c00daff2a000c00e4ff0200ceff0e00,0200f4ff3c000c00e2fff2ff0a00eaff0400f2ff360006000c00faffecffccff,1e00dcff04000400eeffcefff4ff1400d8ff06000c000c000000eefff6ff0600,1000ceffe8fff8ff1e00dcfff4ff1400486b80ba9097366b4c3e2a977804c23d
2032,2032,0,ecffecff10001000d2fff2fffcfffcfffaff1c001a012a011200e4ff1e00deff,d4ff0200fafffaff2e00f2fffafffaff0400e2ff06000600eaff0c00dcffecff,0e00dcfff6ff1400eeffeeff14000400060006000c00feffeeffeeff26000600,deffeefff8fff8ffcafffcff1400a4ff823e30972603923efcbafa02a86ba8ba
2033,2033,0,ecffecff00000000f2ffe2ff0c00fcff0c00faff3801feff30000200feff1e00,22001200faffeaff2e00f2fffafffafff2ff1400260026000c001c00dcffdcff,1e000e001400f6ff1000000014002400e8ffe8ff0c000c00eeff10000600f6ff,deff10006400caff0e001e00f4ffe4ffe0ba3203166bd6bbaa96166c523e0e97
2034,2034,0,fcff1a002000defff2ff1000dcffecff0c000c002a001c00120012001e00feff,1200f4fffaff1c00f2ffd4ffeaff0a00f2fff2ff3600e8ff0c001c00ecff1c00,1e00dcff040014000000eeff1400f4ff0600f8ff0c00eeff20002000e6fff6ff,eeff3000e8ffe8ff4000ecffd4ff04000097286b423f6097aa024c3f28bbc803
2035,2035,0,ecfffcff1000000010000000fcffecff0c002c00e0ff2a0002000200eeff2e00,2200f4fffaff0c002e00e2ff0a00eaff14000400260016002c000c00ccffccff,0e00dcffe6ff14001000100014000400e8fff8ff0c000c00deffeeff0600f6ff,eeffeeffe8ff54000e00dcff040024007202f23ea4bcd802266cecbaa696686b
2036,2036,0,dcff1a00eeff0000000000000c00fcffdaffeaffeeff1a0102004000feffeeff,e4ff12000c001c00f2ff2e00faff0a00e2ff0400060046000c000c00fcff0c00,2e001e00140014001000eeff040014000600f8ffeefffeffeeff0000f6ff2600,eeffbefff8ff1600ecfffcff04000400e86aa0bb4097b66aac3f8a96e8020a3f
2037,2037,0,1a001a000000200010001000ecfffcfffaff0c000c000c00120012002e00eeff,02001200faff2c00b6ff2e000a001a00e2ffe2ff0600e8ff1c000c00ccfffcff,2e001e00f6ff2200000000001400040034002600fefffeffeeffdeff0600f6ff,00000000f8ff0600baff0e00f4ffa4ff1840b096d20152402ebc5a02186b1abc
2038,2038,0,0a00dcffeeff10001000e2ffdcfffcfffafffafffeff0c00d4ff1200deffeeff,0200f4ffeafffaff3e00f2ff0a001a00f2ff0400060054000c00daffccff1c00,1e002e001400f6ffeeff1000f4ff04000600d8ffeeff0c00eeff10000600f6ff,deff20001600caffdcff0e000400c4ff34bd0202866ae4bcda95866bca3f5696
2039,2039,0,2a002a000000deff1000f2ffecffecffcafffaff2a00fefff4fff4fffeffeeff,220012001c00eaff2e002e000a00faff140014002600e8ffeafffaff1c003c00,0e000e0004001400000000001400f4fff8fff8fffeff2a00eeff000006002600,ceff1000f8ffe8ff3000ecffb4ff04009096c86a824082969601404012bdec01
2040,2040,0,0a000a00eeffeeff00001000ecfffcff1c00faff0c00eeff0200e4ff0e00deff,1200f4ff0c001c00e2ffe2ff0a00faffd2ff1400360036000c000c00ecfffcff,fcfffcff04000400eeff100014001400d8ffd8ffe0ffeeff0000eeff1600f6ff,1000eeffe8ff06004000caffe4ff2400d800b84084bd3201c66baebd16968c6a
2041,2041,0,fcfffcff0000defff2fff2fffcffdcfffaff0c000c001c00f4ffd4ff0e001e00,e4fff4ff0c000c00f2fff2ff0a000a00e2ff140026002600fafffafffcffecff,0e00fcff04001400eeffeeff0400f4ffd8ff1600e0ffeeffdeff40003600e6ff,1000ceff06001600ecffdcff0400f4ff686a94bd4496166af0403a962c010c41
2042,2042,0,fcff0a00000000000000d2ff2c00fcffeaff0c001c00eeff2200f4ffdefffeff,e4fff4ff0c00faffe2fff2ff0a00faffe2fff2ffe8fff8ffeaff0c000c00fcff,0e000e00f6ff14000000eeff14002400d8ffe8ff2a001c00eeffeeff1600f6ff,0000eefff8fff8ffcafffcff0400e4ffc8403e964400e4417ebdf4ff5c6a62bd
2043,2043,0,fcfffcff20000000f2ff2000fcfffcffcaff0c000c00eeffd4ff1200eeffeeff,020012000c000c000000e2ff0a00eafff2fff2ff46003600eaffeaffecffccff,fcff0e0004002200eeff1000f4ff2400f8fff8fffeff1c0000001000f6ff1600,ceff3000f8ffdaff1e000e00e4fff4ff30be3800e66924be2a95666bdc410696
2044,2044,0,ecff0a0010001000f2fff2fffcffccfffafffaff2a002a00f4ff0200eeffeeff,020002000c000c003e00f2fffaff0a00040004003600f8ff0c001c001c00ecff,fcff1e0014001400eeff0000f4ff0400d8ffd8fffefffeff00002000f6ff0600,deff1000daffdaff1e00ecffd4ff0400d295286a3442049650ff444262bedaff
2045,2045,0,ecffbcffeeff1000e2ff2000fcfffcff0c000c00eeff1c00020012000e00feff,f4ff0200fafffaffe2ffc4fffaff0a000400e2ff060006002c000c002c001c00,0e00fcff220004000000eeff14001400e8ffcaffeeff0c00eeff000006001600,10001000cafff8ff0e00dcffd4fff4ff80ffb84122bfa6ff866a8ebda6955c6a
2046,2046,0,dcff0a000000eefff2ffe2ffecffecff1c00eaff2a000c001200f4ff0e00feff,e4ffe4ff1c000c00f2ff0000faff1a00f2fff2ff060026001c000c00ccffecff,0e00fcff04001400deff100014000400e8ffcafffefffeffeeff2000e6ff0600,1000eeffe8ff54000e00ecffe4ffd4ffbe69f0be3496d6693442fa942affec41
2047,2047,0,1a00dcff20001000e2fff2ff0c00fcff0c002c001a012a00e4ff4000eeff0e00,220012000c001c00e2fff2ffdaffdafff2ff0400460036000c000c00fcffdcff,fcff1e00f6fff6ff2000100004000400e8ffe8fffeffe0ff20002000e6ffe6ff,eeff000016000600dcff1e000400c4ff7242929566fe9442febe10ffdc69fabe
2048,2048,0,fcfffcff10000000f2fff2fffcffccfffafffaff2a00feff120030000e00ceff,120002000c00faff00000000eaff4a00e2ff0400f8ff16002c000c00ccff0c00,2e00fcfff6ff140000002000040014000600baff0c00e0ff4000eeff0600f6ff,deffeeff0600daff1e0030001400e4ff16c050fe626942bfba948269f8424695
2049,2049,0,ecff1a00eeff000010000000ecfffcffcafffaff2c004800f4fff4ff0e00feff,f4ff12000c00eaffd4ffe2fffaff0a00f2ff040036004600caff0c001c000c00,9cfffcff140014000000200024002400baff0600feff0c00eeffeeffe6ff3600,eeff10001600daff0e00ecffb4ff240072959e695443e495e0fdb4425abff2fd
2050,2050,0,ecffecffeeff0000e2fff2ffdcff0c00faffcafffeff2c00f4ff22002e000e00,f4ff12000c002c00e2ffd4fffaff0a00e2fff2ff060006000c00faffdcffccff,0e000e00f6ff0400200010001400f4ff1600f8fffefffeff0000beff06002600,0000ceffcaff46000e00baffe4ff140040fe524310c0a8fda26912c00695cc69
2051,2051,0,0a00fcffeeff10002000f2ffdcfffcffdaff0c002c010c0022000200feffeeff,e4ff02001c000c00f2ff00000a000a00e2fff2ff060054000c000c00ecff0c00,0e000e0004003200deff100024002400caff0600feff0c00eeff20000600e6ff,2000deff06002400fcff0e001400c4ff4c6946c0a4952269c643da9472fd6843
2052,2052,0,1a00fcff00000000f2ff2000dcffecfffafffaff0c011c01e4ff02000e00eeff,12001200dafffaff2e00d4fffaff1a001400e2ff06002600fafffaffdcfffcff,0e00fcff0400140030001000f4fff4ffd8ffe8ff0c00e0ff000030000600f6ff,0000000006000600dcff1e002400d4ffc243b4948afcc243a2c070fc7c699cc0
2053,2053,0,fcfffcff00000000f2fff2ffecffecffcafffaff1c010c0112000200defffeff,020012001c00eaffe2ffe2ff0a001a000400040036004600eaff0c00ccff2c00,0e002e0004001400eeff000014000400f8ffe8ff1c00feffceffcefff6ff1600,deff20002400dafffcfffcffd4ffe4ff16c114fd3269d0c0aa9492694844d694
2054,2054,0,ecff0a00eeff10000000e2ff1c00ecffdaff0c002c000c00500002000e00deff,0200f4ff0c00faffe2ff2e00fafffafff2ff04001600d8fffaffeaffecffdcff,0e00fcff040032001000000014001400e8ffcafffefffeff0000deff1600f6ff,ceff30000600f8ff1e001e00c4ff240084941c699244549590fc0645ecc06afc
2055,2055,0,0a000a0010001000f2fff2ffecfffcff1c00caff4c00eeff02000200feffdeff,02000200faff0c00f2ffd4ff1a00fafff2ff0400260036000c002c00ecffecff,0e001e00140004000000000014001400e8ffbaff0c000c002000eeff16001600,00001000caff16003000cafff4ff240074fc2a45a0c10afc2269a2c07e943c69
2056,2056,0,fcffecff00000000f2fff2ffecff0c00daff0c001c001c00020030001e00deff,1200e4ff0c000c00d4ff2000fafffafff2fff2ff1600f8ff0c00fafffcffdcff,fcfffcffe6ff1400eeff000044000400f8ffe8fffeff0c003000000006001600,1000deffdaff06001e00fcfff4fff4ff0c69a6c13495526846457a94cafbe044
2057,2057,0,fcff0a0000000000e2ffe2ffecfffcffbafffaff3c012c00e4ff1200feff1e00,12000200faff0c00e2ffe2ff0a00eaff0400f2ff260036001c00faffccffccff,fcff0e0022000400deffeeff1400f4ffd8ffd8fffefffeff0000eeff1600f6ff,eeff100006000600baff30000400e4ff164616948afb224592c16efbfc689cc1
2058,2058,0,fcffecff10002000c2fff2ffecffecfffaff9afffeff0c0002003000feff1e00,02000200faff2c0010002e00fafffaff0400c0ff260016002c00daff0c00ccff,3e008cff0400140010000000f4fff4ffcafff8ffeeffeeff0000eefff6fff6ff,deff00001600daff0e004000f4ffd4ffe0c2a2fa7268e0c13a94a268c0455e94
2059,2059,0,ecff0a002000eeff20000000ecfffcfffaffeaffdeff2c01e4fff4ffceff0e00,0200f4ffeaffeaffd4ffd4ffdaff0a001400f2ff360036000c00faffdcffdcff,0e002e001400040000000000d4fff4ff060006001c00eeffeeff0000e6ff0600,00002000e8ffe8ff0e00fcffd4ff2400b6937c684046a4947efa56458cc24afb
2060,2060,0,ecffecff00003000f2ff0000ecffecffdafffaffceffeeff120012002e000e00,12001200faff0c000000f2ff0a00daffe2ff3600160006000c00fafffcffbcff,1e001e0004002200eeffeeff04001400d8ffe8ffe0ffeeffeeffdeff06001600,10000000caff46000e00dcffd4ff440002fa5646fec29afa8268a2c32e948268
2061,2061,0,1a00fcffeeffeeff00000000fcfffcff0c00faff1c001c00e4ff1200feff0e00,f4ff0200fafffafff2fff2ffeaff0a00f2ffe2ff360046000c001c00fcfffcff,1e000e0004001400eeffeeffe4ff1400d8ffd8ffeeffe0ff3000deff06001600,3000eefff8ff06000e00ecff240014003c68f0c274941068c4462a94c8f99046
2062,2062,0,fcff0a00eeffeefff2ff0000fcffecfffaffcaff2c00eeff12000200eeffeeff,02001200eaff1c00d4ffd4fffaff0a00d2ff040026003600fafffaff1c00dcff,0e00dcfff6fff6ff100010002400f4ffcafff8ffeeff0c002000defff6fff6ff,eeffdefff8ffcaffecff30000400b4ff1647869386f92e47e4c3daf8226858c3
2063,2063,0,1a00fcff0000eeffe2ffe2ffecff0c000c00faffeefffefff4ff1200eeff0e00,f4ff02000c00faffe2ffe2fffafffafff2ffb0ff06001600faffeaff0c00dcff,0e00fcfff6ffe6ffeeff100004000400060006001c00feff1000deff16001600,deff3000f8ffcaffecff1e00f4ffe4ffb0c3f8f8906742c3589392682247de93
2064,2064,0,fcff0a000000eeff000030001c000c00fafffaff0c000c0002000200eeffeeff,f4ff1200daffeaffe2ffe2fffafffafff2ff0400060074000c002c00fcffecff,0e001e00f6ff0400000000001400f4ff0600f8fffeff1c000000eeff0600d6ff,ceff580016000600fcfffcffd4ff340066931c68ce4654947af8a447e8c3e8f8
2065,2065,0,ecfffcff00000000f2fff2ffecfffcfffafffaff0c00ceff0200e4ff2e00feff,f4ffe4ff1c00faff2000e2fffaffeafff2ffe2ff36004600fafffaffdcffacff,1e009cff04000400eeffeeff140044000600f8fffeff0c00ceff1000f6ff1600,20000000daff06003000ecffc4ff240016f81c4892c416f9de6734c4ce93f267
2066,2066,0,fcffecff10001000f2fff2ffdcfffcffcafffaff0c002c0012001200feffeeff,f4ffd4ffeaffeaffe2fff2ffeafffaff0400f2ff260006000c000c00fcff1c00,2e001e00f6fff6ffeeffeeff240014002600e8ffeeff0c003000eeffe6fff6ff,1000beffcaff46001e00fcff2400f4ff766750c43494406718483893d6f70248
2067,2067,0,fcfffcff00002000e2ff00000c00ecfffaff0c001c001c00f4ff4000eeff2e00,22000200eafffaffe2ffd4ff0a00faff1400040036001600faff1c00ecffdcff,1e00fcff14000400eeff000014001400f8ffd8fffeff1c000000eeff0600e6ff,2000deff0600daffdcff0e002400e4ff4c48269340f84e47d0c59af8b26778c4
2068,2068,0,1a00fcff0000000020000000dcfffcff1c00dafffeff2c004000f4ffeeff0e00,e4fff4ff0c000c00e2ff2e00faff0a00e2ff0400160016000c00caffccffccff,fcff1e00220014003000eeffd4ff2400160006000c000c0000000000f6fff6ff,deff30001600daffdcfffcffd4ffe4ff78c5b6f70067c2c448933e6782489e93
2069,2069,0,fcfffcff2000eefff2ff0000fcfffcffdaffcaff0c001c00f4ff02002e001e00,12001200fafffaffe2ff2e00faffeaff1400f2ff06003600faffcaffdcfffcff,0e001e0014000400000010001400f4ff3400f8fffeffeeff00001000f6ff0600,eeff1000f8ffdaff0e001e00e4ff1400f69216673e48049436f7884860c596f7
2070,2070,0,fcfffcff000010000000f2ffdcfffcfffafffaff0c001c0012001200eeffeeff,1200f4fffaff0c00f2ff2e00dafffafff2ff04003600f8ff0c00eafffcffdcff,fcff0e000400f6ff0000eeff1400f4ffd8ffd8ffeefffeff0000300006001600,deffeeffdaff16003000dcfff4ff1400e0f6ec48d0c520f74e67e0c65e936267
2071,2071,0,1a00ecffceffdefff2ffe2fffcff1c00eaff0c00feffeeff30000200eefffeff,22000200faffdaffe2fff2ff1a00fafff2fff2ff360026002c000c00fcfffcff,0e001e0014000400deff00000400f4ffd8ffd8ff0c00feffdeffdeff36003600,2000ceffdafff8ffdcffecff1400f4ff16676cc604949266e84808936ef6ec48
2072,2072,0,0a00dcff00001000000010000c00dcfffaff0c001c011c00120030000e000e00,220012000c00eafff2ffe2ffeaff0a0004001400060016000c001c00ccff1c00,ecffdcff220014001000eeff14002400f8ffd8ff1c001c00eeffeeffd6ffe6ff,0000000016000600ecfffcff0400d4ff6c49f692b0f6ae4850c6e6f51267f0c5
2073,2073,0,ecff0a001000000010001000ecff0c00cafffaff4c000c00f4ff3000eefffeff,f4ff02000c001c000000e2ff0a00faffe2fff2ff36000600faffeaffdcffdcff,0e001e00f6ff0400deff100004001400aaffd8ff0c00feff000000000600d6ff,deff10001600daffecff300014000400ecc670f692669ec6e8921e679c49f292
2074,2074,0,bcffbcff10000000f2ff0000ecffdcfffaffdaff2c002c00120030000e000e00,f4ff0200eaff0c002000d4ffeafffaffe2ffc0fff8ff1600faffcaffecffdcff,ccff1e001400f6ff2000eeff04002400f8ffcafffeffe0ffeeffeefff6ffe6ff,ceff1000e8ffdaff3000fcfff4ff0400c692b666fe48e49326f62e4ae8c69ef5
2075,2075,0,fcff0a000000eeffd2ff10001c00fcfffaff2c000c00eefff4ff0200eeff2e00,12000200fafffaffd4ffe2ffeafffaff1400d2ffe8fff8ff0c000c00ecffdcff,1e00dcff0400f6ffdeff1000e4ff140016001600eeff1c00eeff000006001600,1000defff8fff8ff1e00bafff4ff4400d4f4564abec6a2f53e66e0c6d292d266
2076,2076,0,fcffecff10002000e2ff2000fcfffcffeafffaffeeff0c0002000200eeffeeff,f4ff22000c000c00f2fff2ffeaffeaffe2fff2ff54002600eaffcaffdcff0c00,fcfffcff140032001000eeffe4ffd4ffd8fff8ffeeff0c000000eefff6ff0600,1000eeffdaff16001e00caff0400d4ff8666acc7d49332661e4ab8922ef50a4a
2077,2077,0,ecfffcffeeff000000001000ecffccff0c000c002c002c0012001200ceffeeff,f4ff1200faff0c0000000000eafffafff2ff0400e8ff3600faff1c00dcff1c00,1e00fcff0400040000000000f4fff4ffe8ff06001c00feff0000300006000600,0000deff0600dafffcff0e002400e4ff864ac69202f5344a34c836f54c6638c7
2078,2078,0,fcfffcff1000eefff2fff2ffecfffcfffaff0c002c004c00f4fff4ffeeff0e00,f4fff4ff0c002c003e00f2ff0a001a00f2ffe2ff06000600faff0c00ecff0c00,fcff2e00040014000000000004001400d8ffd8ff0c000c00eeff0000e6ffe6ff,beff10006400e8fffcff0e000400d4ff62c8c8f30266aec798926e66b24ac292
2079,2079,0,fcff0a00000010003000f2ff1c001c001c002c001c000c00120002000e00eeff,1200e4ff0c000c00d4ffe2ffeaff0a000400e2fff8ff3600eaff0c00ecffbcff,fcff1e001400f6ffeeff0000e4ff240034000600eeffeeffeeff200006000600,10000000f8ffdafffcffecff0400040086922666c44a6693b6f3fe4ac2c8f6f3
2080,2080,0,fcff1a00100010000000e2ffecffecffdaffdaffeeff0c001200f4ff2e00deff,02001200fafffafff2ffe2fffafffaff040004002600f8fffaffcaffecffecff,0e00ecff3200040000000000f4ff24000600e8ff1c001c0020000000e6fff6ff,10003000e8ff16003000dcff0400140048f3c84b3cc8e4f31e6664c98292b065
2081,2081,0,2a00ecff00001000f2ff10001c00fcff2c000c001c001c000200f4ff2e00feff,020002001c00fafff2ff00004a00eafff2ffe2ff360036002c001c00ecffdcff,0e00fcffe6fff6ff0000100014002400f8fff8ff0c00feffeeff1000f6ff0600,1000ceffe8ff16001e00fcff140004009a6552c94693b465ee4b5892caf23e4b
2082,2082,0,fcffecff000020003000f2fffcfffcff1c00faff0c002c00120030000e00feff,120002000c00faffe2ff2000eaffeaffd2ffe2ffe8ff06000c00eaffdcffecff,2e000e0022000400deff0000140014002600d8ff0c00eeffeeffeeff0600f6ff,0000eefff8fff8ffecff1e0014000400484c4692c4f3944b74c9b0f190651cc9
2083,2083,0,fcfffcff0000eeff1000f2ffecff0c00faff0c002c01f2fee4ff02002e003e00,f4fff4fffaffdafff2ff2000faff0a0004000400f8ff36001c00faffacffecff,0e000e00040014000000eeff04002400f8ff1600e0ffe0ff00000000c6fff6ff,eeff1000f8ffdaffecff0e00f4fff4ff2cca88f204653cc93692ce658e4c5292
2084,2084,0,fcffecff0000deff10000000ecff1c00daff0c00defffeff02002200feffceff,120012000c00eaff0000d4ffdafffaff04001400260026001c00eaffccffecff,fcfffcff14003200eeffcefff4ff0400d8ffe8ff0c001c0000000000f6ff1600,eeff0000f8fff8ff0e00ecffb4ff24005692aa65824c269334f28e4cbcc934f2
2085,2085,0,0a002a00200010001000d2ffecff0c000c00faffeeff2c00400022002e00feff,1200d4ff0c001c0020003e00fafffaffe2fff2ff160036000c00eafffcfffcff,0e000e00140014001000200004002400f8ffcafffeffe0ffeeff2000e6fff6ff,3000eeffe8ff1600fcffecfff4ff14004ef11c4dfcc9b4f25e6594c952922065
2086,2086,0,fcfffcff0000eefff2fff2ff1c000c001c000c00feff2c00220040000e001e00,f4ffe4ffeafffafff2fff2fffafffaff04000400260006000c00eaffecffccff,0e000e00040014000000deff1400e4ff16002600d0ffeeff0000000016001600,1000eefff8ff1600fcffecff240004001a65cccac692b464fe4cc29174f1d64c
2087,2087,0,1a00dcffeeff1000f2fff2ff1c00fcfffafffaffdeff3c012200f4ff2e00eeff,3000f4ff0c001c00e2fff2ff0a001a00f2ff0400f8ff06002c00eafffcfffcff,1e001e0014000400eeffeeff04000400f8fff8ff0c00eeffeeff0000d6fff6ff,0000000016000600caff3000140004007c4ddc9128f0d24c28cb40f100655cca
2088,2088,0,ecfffcff00001000e2ff0000fcff1c00faffdaff1c004c003000e4fffeff0e00,f4ff0200fafffaff000000001a00faff0400e2ff1600d8fffaff0c00dcffecff,fcfffcff140004001000000004001400caffcaffe0fffeff10000000f6fff6ff,ceff10005400dafffcff1e000400d4ff1ccbeef05464accac2915064464d3292
2089,2089,0,fcffecff0000100000001000fcfffcfffafffaffeeffeeffe4ffe4ff3e000e00,e4fff4fffafffafff2ff0000fafffaff0400e2ff260006002c002c00fcffdcff,fcfffcff140004001000000014001400f8ffe8fffefffeff00001000f6fff6ff,deff4800e8ffe8ff1e00fcffc4ff1400ac91ba64324d809250f0ce4da8cb1af0
2090,2090,0,fcff0a00000010000000f2fffcffecfffafffaffceff1c00f4ff02001e000e00,120002000c000c000000f2ff0a00faffe2fff2ff06002600faff1c00fcfffcff,1e001e00f6ff2200eeff000004002400d8ff0600feffeeff3000eeff16000600,eeffeeffdaff06003000ecff14002400ccef584e6acb10ef5064faccf2916864
2091,2091,0,fcfffcffeeff20001000d2fffcffdcffdaff4c001c000c00f4ff0200feff0e00,120012001c00faffd4ff4c00eaffeaff14000400360036000c000c00ecffecff,0e000e0014001400eeff0000f4ff0400d8ff0600eeff0c000000100006000600,2000deffe8ff1600ecffecff2400e4ff3664b2ccb69234645e4e929150ef3a4e
2092,2092,0,0a00fcff1000eeffe2ffd2ffdcfffcfffaff0c000c002c01f4fff4ff0e002e00,1200e4ffeaff0c00f2ff00001a00faff14001400360026000c00eaffdcffccff,1e001e00f6fff6ffeeffeeff040014002600f8ffe0ff0c00200000001600e6ff,1000100046000600ecff1e000400f4fff84eac9114ee804e8acccceef86318cc
2093,2093,0,1a00ecff0000eeff30001000fcfffcffcaffeaff1c011c0102000200eeff0e00,f4fff4ffeaffeaffe2ff20000a00eaff1400f2ff06002600faff0c000c00ecff,0e00fcff140014000000deff040004001600d8ff0c000c00200000001600f6ff,deff10000600dafffcff1e00f4ffe4ff02cd16ef046412cc72915064f04ea291
2094,2094,0,ecff1a00ceffdeffe2ff0000ecffecffdaffdaff2c010c00120012001e000e00,2200f4ffeaffeaffe2ff4c000a00faff04000400160046000c00fafffcffdcff,0e00fcfff6fff6ff0000eefff4fff4ff0600e8ffe0ffeeffeeff0000f6fff6ff,deff58000600e8ff30000e00e4ff24007c91d663304e7092ccee0e4ff0cc20ef
2095,2095,0,dcfffcff000000002000f2ff0c00fcffdaff0c002c002c00f4ffd4ffdefffeff,e4ff12000c001c00e2ffd4fffaff0a001400f2ff26002600eaff1c00ecffccff,1e002e00140014000000eeff14000400d8fff8ff0c000c00deff0000f6ffe6ff,0000eeffdafff8ffecffdcfff4ffe4ff66ee084fd2cc24ed5e630acdc291c863
2096,2096,0,1a00ecff000000000000f2fffcff0c00eaff0c001c002c00e4fff4ff0e00eeff,1200f4ff0c001c00e2ff0000faffeafff2ff0400f8ff54001c000c00dcfffcff,8cff0e000400f6ff0000eefff4ff1400f8ffe8ff0c001c00eeff000016000600,5800defff8ff24000e00caff1400140014631ece209246636e4f229198ed704f
2097,2097,0,fcfffcffeeffdeff10001000ecffccfffaffeaff0c002c00300002000e00feff,120002000c000c002e000000faff0a00f2fff2ff260026000c001c008cffccff,2e002e00040022000000200004001400e8fff8ff0c000c00deff10000600c6ff,3000defff8ff16000e001e003400c4ff884f8c9194ec464f1ace1cee4863b0cd
2098,2098,0,fcff0a000000deffe2ff30000c00fcff0c00faff0c00eeff12001200feffeeff,0200f4ffeaffdafff2ffe2ff0a004a0014000400f8fff8ff0c001c00dcffdcff,fcff1e000400f6ff1000000014004400d8ff16000c00e0ffdeff0000e6fff6ff,eeff00001600dafffcff3000f4ffe4ffaecedaede66222cd52911e63d04f9291
2099,2099,0,0a00fcff0000eeff10002000fcffccff2c00faff1c001c00f4ff4000defffeff,f4ff1200faff1c0010002e000a000a00f2ff1400360016002c00daffecff1c00,2e00fcff04000400deffceff04000400e8ff2600feff0c00deff1000f6ffc6ff,eeff2000f8fff8ff30001e00140004005c91e462004f20925ced6e4f50ce28ed
2100,2100,0,1a00dcff0000eefff2fff2ff1c000c00fafffaff0c002c00120002000e00eeff,020022001c000c00e2ffd4ff1a001a001400f2ffd8ff3600faff2c00dcfffcff,1e00fcff04002200deff0000f4ff1400d8ffcaff0c00feffeeff0000f6ff1600,20001000caff06001e00cafff4fff4ffdeeb6e5020ceb4ebee627acf62914863
2101,2101,0,fcffdcff00000000f2ff0000ecffecfffaffcaffeeff0c0002000200cefffeff,1200e4ff1c000c0000000000eafffaffe2ffd2ff4600f8fffaff1c00ecffdcff,fcff9cff04001400100000000400f4ff2600f8fffeff1c000000defff6ffe6ff,3000deffdaff4600ecff0e00140004004462d4cf409256629250229140ec9050
2102,2102,0,fcffecff10000000e2ff30000c001c00daff0c000c002c00e4ff02002e00feff,f4ff22001c000c00e2ffb6ff0a000a00f2ffe2ff360026002c000c00dcffdcff,fcff1e00f6ffe6ffeeff000004000400f8ffe8ffeeffeeffeeffeeff06001600,200000001600f8ffcaff1e001400b4fffe502c9106eb3c501ed0eceb8c6238cf
2103,2103,0,0a00fcff20000000f2fff2ffdcffecffcaffdaff2c002c00f4fff4ffcefffeff,0200e4ff0c002c003e00d4fffaff0a00e2ff1400360026000c00faffecffdcff,0e00fcff040014000000defff4ff14002600f8ffeeff0c0000000000f6fff6ff,eeff00000600f8ffecff1e00f4fff4ff44d0eeea26621ecf12919e622a517291
2104,2104,0,1a000a0010000000f2ff0000ecfffcff1c000c00feff2c00e4ff2200eefffeff,f4ff02000c000c00e2ffc4ff0a001a00e2fff2ff360036000c00eaff0c00ecff,0e001e001400f6ff0000100004002400e8ff06000c00feff0000000006001600,deff3000f8ffdaff0e000e00e4ff24003c91b861b25200929ceb625108d090eb
2105,2105,0,fcfffcffdeff100000000000ecfffcfffaff0c00eeff1c0012000200feffceff,020002001c002c002e00f2ff0a00eafff2ff0400060006000c000c00fcffacff,0e00fcff220014000000200004000400f8ffd8ff0c00feff200010000600f6ff,1000eeffdaff06003000dcffe4ff14002eea6e516ecfdee96e628acff8903c62
2106,2106,0,1a00fcffdeff0000f2fff2ff1c001c000c001c000c00feffc6ff0200eeff0e00,0200f4fffaffeaff2e00e2fffaff1a00e2ff04002600d8ff0c00faffecfffcff,1e000e0004001400eeff0000140014000600e8ffeefffeff0000defff6ff3600,2000defff8ff06000e00ecff2400e4ff6861d4d0d091d6617251e29084eaca51
2107,2107,0,2a001a00eeffeeff0000f2fffcff0c00faff0c001c000c0002000200feffdeff,0200f4ff0c00faff2e00c4ffeaff0a001400b0ff160036001c002c00ccffecff,fcff0e00040014000000000004000400d8ffe8ffeeff1c00deffeeff1600e6ff,2000deff16001600ecfffcff1400e4ffee51fc900ee97253bed09ceb7c61ecd0
2108,2108,0,ecfffcff1000eeffe2fff2ffecffecffdaff0c000c00defff4ffe4fffeff0e00,020012001c00eaffe2fff2ff0a001a00f2fff2ffe8ff1600eaff0c00ecffccff,0e00dcfff6ff0400deff000004000400060006000c000c000000eeff1600f6ff,eeff20001600f8fffcff0e002400e4ff74d184e930614ed0f2904a617a520891
2109,2109,0,fcfffcffeeff0000100010000c00dcff1c000c000c001c01f4ffe4ff0e00eeff,f4ff12002c001c00f2ff00000a000a00f2ffe2ff360054002c00daffdcffbcff,fcffdcff04002200eeffeeff04001400e8ff2600feffeeffeeff10001600f6ff,deff10001600f8ff1e000e00f4ff1400ec907861b253c091a6e97251dcd1d4e9
2110,2110,0,0a001a002000eeff1000f2ffecff0c00bafffaff2c011c00f4ff12001e00feff,f4ff12000c000c000000e2ff0a00eafff2fff2ff460006000c000c00dcffdcff,fcff1e001400140000000000f4ff24000600f8ffeeffeeff1000eeff06001600,48001000daff16003000ecffe4ff2400e2e85852eed0dee88a6142d2e8907c61
2111,2111,0,2a00ecff000020002000e2ffecfffcff1c00daff1c010c01e4ff22000e002e00,0200f4fffaffeaffd4fff2fffaff0a00f2ffb0ff36000600faff0c00ecffecff,fcfffcff14001400deffeeff0400140026002600eeff0c00200000000600f6ff,3000aeff060016000e00fcfff4ff0400b8606ed2d09100610a53d29064e9ba52
2112,2112,0,0a000a0000001000f2ff0000fcfffcfffaff1c002c001c00020012002e00ceff,f4fff4ff1c000c00e2ff2000faffeaffc0ffe2ff06002600faffcaffecfffcff,0e00ecff22000400eeff0000f4ffe4fff8fff8fffefffeffeeff000016000600,eeffeeff16001600fcff0e00f4ffa4fffa52ec90c0e7f25312d388e7dc601cd2
2113,2113,0,fcff2a0030000000e2ff10000c00fcffbafffaff1c001c00f4ff0200eefffeff,020002003c00faffe2ffd4ffeafffafff2fff2ffe8ff26001c00eafffcfffcff,fcff0e0004000400100000000400f4ffcaffd8ff0c001c000000eeff0600f6ff,ceff2000f8fff8ff1e001e001400f4ffe0d232e840611ad2d2901a616653c890
2114,2114,0,fcfffcff00000000000010001c000c001c00fafffeffeeff020002000e000e00,1200e4ff0c000c00f2ffe2fffafffaffd2ffe2ff36003600fafffaffdcfffcff,0e003e00040014001000200014001400e8ff1600e0ff0c0010000000f6ff0600,deff1000f8fff8fffcff0e00d4ff1400bc9098609254c0913ce86c549ed30ae8
2115,2115,0,fcff0a000000eeff0000f2ffdcff0c00fafffaff3c011c00300030000e001e00,f4ff02000c00faffe2fff2ffeaff4a00d2ff1400f8ff0600faffeaffecffdcff,dcfffcff140014002000eeff04004400d8ffcaffeeffeeff1000eeff16000600,20001000caff06000e00dcffe4ff24002ce71254c0d4a0e68a6052d3c890ea5f
2116,2116,0,1a00fcffeeff0000e2ff1000fcfffcfffafffaff4c000c00020002000e00eeff,1200f4ff0c00faff20004c00faff0a00f2fff2ff260036000c00faffecffdcff,0e00fcfff6ff0400eeff10001400e4fff8ffd8ff0c00eeff200000000600f6ff,0000deffe8fff8fffcffecff140004005860b0d3c091dc5f4c5482907ae7f653
2117,2117,0,0a000a00000000001000f2ff0c00fcff1c002c002c002c0002003000feff0e00,020002001c00eaffe2ffd4fffaff0a000400f2ff36004600daff1c000c00ccff,0e000e0004001400eeffeeff14001400e8ff0600feffeeff20001000f6fff6ff,eeffceff46000600ecff0e002400b4ffa6549c90d2e53055e4d468e78a5ffed3
2118,2118,0,0a00fcff000010001000f2ff0c00ecff2c00faff1c00feff220002001e000e00,f4fff4fffaff2c002e000000dafffaff0400e2ff460006000c00caffacffecff,1e002e00040004001000100014000400d8ffd8fffeff0c001000300016001600,deff00001600e8ff1e000e00e4ffd4ff3ed47ce69c5f70d59290b65fbe54c890
2119,2119,0,0a00fcff0000eeffe2ffe2ffecff0c001c002c000c002c00120002001e00feff,220012000c00eaffd4ff10000a000a00f2ff040036003600faff0c00ecff0c00,1e00fcff1400f6ffeeff300024002400f8ff16000c00eeffdeff0000f6ff0600,eeff6800f8fff8fffcff0e00e4ff0400dc90a25f805590914ae55c54e6d498e6
2120,2120,0,0a000a001000000020000000dcffecffbaffdaff4c000c00f4ff0200eefffeff,0200f4ff0c001c00f2ff10000a000a00e2ff0400f8ff36001c00faff0c00ecff,fcffecfff6ff140020000000d4ff14000600f8fffefffeff20000000f6ff1600,00000000daff0600fcffecffb4ff0400a0e52655d0d524e5465f84d6a8903a5f
2121,2121,0,0a001a0010000000f2ffe2fffcffecffcafffaff2c013c0102001200ceff0e00,d4fff4ff0c00eaff0000e2ff0a000a0004000400540026000c000c000c00fcff,1e001e001400f6ffeeffeeff04000400d8ffd8ff1c001c00deff000006002600,2000defff8ff06000e00ecff2400f4ff525facd5a0915c5f8c55a29098e53e55
2122,2122,0,0a000a0000000000100000000c00dcfffaffcaff2c00feff22001200feffeeff,e4fff4ff1c00faff3e00d4ffeafffaff040004003600f8fffafffaff1c00ecff,0e009cfff6ff14000000eeff0400f4fff8fff8ffeeff0c00100000003600f6ff,1000ceff1600f8fffcff40000400c4ff7655ac9024e44e5684d57ae4fa5eb6d5
2123,2123,0,3a001a0020000000f2ff2000fcffecffdafffaff1c002c00f4fff4ffeeff2e00,e4ffe4ff0c00faffd4ffd4fffaff1a000400e2ffd8ff1600fafffafffcffecff,fcff2e001400f6ffdeff000024001400d8ff34001c00feffdeff000006000600,00001000e8ffdaffdcff1e00f4ffd4ffd8d640e5c45e60d67290165fae559890
2124,2124,0,1a00fcffdeff0000000000001c00ccffdaffdaff0c001c00f4ff02001e000e00,e4fff4ff1c001c00f2ff0000eaff0a00e2ffe2ff16000600faffdaffacffdcff,dcffecfff6ff14001000bcff04001400f8fff8ffeeffe0ff00002000f6ffd6ff,eeff30004600f8fffcff1e00e4ff14007c90e25eae5680914ae44c5656d6e8e4
2125,2125,0,1a00fcff00001000f2fff2ffecff0c00fafffaff2c00eefff4ff02000e000e00,d4fff4ff1c00eafff2ff00001a00faff0400240036002600eaffdaffdcfffcff,fcff1e0014001400000010001400f4ff06000600feff0c001000000016001600,eeff1000caff16001e00baff040014006ae382568cd7c4e3b65ed4d67890925e
2126,2126,0,0a00ecff000010000000f2ffecffecff2c00caff0c002c00500002000e00eeff,e4fff4fffaff0c002e000000faffdaff0400f2ffc8ff16002c000c00dcffecff,1e000e00e6ff04001000000014000400f8ffcaffd0fffeff00000000f6ff0600,1000deffcaff06000e00fcff0400f4ff725e38d74091245edc565290d0e32e56
2127,2127,0,fcfffcff10000000f2ffe2ff0c000c001c00faff0c001c00f4ff02000e002e00,2200e4ff3c003c00e2ffe2fffafffaff0400f2ff5400f8ff2c000c00dcff2c00,0e001e0014002200deffeefff4ff240026001600e0ffe0ffeeffdeff06002600,2000eeff1600f8ffdcff1e000400e4ffa2565c9044e3fe5644d76ae4e25d1ed7
2128,2128,0,0a00ecff0000deffe2ff0000dcfffcff0c000c000c000c0012002200eefffeff,d4ff1200eaff0c0000000000faffeaffd2fff2ff540036000c001c000c00fcff,ecffecff14002200100000000400f4ffcaffd8ffeeff0c00200020000600d6ff,deffeeff1600daff0e000e00f4ffd4ff1ed8fae2c85ddcd75290365eae568890
2129,2129,0,fcfffcff1000eefff2fff2ff0c000c002c00faff1c00eeff12000200eeffeeff,020012001c00faffe2fff2fffaff6a000400040016000600faff0c00ecff1c00,ecffecff22000400eeff000014001400e8ff34000c00eeff20001000d6ffe6ff,ceff10000600caff1e00ecffc4ff14008c90965dbe57409178e2dc56ced720e3
2130,2130,0,fcfffcffdeff000000000000ecffdcfffaffdaff2c012c000200f4ff0e00eeff,120098fffaff0c000000d4ff0a00faff1400f2ff360054001c00fafffcffbcff,2e00fcfff6ff040000001000140004000600e8ffd0ffe0ffeeff00001600e6ff,20001000dafff8ff4000dcffc4ff04008ee13257dcd800e2e65dd8d86890a25d
2131,2131,0,ecff1a0000000000f2ffe2fffcff0c001c000c000c00d2fef4fff4ffeefffeff,0200f4ff1c00faffd4fff2ffdafffaffd2ff040026000600fafffafffcfffcff,2e001e00f6fff6ff1000deff1400140016000600fefffeff0000cefff6ff1600,3000eefff8ffe8ffecffdcffe4ff0400465daed85091885d6c57529024e23657
2132,2132,0,0a000a00deff0000e2fff2ff1c002c00faff0c000c00eefff4ff02000e000e00,e4ff12000c00fafff2ffd4ff0a00eafff2ff2400160026001c00fafffcffecff,3e009cff22002200eeffeeff04000400060006000c00eeffeeff00001600f6ff,1000000006001600caffecff0400b4ff28585c9032e13e5808d904e1025d20d9
2133,2133,0,0a00fcff00001000f2ffe2fffcffecff1c00faff2c001c000200d4fffeffeeff,e4ff12000c000c00f2fff2ffeaff0a00f2ff140036002600faffeafffcffecff,0e001e0004002200eeffdefff4fff4ff26000600feff1c00deff0000e6fff6ff,deff10001600dafffcff3000f4ffe4ff3ed96ee1f85c12da6290f65de6572890
2134,2134,0,fcfffcffdeff1000e2ff00001c00fcfffafffaffeeff0c002200f4ff2e000e00,f4fff4fffafffaff00000000faffdaff0400f2ffe8ff3600faff1c00ecffecff,fcff1e001400f6ffdeff20001400f4fff8ffd8ffeeffe0ff0000000006000600,deffeefff8ffdaff0e001e00e4ff24004c90165de4588091e4e0105900da74e1
2135,2135,0,0a000a00100000002000e2fffcff0c000c00faff2c000c00500040000e003e00,e4ff1200faff3c00e2ff2e00fafffaff1400d2ff0600d8fffaffeafffcffdcff,0e001e00f6fff6ffceffeeff04000400d8ffcafffefffeff3000cefff6ff0600,00001000daff46000e00caffe4ff1400bee0f857e8dac2e0565d38d97890925c
2136,2136,0,1a00ecffeeff000010000000fcfffcff0c000c00eefffeff1200f4ff0e000e00,f4ffe4ff1c000c00d4ff0000fafffaff0400f2ff16001600eaff0c00ecffccff,1e001e0014001400deffeeff0400f4ffe8ffd8ffeeff1c000000eefff6ff1600,1000eeffdaff72000e00dcff1400d4ffa65c6ada6091985c60584290c4e06858
2137,2137,0,fcff0a000000100010000000fcff0c00dafffaff2c001c00020002000e000e00,f4ff22000c003c00e2ffd4ffcaffeaffd2ff0400060054000c000c00dcfffcff,2e000e00f6fff6ff0000deff04001400f8ff06000c00feff0000eeffe6ff0600,0000defff8ff0600fcff1e00e4ffe4ffa8586c90a4df2459ccdaa4e05a5c20da
2138,2138,0,fcff2a000000eeff100010000c000c001c00faff0c000c00f4ff1200eeffeeff,f4ff1200eaffeaffd4ff2000faff1a00f2ffd2ff2600f8ff2c000c002c00dcff,3e002e000400f6ffceff000044001400f8ff16000c00feffdeff000006000600,deff10000600daffdcff0e001400e4ffcada3ee0085c88db4290365cb8583890
2139,2139,0,fcfffcff0000eeff000010000c002c00faff0c00eeff0c001200f4ff0e000e00,f4ff1200eafffaffe2ff0000eaff1a0004001400640006000c000c00ecfffcff,0e00fcfff6ff04001000ceff04003400e8ff16000c000c00deffbeffe6fff6ff,100020000600daff0e00ecff140004006c90225cda59309190df9058d0dae2df
2140,2140,0,1a00fcff10000000f2ff1000fcff2c00faff0c001c001c0030001200feff0e00,3000f4ff0c00caffc4ffe2fffaff0a002400f2ff26002600faffcaffecffccff,1e000e00040014000000deff1400140016003400feff0c00deff0000e6ff0600,30003000060006001e00dcffc4ff040008df1859f8db14dff65b00dc38901a5c
2141,2141,0,0a00fcff10001000f2fff2ffecffccffdaff0c00f2fe0c0040001200fefffeff,f4fff4ffeaff0c003e00d4ffdaffeaffd2ffe2ff060046001c00faffccffdcff,0e000e00140022000000eeff14001400d8fff8ff0c00feff0000aeffe6ff1600,2000deffdaff4600ecfffcff34002400c25bcadb5091a85b50592290bade6859
2142,2142,0,fcff1a001000eefff2ffc2ff0c000c00fafffaffeeff0c00f4ff1200eeff0e00,1200f4ffdafffaffe2fff2ffeafffafff2ff0400f8ff54000c000c001c00acff,0e000e00040014002000eeff140014000600e8ffeeff0c00deffdeff0600d6ff,1000eeff1600e8ffcaff1e002400e4ffb8594c9046de4a5a90dce0ddea5ac2db
2143,2143,0,fcfffcff00001000f2ff00002c00dcffcafffaffdeff0c0030000200eeff0e00,f4ffe4ffeaff0c000000e2fffafffafff2fff2ff26001600eaff0c00dcffdcff,1e002e000400f6ffdeff10000400e4ff1600e8ff0c000c00eeffeeff0600f6ff,eeff1000f8fff8fffcff1e00e4ffe4ffdcdc58de285b36dd7290145bc8591890
2144,2144,0,fcff0a00eeffeeffd2ffe2fffcff0c00faff0c000c00eeff0200f4ff0e002e00,020012001c00eaffd4ffe2ffcaff0a0004000400260006001c00caffdcff0c00,8cff0e0004001400deffeeff1400f4fff8fff8fffeffeeffeeffdeff0600f6ff,ceff30000600dafffcff0e00e4ff14008c90745a5a5ada9060dd745afadc1ade
2145,2145,0,dcff0a00100020000000f2ff0c000c000c00faffeeff0c001200e4ff2e00eeff,0200f4fffaff0c00f2ff20000a00faff0400e2ff360064000c00faffdcffecff,0e001e00f6ff1400deff00000400f4fff8ff26000c00feff00001000e6fff6ff,deff1000daff46001e00ecfff4ff240028dea85946dd76dd245bd0dc18909e5a
2146,2146,0,fcfffcff000000001000e2ff1c00fcffdaff0c00defffeff02000200feff0e00,e4ff02000c000c0020003e000a00fafff2ff140006000600cafffaffccfffcff,fcfffcff0400e6ff00000000f4ff2400e8ffe8ffeefffeffeeff00000600f6ff,30001000daff16001e00ecff04000400225a3cddfa90da5ab45ade8f6add085a
2147,2147,0,fcfffcffdeff00000000f2fffcff0c000c001c00eeff0c00220012002e000e00,22001200dafffafff2ffe2fffaffeafff2ff0400f8ff0600faff2c00dcfffcff,3e001e0014000400eeffdeff1400f4ff2600d8ffe0fffeff200010000600d6ff,1000eeffe8ff0600dcff1e0014000400c45a3c90c8dc285b80dec0dd1e5adadd
2148,2148,0,ecff0a00eeff0000f2fff2fffcfffcffdaffeaffdeff0c000200e4ffeefffeff,f4ff22000c00fafff2ffe2ffeafffaff1400f2ff3600f8fffafffafffcff0c00,0e000e002200f6ffeeff100014000400e8ffd8ffeefffeffeeff00000600f6ff,eeff00006400caffcaff0e00d4ffe4ffa8de7cdc3a5a94dede8f9059be5a6890
2149,2149,0,fcfffcff0000eeffe2ff4e001c00ecfffaffdaff1c002c00120012002e00deff,0200d4ffeafffaff20003e00eaffdaff1400e2ff26002600fafffaffccffccff,0e000e00f6ff14001000ceff140004001600caffe0ffeeffdeff2000f6ff0600,deff20001600caff0e001e00f4ffe4ff3c905859985b309110dcd45aaade72dc
2150,2150,0,fcffecff00001000100010001c002c00faffeaff0c000c0012001200feff0e00,020002000c00daff2000d4ffeafffafff2ff040036001600caff0c00ecffccff,0e000e00f6ff1400eeff000014003400e8ff16000c00eeffeeffeefff6ffe6ff,eeffeefff8ff06000e00ecffe4ff04002adb045b64df38dcd059a0df58908859
2151,2151,0,0a00bcffeeff0000000000000c000c001c00daff1c001c0002000200eeffeeff,e4ffe4ffeaffeaffe2ffe2fffaff0a00140004002600f8fffafffaffecffccff,1e000e00f6ffe6ff000010001400e4ff060006000c000c000000deff0600f6ff,2000deffe8fff8fffcffcaff2400f4ff285998df60910a5a845b9290b2db8a5b
2152,2152,0,ecffecff10001000e2fff2fffcfffcffdaff1c002c002c00f4fff4ffeeffeeff,f4ff1200faff0c00e2ffd4fffaff0a001400240054001600eaffeaffecff0c00,1e002e0014001400eeffcefff4ff04001600caff2a00feffeeffceff16000600,0000deff16000600dcfffcff1400d4fff25b3c9098db685c60dfccda685962df
2153,2153,0,ecfffcffeeff1000e2ffe2ff0c000c000c00daff2c00eeff020002001e00feff,f4ff12000c000c002e003e000a00eafff2fff2ffe8fff8ffcaffcaffecffdcff,fcff0e0004000400eeff20001400040016001600eefffeffeeff0000e6ffd6ff,deff00001600daffcafffcff0400e4ff1ee09ada645912e052907059ea5b3890
2154,2154,0,ecfffcff0000eeff1000e2ffecff0c00dafffafffeff1c0022001200eeff1e00,220012001c000c00f2ffe2ffeaff0a001400140054001600fafffaffacffdcff,dcff0e00040004000000ceffe4ff0400cafff8ffeefffeffdeffeeff0600f6ff,eeff3000f8ffdaffecffecffc4ff14003c90c858c85c1a91acda565cd2df90da
2155,2155,0,fcff0a00deff10000000f2ff0c000c00fafffaff0c002c0040001200feff2e00,22001200eaffeaffe2ffe2ff0a000a00e2fff2ff160026000c000c00ecffdcff,0e000e00f6ff0400eeff1000f4fff4ffe8ffe8ffeefffeff0000eeff3600f6ff,4800eeffbaffdaff1e00ecffe4ff240018da765cd2e098dac05890df3890d858
2156,2156,0,fcfffcff100010002000f2ffecffdcff0c00faff4c00e2fe12003000feff3e00,020012001c00fafff2fff2fffaff0a00f2ff040006002600cafffaff0c00fcff,0e002e00040014001000deffe4ff0400f8fff8ff1c00e0ffeeffdeff06000600,0000defff8ff0600ecffdcff140004006858fee030913459a65cae8f00da7a5c
2157,2157,0,fcfffcff00001000d2ffe2ff0c00fcff0c00daff2c00eeff40001200feff0e00,1200d4fffaff0c00e2ff2e00fafffafff2fff2ffd8ff16000c001c00ecfffcff,0e00dcfff6ff0400ceffeeff040014000600f8fffeffe0ff0000eeff06000600,0000deff0600f8fffcfffcff1400d4ffe65c3c90e2d9f85c04e11cda265814e1
2158,2158,0,dcffecff200000001000d2fffcffecffdaff2c000c000c000200e4fffeffdeff,d4ff1200fafffaff2e00f2fffafffafff2ff1400260016000c001c001c00fcff,0e00fcff040022000000deffb4ffa4ff2600f8ff1c000c00000010000600e6ff,ceffeeff0600daffecff30000400d4ff8ee1fed8b45872e1ce8f4058d25c5890
2159,2159,0,fcff0a00eeff0000f2fff2ffecff2c00faffcaff0c002c00020012000e00feff,2200f4fffaffdaffe2fff2ff0a000a0004000400e8ffd8ff0c00faff0c00dcff,0e000e00e6ff04001000defff4ff3400f8fff8ff1c00e0ffdeff00000600f6ff,ceff2000f8ffdaff0e000e00d4ff24006c90e857185d1a9118d9065dd4e110d9
2160,2160,0,ecfffcff100010001000e2ffdcfffcffcaff0c003c000c00d4ff1200feff0e00,12002200faff0c000000e2fffafffaff240014000600f8fffaffcafffcffecff,fcff2e00140004002000eefff4fff4ffcaff26000c000c002000eefff6ff0600,eeff2000daff0600fcffcaff04000400aed8765d22e274d9bc5788e228907657
2161,2161,0,fcff2a00eeff00001000f2ff1c00ecffdaff0c000c000c00120012000e00feff,0200f4ff0c000c0020002e000a00fafff2fff2ff260026002c00eaffecffdcff,1e00fcfff6fff6ffdeffdeff0400f4fff8fff8fffeff0c001000000016000600,1000ceffe8ff46000e00ecff3400e4ff62573ae25091e057c65dde8f70d8725d
2162,2162,0,0a00fcff10001000f2ff00000c000c00caffbaff3c00feff40003000cefffeff,f4ff1200faffeaffe2ffe2ffdaffeaff04000400060016001c000c00fcffacff,1e00ecff040004001000eefff4ffe4ffd8ffd8fffeff1c00eeff1000e6ff0600,0000deff16001600ecff0e002400d4ffd65d8c90dcd7045e38e384d70657a4e2
2163,2163,0,dcff0a0020000000e2ff0000fcff1c00fafffaffeeff2c00e4ff1200defffeff,02003000fafffaffd4ff2e00faff0a001400f2ff360036000c00faffdcffecff,2e002e00e6fff6ff000010002400f4ff160026000c00eeffeeffeefff6ff1600,eeff1000f8ffdaffdcff1e001400e4fffae288d7505724e3be8f8c57f25d5890
2164,2164,0,ecfffcff000000001000f2fffcffdcff0c00faff0c00fefff4ff2200deffceff,f4ff02000c002c002e00f2ff0a00faff04000400460026000c00eaffdcfffcff,fcffecff140004001000cefff4ff0400d8ff06001c002a0000002000e6ffd6ff,ceff30000600f8ff0e00fcff040024006c90e256945e909144d7965eb0e368d7
2165,2165,0,fcfffcff2000eefff2ffe2ffdcfffcfffafffaff4c002c00120022000e000e00,22001200faffeafff2ffe2ff0a00fafff2ff0400260036000c00eaff1c00fcff,1e00fcff14001400deff000024000400f8fff8fffeffeeff00000000f6ff0600,00000000f8ff06000e00fcfff4fff4ff58d7725e44e4bcd7dc5628e35890ee55
2166,2166,0,fcffecff000020000000e2fffcff1c00faffcafffeff2c01f4ff30001e00feff,e4ff1200faff0c00e2ffe2ff0a00faffe2fff2ff3600f8ffeaff0c00dcffdcff,2e00ecfff6fff6ff0000deff1400f4fff8ffd8ffe0ffeeffeeffeefff6fff6ff,1000beffdaff16000e00ecff0400e4ff32566ae30a911057a65eee8f80d6325e
2167,2167,0,1a00fcff00000000e2ff0000fcff0c000c00daff1c00feff120012000e002e00,12001200faffeaffd4ff2000eaff1a000400f2ff260074002c000c00fcff0c00,3e001e001400f6ffceff10001400f4fff8fff8ff0c000c00eeffeeff16000600,0000eeff1600daffecff0e002400f4ffe25e6c909ed6d45e52e564d6be5508e5
2168,2168,0,0a00dcffeeff100010003000fcffecfffaffeaffeeff2c00120002000e00feff,e4ff0200faff1c0000000000faffdaff0400f2fff8ff2600eafffaff0c000c00,fcfffcff04001400eeff0000a4ff1400e8ff06000c00feff10000000f6fff6ff,beffeeff4600caffecff1e002400f4ff38e498d6b056b4e45290d854fa5e7890
2169,2169,0,bcff1a000000eeffe2fff2ffdcff0c00faff0c00f2fee2fe0200f4ffeeff2e00,220012000c00fafff2ffd4fffaffeaff24001400d8ff26000c001c00dcffecff,1e00fcff2200e6ffeeffdeff1400340026002600eefffeff000000000600e6ff,ceff3000f8ffdafffcff0e00e4fff4ff6c90b655045f7091e4d5b65e08e5b0d5
2170,2170,0,0a00ecffdeff000010000000ecffecfffaffcaffceff0c0012001200eefffeff,f4ffe4ff0c00eaff2e00e2fffafffaff2400f2ffd8ff1600faff0c00ecffdcff,fcff0e00f6ff04002000eeff1400f4ffe8ffd8ffe0ffeeff00001000f6fff6ff,00000000cafff8ff0e00caffd4ff24005cd5025f74e510d6bc5592e668903e55
2171,2171,0,fcff1a001000eefff2ffe2ff1c000c00eaff0c000c000c0002000200feff0e00,120012000c00daffd4ffe2ff0a001a0014000400c8ffe8ff0c00faff0c00fcff,1e001e0014001400deff00000400140034000600fefffeffeeffeeff06001600,1000deffe8ff1600fcffbaff4400140076551ce61a919055765f529020d55a5f
2172,2172,0,ecffecffdeff0000f2fff2ff0c00fcfffafffaffe2fefeff0200f4ffeeffdeff,020012000c000c00d4ffd4ffeafffaff0400e2ff260006001c00faff0c00acff,2e002e0014001400000000000400e4ff06002600eeffeeff0000eeff06000600,1000defff8ff0600dcfffcff2400f4ffd85f8c90f0d4d45f82e684d40e5548e6
2173,2173,0,fcfffcff1000eeff00000000ecffecff0c000c00feff4c0002000200eeff0e00,f4ff1200faff0c00d4ff0000faff0a00f2ff04002600c8ffeaff0c00dcff0c00,1e002e000400f6ff0000eeff04001400e8fff8ff0c000c00eeff200016002600,ceff20000600e8fffcff0e00f4fff4ffdce68cd4305532e652908854ba5f7890
2174,2174,0,bcfffcff0000eeff200020001c000c00daffdaffeeffdeff12000200eeff0e00,02000200eafffaff2000d4ff0a00eaff1400e2ff260054001c00faff0c00bcff,1e00dcff04001400200020003400a4ffd8ffd8ffe0fffeff000000000600d6ff,deff1000daffe8ff30001e00f4ff54009c90c654c45f509134d43a6010e748d4
2175,2175,0,0a000a000000ceffe2ffe2fffcff0c000c00faff0c00d2fe220002002e00feff,12000200eaff0c00f2ffd4fffaff0a000400f2ff260006000c000c00dcfffcff,0e000e0004000400deff000004001400f8ff26000c00eeff0000deff06003600,00001000daff06000e00ecff0400340050d3286060e760d4665322e7b8902654
2176,2176,0,1a001a0010000000d2ff00001c00fcfffafffaff0c002c0030004000deff0e00,f4ff0200eaff0c0000000000fafffafff2fff2ff060036000c00baffecfffcff,2e000e00f6ff14001000defff4fff4ffd8ffd8fffeff1c001000eefff6ffe6ff,3000deffcaff5400fcffcaff0400040022546ce78091c2542a60b290c8d3ca5f
2177,2177,0,0a001a00eeff100000000000fcffecffbafffaff0c000c00120012001e00eeff,120012000c00fafff2fff2ffeafffafff2ff140046002600faff0c00ccffecff,fcff0e0004001400eeff100004000400aaffcafffeff1c00eeff00001600f6ff,2000beffe8ff6400dcff0e002400d4ff8860dc90e2d3d26086e8f4d3a65340e7
2178,2178,0,0a00fcff00000000e2ff4e000c00fcff0c00caff2c001c00120030002e000e00,f4ff12001c00fafff2ff00000a00eaff04001400f8ff06000c00faffecffecff,1e000e00e6ff14000000deff44000400e8ffbafffeff0c00000010000600e6ff,000000001600e8ffecff1e000400240062e810d3e25310e8f2908652a260b890
2179,2179,0,fcfffcffeeffeefff2ffe2ff0c000c000c000c002c000c00f4ff12002e000e00,12000200faffeaffd4ffe2ffdaff1a000400e2ff260036000c000c001c00dcff,1e000e0004001400deffeeff14000400f8fff8fffefffeffeeffeefff6ff0600,eeff10000600cafffcfffcfff4ff1400fc901a53e060909142d24a60cae8acd2
2180,2180,0,0a00fcff00000000e2ffe2fffcff1c00faff0c003c004c0012000200eeff2e00,f4fff4ff1c000c00f2ffd4fffaffeafff2fff2ff06002600faff0c00ecffdcff,2e00fcfff6ff0400000010002400f4ffe8fff8ffd0fffeff00000000d6ff1600,eeff0000caff16003000dcffc4ff2400a4d1b86070e842d3d65236e9d8903653
2181,2181,0,0a000a000000eeff00000000fcffdcffcafffaff1c00feff12001200fefffeff,f4ffe4ff0c00fafff2ff0000eafffafff2fff2ff360006000c00eaffccffacff,0e000e00f6ff040010001000140014003400e8ffe0fffeff00002000e6ff1600,0000eeffdaff16001e00ecff1400e4ff885222e9c091b2530a61a2903cd23c61
2182,2182,0,1a000a002000eeffe2fff2fffcff1c00eaff0c002c002c00020012003e00ceff,1200f4ffeafffaffc4ff2e001a000a00f2fff2ff16002600faff1c000c00dcff,0e001e00f6ff04001000eefff4ff1400d8fff8ff0c00eeff200040001600f6ff,1000ceff16000600caff1e000400e4ff4861ec9006d0a0611aea0ed15a52c4e9
2183,2183,0,fcfffcffeeff0000c2ff0000ecff1c000c000c00eefffeff0200f4ffeefffeff,f4fff4ffeaff0c00d4ff2e000a000a00a0ff040016000600faff1c00ecffccff,dcff0e000400f6ffdeff10000400f4ffe8fff8ff1c00feffdeffeefff6ff0600,deff10004600daffcaff300024001400fee944d1f252cee902916652ac61e890
2184,2184,0,ecfffcffeeffeeff20000000ecff1c000c001c001c00e2fe120012000e00eeff,020002002c000c00e2ff0000faff0a00f2fff2ff46000600fafffaffccffdcff,fcff0e0014001400eeff0000f4ffe4fff8ffe8ff1c00feff00001000f6fff6ff,00003000dafff8ff0e000e00f4fff4ffdc9028520662d091eed00e6294ea1cd1
2185,2185,0,dcffdcff000010000000e2ffecfffcfffafffaffeeff3c0040003000defffeff,f4ffe4ff0c00fafff2ff0000eafffafff2fff2ff260036000c00eaffecff1c00,ecfffcff040014001000100004000400f8ff0600eefffeffeeff1000f6ffe6ff,eeff0000caff72001e00ecffc4ff0400d4d068616eea5ecfa2514aea2291fa51
2186,2186,0,1a00ecff000000001000c2ffecff0c00faff1c000c00eeff02001200eefffeff,12001200fafffaffd4ff4c005a000a000400040006001600eafffaffecfffcff,fcff1e000400f6ff0000eeff14001400e8fff8ffeefffeffeeffeeff16002600,3000eeffdaff06000e000e00240024001e51ceea109292523e62029152d0ec61
2187,2187,0,fcfffcff10000000000010000c00ecff0c001c000c00eeff12000200eeff1e00,f4ff1200eaff0c002e00f2fffaffcaff040024003600f8ff0c000c00ecffccff,fcff0e00f6ff04001000100004000400f8ffe8fffefffeff0000deff1600f6ff,1000000006001600dcfffcff2400e4ff34621c919eceb0612cecded0aa5160eb
2188,2188,0,dcff0a002000ceffe2fff2fffcfffcffdafffaff2c002c003000f4ffeeffdeff,e4ff1200faff0c00f2ffe2ff1a00fafff2ff24000600f8ff1c002c00fcffecff,1e000e0032000400eeffdeffa4ff0400f8ff16000c000c00deff00002600e6ff,ceff00005400daffecff1e000400e4ff8eeb14d06252c4eb0291a2505c624291
2189,2189,0,ecfffcffeeffeeff0000f2ffecffecfffaffcafffeff2c0002001200eeffeeff,e4ff1200faff1c000000f2ffeafffafff2fff2fff8ff16000c00eafffcffdcff,0e000e0014000400000010001400f4fff8ff2600fefffeff1000000006000600,eeff00001600dafffcff0e00e4ff44002c91de508662e0917acf6e6200ecc2cf
2190,2190,0,fcfffcff0000eeff0000e2fffcffecff0c000c000c00eeff2200d4ff0e00eeff,020002000c000c00f2ff0000faff0a00040004002600f8fffafffaffdcffecff,fcff0e000400f6ffdeffeefff4ff1400f8ffe8ff0c00feffeeffeeff06000600,00001000f8ff16001e00dcffe4ff5400fece646204ec12cec2505ced5291ea50
2191,2191,0,1a000a00eeff3000e2ff00000c000c001c000c002c002c00e4ffe4ff2e00deff,0200e4ff0c00faffe2ff00000a00eaff04001400060016000c00eaffecffccff,1e001e000400040010000000f4ff0400e8ff0600feffeeff0000000016002600,2000eeffdaff46001e00dcff040004006e50deeb10925e51ee62029190ceac62
2192,2192,0,fcff2a00200000000000f2ffecff0c001c000c002c00feff1200e4ff1e000e00,f4ffe4ff1c00fafff2ffd4fffaffeaff0400f2ff36001600faffaaff0c00fcff,0e001e0014000400eeff0000f4ff1400e8ffcaff0c000c000000deff16000600,3000deff16001600ecff1e0024000400a4623c91a2cdb6624ced5ace405016ed
2193,2193,0,fcfffcff0000000000000000fcffdcfffaff1c000c002c00120012002e000e00,f4fff4fffaff0c00f2ffd4fffafffafff2ff140006005400faff0c00bcff9cff,dcffdcff04000400100010000400e4fff8ff0600feff1c00000020001600f6ff,ceff00000600f8ffecfffcff2400e4ff0cee7eceee5014ec1291425028635291
2194,2194,0,fcfffcff000000002000f2ffdcff1c001c000c000c004c00120012000e00feff,d4fff4ff1c00fafff2ffe2fffafffaff240014003600f8ff0c00eafffcff2c00,dcff0e00040014000000eeff14000400e8ff06000c000c000000000016001600,deff3000f8ffcafffcff0e00040024005c91984f566310922ace7e63b6ed10ce
2195,2195,0,fcff2a00eeffeefff2ff1000fcff1c001c001c00eeff0c000200e4ffdeff2e00,f4ff0200faff0c00e2ffe2ff0a00faffe2ff1400f8ff1600eafffafffcffecff,0e000e00f6ff04000000000014000400caffd8ffe0ffeeffeeff100016000600,00000000e8ff06000e00dcffe4ff240072cd146324edc2cc5e4ffced7291c04f
2196,2196,0,0a00ecff000010000000e2ffdcff0c00fafffaffeeffeeff02000200deffceff,1200f4ff2c000c00f2ffe2fffafffaff0400240054000600fafffaffccffdcff,ecffdcff040022003000eeffe4ff04002600d8fffeff1c002000eeffe6ff0600,2000deffdaff6400fcff0e000400e4ff184f6cee5092d84e5e636291a0cd8863
2197,2197,0,fcff0a00eeffeeff00002000fcfffcff0c00faff0c000c00f4fff4fffeffdeff,f4ff12000c000c00d4ff3e000a00dafff2ffe2ffd8fff8fffaff2c00ecffccff,0e00fcff0400140010001000140014001600d8ffeeffd0ffdeffceffe6ff1600,1000beff06000600dcff1e001400e4ffa4637c9192cba663eceebacdd04ef0ee
2198,2198,0,ecfffcff20001000f2ff0000dcfffcff0c000c004c002c0050000200eeff0e00,d4ff12001c00eaff2000f2ffeaff0a00140024000600f8ffcaffcaff2c002c00,9cff0e00140022001000deffd4ff0400e8fff8fffeffeeffeeff0000e6ff0600,deff00001600daffdcff0e001400f4ff0ceff2ccf84d24eea291fe4da863b291
2199,2199,0,0a001a00eeffdefff2ffe2ff1c000c000c002c002c002c00f4ff0200eeffceff,1200e4ffdafffafff2ffd4ff3a001a000400f2ff06002600fafffaff1c00fcff,0e000e00e6ff04000000000004001400f8fff8ff1c00eeffeeff20000600f6ff,eeff3000e8ffdaff0e00fcff240044009c91c84ec66380929acc6e6380ef68cc
2200,2200,0,fcfffcffceff00000000f2ffdcfffcfffafffaff0c000c0030000200eeffeeff,d4ff12000c000c004c00d4fffafffafff2ff0400460006000c000c000c00ecff,0e00fcfff6ff14001000deff0400a4fff8fff8ffe0ffe0ff1000ceffd6fff6ff,10001000f8ff1600fcffbaffe4ff14004ecc266470ef92cb0e4eb0f0c291fa4d
2201,2201,0,1a000a00deffeefff2ff00001c00ecff1c000c000c00deff120030004e00eeff,1200f4ffeaff0c00d4ff4c00fafffaff0400d2ff540006000c00faffecffdcff,3e001e00040004001000eeff24001400f8ff0600eeffeeff00002000f6ff0600,1000ceffdaff4600fcffecff24000400484e02f09092524d60649291f8cb5864
2202,2202,0,fcfffcffdeff2000f2ffd2ff0c00dcfffaff0c002c002c0040003000defffeff,120002001c00faffe2ffd4fffaff1a00f2ffe2ff460036000c000c00ccff0c00,dcff1e00f6ff04000000deff0400f4fff8ffe8fffeffeeff0000eeff1600e6ff,eeffeefff8fff8fffcff0e001400f4ffda64ac916ccab464e0f078ca404d90f0
2203,2203,0,fcfffcff0000deffe2fff2ff2c000c000c001c000c002c00e4ff4000feff0e00,0200c6fffaffeafff2fff2fffaff6a00140004003600f8fffaff1c000c00ecff,3e001e000400f6ffdeff00001400f4ffd8ffd8ffe0ff1c0000004000f6ff0600,eeff00001600daffcaff300014001400d2f07ecb524c90ef9291ce4dd064c291
2204,2204,0,ecfffcff000010002000e2ffdcfffcffcaffeaff2c002c00e4ff0200deff0e00,e4ff02001c002c002e00f2ffeaffdaffd2ff0400360036000c00eaffecffdcff,0e00dcff040014001000ceffe4ff0400f8ffcaffeeff1c0000001000d6ffe6ff,ceff10000600e8ff0e00fcffd4fff4ffac913c4d946416936acbd0643af16cca
2205,2205,0,1a00fcffeeff0000f2ff10001c000c00daff0c000c001c00120012000e00ceff,22000200caffeaffc4ff20001a00eaff1400e2fff8ff26000c004c00fcfffcff,2e00fcffe6ffd8ffeeffeeff040044000600f8ff0c00feffeeffeeff16001600,30000000daff06001e00fcff240004007cca2a6580f03cc9ee4cf0f0f291e04c
2206,2206,0,0a001a00eeff100030000000fcfffcfffafffaffeeff1c0012001200eefffeff,e4ff0200faff0c0020000000daffeaffe2ffd2ff26002600faff0c00fcffdcff,fcff0e00220014002000eefff4fff4fff8ffe8ff0c000c0030000000e6ff0600,1000eeffdaff06001e00dcffe4ff14000c4d7ef15693844b306598920cca2065
2207,2207,0,1a00ecff0000eefff2ff5c00fcffecff0c000c00eeffceffd4fff4ff0e00feff,2200e4ffeafffaffe2fff2ff0a00faff1400040006000600eaff0c00dcff0c00,3e001e00f6fff6ffceff000014001400d8ff1600eefffeffeeff10000600e6ff,5800eeffe8ffe8ffcafffcff5400d4ff3a65dc91ecc8e464a4f268ca384c2af2
2208,2208,0,dcfffcff10000000200010000c00dcff0c001c001c003c013000f4ff0e00deff,d4ff1200eafffaff4c00e2ffeaff0a00d2ff1400360016000c000c00ecff0c00,ecffecff320014000000eefff4ffd4ff0600d8fffefffeff0000deffd6ffe6ff,ceff00004600e8ffecff1e00f4fff4ffe8f2a2c9e44a2ef148921e4c40650292
2209,2209,0,2a00fcff0000cefff2ff0000fcff0c000c001c001c01fefff4fff4ff1e000e00,12001200eaffeaffd4ff2e000a00eaff1400f2ffd8ffe8ff2c002c00fcffbcff,1e00fcffe6fff6ffeeff00001400140026004400fefffeff0000000016002600,00001000f8ffdaff0e001e00e4ff240066928c4c6465069334c9f06416f3acc9
2210,2210,0,ecff2a000000100010001000fcfffcffeaff0c00ceffeefff4ff0200eeffceff,12000200eaff0c002e00f2ffeafffaffb0ff140016001600faffeaffdcff1c00,dcff0e00140014000000cefff4fff4ff060006000c001c0020000000e6ffd6ff,ceff1000dafff8ff4000dcffe4ff1400e2c8aa6572f27cc83e4c06f41292384b
2211,2211,0,0a00fcff00001000f2ff1000ecfffcff2c00faffeeff2c000200f4ff0e001e00,12001200eaff0c00d4ffd4ff0a000a00040014000600f8ff0c00faffdcff0c00,1e000e00040014000000deff04000400f8ffd8fffeff0c00deffeeff06002600,5800deffdaff0600fcfffcff14001400c84b58f36693b44a2e6698920cc9a065
2212,2212,0,ecff1a001000000010000000fcff0c00baffdaffeeff2c0012002200eeffceff,020022000c00fafff2ffd4ffeaffeaffe2fff2ff540036002c000c001c00ecff,0e000e00e6ff0400eeffeeffa4ff04002600d8fffeff0c00deff0000f6ffc6ff,1000ceff16001600ecff1e0024001400266676927ec7346556f424c8f84ad6f3
2213,2213,0,1a00fcff1000deffd2ff10000c00ecfffafffaff0c001c00e4fff4ff2e000e00,12001200eaff0c00f2ff00001a001a002400f2ff160006000c000c00fcff0c00,0e000e001400f6ffceffeeff04000400f8ffe8ff1c00eeffdeff300016000600,000020004600dafffcff400024001400d8f352c8e44972f56892ae4b00665292
2214,2214,0,fcff0a0000000000f2fff2fffcff1c00daff0c002c002c000200f4fffeffdeff,0200f4ff0c000c00e2fff2fffafffaff2400f2ff1600f8ff0c000c00ccfffcff,ecff0e00320004000000eeffd4ff14000600d8fffeff0c00eeff1000d6fff6ff,deff20001600caff1e000e00e4ff44009692264b32668493a0c7ce6656f402c8
2215,2215,0,1a000a0000001000100000000c000c00fafffaff0c003c0112003000deff2e00,3000f4ff0c00faffe2ffe2fffaffeaff040014000600f8ffeaff0c000c00ecff,0e000e0014000400eeff000004000400f8ffe8ff0c00feffdeff0000f6ff0600,10000000daff06000e00ecffc4ff34004cc73666f2f51ec76e4b16f5d2921c4a
2216,2216,0,fcff0a00000000001000f2ff1c000c00fafffafffeff0c000200f4ffeeffeeff,1200f4ff1c000c002e0000000a00faffe2ff1400260016001c000c00ecffecff,dcff1e001400220010000000f4ff1400f8ffd8fffeff0c0020000000f6fff6ff,3000deffcaff54000e00dcff44001400d64a54f584936e49be66e89282c75066
2217,2217,0,fcffecff0000000020001000ecff0c00daff0c00feff2c00120012000e00feff,02000200fafffaffe2ffe2ff1a00fafff2fff2ff1600f8ff0c000c000c00dcff,1e00dcff040004000000eeff0400140034002600eefffeff0000eeff0600e6ff,4800eeff46000600ecff0e001400f4ffd666a69200c64266b6f590c7fc493ef5
2218,2218,0,fcff0a0000000000e2ff0000ecffecffcaffdaff1c000c000200f4fffeff2e00,120012003c000c00e2ff2000faff1a00e2fff2ff26002600faff1c00dcff0c00,dcff0e001400f6ff00001000f4ff2400f8ff0600feff1c00200000000600d6ff,ceffeeff6400daffecff0e0024000400a4f5dcc66e4820f7d8924a49e2663e93
2219,2219,0,ecfffcffdeff0000200000001c001c000c00daff1c00feff120030003e00feff,02000200eaff0c002e00e2ffeaffeaffe2fff2ff36003600caff0c00ecfffcff,fcff0e00f6ff04000000eeff0400140026002600d0fffeffdeff1000e6ff1600,eeff20001600dafffcff1e000400440006936c495266d49398c5de669ef650c6
2220,2220,0,ecfffcff00000000e2fff2ffecff1c00dafffaff0c00eeff220012000e000e00,f4fff4fffaff1c002e00e2fffaff4a00f2fff2ff260006000c001c000c00fcff,fcff0e0004000400ceffeeff140004001600f8fffefffeffeeffeefff6ff0600,eeff1000f8ff1600fcfffcfff4ff54003cc606675ef702c50849b6f702930c49
2221,2221,0,fcffecff000010000000e2ff0c001c00faffdaff2c002c0012000200eeff0e00,f4fff4ffdafffaffe2ff20000a00faffe2ffd2ffd8ff26002c001c00fcffecff,0e000e000400140010000000140004002600f8fffeff0c002000eeff06000600,2000deffcaff0600fcffdcff24001400bc4850f704949e476e67e892b0c55267
2222,2222,0,0a00fcffeeff10000000f2ff0c00dcff1c002c000c00eefff4fff4ff0e00feff,120012000c000c00e2ff3e001a001a0014000400360046000c00faff0c00ecff,1e001e004000140010000000f4fff4fff8ff1600feffeeffdeff0000e6ffe6ff,0000defff8ff1600caff0e00e4ff04005667f692e2c440670af848c4624876f7
2223,2223,0,fcfffcffeeff0000100010000c00ecffdaffeafffeffeeff40005000eefffeff,f4ff1200faff0c000000f2ff0a000a00f2fff2ff16002600caffeaffdcffdcff,1e00fcff0400040010000000f4fff4fff8ff0600eefffeffeeff20001600e6ff,eeff00001600caffdcff0e00f4ff040046f880c51e479ef848937848b2677e93
2224,2224,0,fcfffcff00000000f2ff20000c001c00faff1c00e0ff0c00d4ffe4fffeffdeff,02000200eaffeafff2fff2ff0a00fafff2fff2ff06000600caff0c00ecfffcff,8cff0e001400f6ffeeff1000f4ff1400f8ff3400feff0c00eeffeeffe6fff6ff,000020001600daff0e00fcffd4fff4ff66934c485067149468c4326878f880c5
2225,2225,0,ecff0a00eeff1000000010001c001c00faffcaff0c000c00e4ffe4fffeffeeff,02000200eaff0c000000f2ff0a00eaff0400e2ff060036000c00faffecff0c00,ecff0e00f6ff0400000010001400e4ff16001600fefffeffeeffeeff0600f6ff,00000000f8fff8ff3000ecffe4ff540020c58667eef8e2c394474af86e930248
2226,2226,0,2a002a00eeff00000000e2ff0c000c00faffeaff2a000c00f4ffe4ffdeff0e00,020012000c00daff20002000fafffaffd2fff2ff36002600faff1c00dcfffcff,0e001e002200140010000000f4ff1400d8ff1600eefffeff1000eeffe6ff0600,3000deffcaff1600ecffdcff140014008647a8f874949e463268989358c4d267
2227,2227,0,fcfffcff000000001000e2fffcfffcffeaff0c001c002a000200f4fffeffceff,0200e4ffeaff0c00f2ff2000faffeaff0400e2fff8ff54000c001c00fcffccff,0e00dcfff6ff1400eeff10001400f4ff34000600eeffe0ffeeffeeff2600f6ff,4800ceff06000600dcff0e003400e4ff1c68569372c3a0679af908c4624728f9
2228,2228,0,ecff0a0020000000f2ff1000fcff0c00faffcaff0c00eefff4ff12001e001e00,f4ff12000c00faffe2ff0000eafffafff2ff2400460016000c00eaffccff0c00,fcff1e001400f6ffdeffeefff4fff4ffe8ffe8fffeffe0ffceff0000f6fff6ff,eeffeefff8ffdaffdcfffcff0400f4ff12fa00c330466afafa9384466268ae93
2229,2229,0,1a00ecffeeffdeffe2ff2000fcfffcff0c001c0048000c0030000200ceffdeff,1200e4fffaff1c0000000000eaffdafff2fff2ff36000600fafffaffbcffecff,0e000e00f6ff140010001000f4ff0400f8ff0600feffeeffceff00000600d6ff,00000000f8fff8ffecff0e00d4fff4ffd693c64620686494f6c24268b8f9d8c3
2230,2230,0,fcff0a000000eeff2000f2ffecffecffdafffaffeeff0c00300040000e002e00,f4fff4ff3c00faff3e00d4ffdaff0a00e2fff2ff46002600fafffaffecff2c00,0e001e0014001400100000000400f4fff8ff0600eefffeffeeffeeff06001600,10000000e8ffe8ff1e00dcffc4ffe4ffc0c28c682afb82c224460efbfe933c46
2231,2231,0,fcff0a0010002000f2ffe2ff1c000c000c00faff0c00e0ffe4ffe4ff0e000e00,0200e4ff0c00faffe2ff2e000a00eaffd2ffe2ff26000600faff0c000c00fcff,1e000e00f6fff6ffdeffeeff14000400f8ff0600eefffeff20001000f6fff6ff,2000deffdaff46003000dcff2400c4ff5646a2fa84943245c268a893bcc26268
2232,2232,0,ecfffcff00000000f2fff2ff1c00fcfffaffdaff0c000c00d4ff1200eeffceff,02001200faff0c002e00e2ff0a000a00f2ff040006002600faff0c00ccffecff,0e000e0004001400eeff000004000400f8fff8ffe0ffeeffeeffeefff6ff0600,1000deff06000600baff1e001400e4ff8c68f693a2c220689efa12c1e045b8fa
2233,2233,0,fcfffcff10000000f2ff0000fcffecff2c00daff1c001c00e4ff12000e001e00,0200d4fffaff1c00f2fff2fffaff5a000400e2fff8ff1600eaff2c00fcff0c00,0e000e00e6fff6ffeeff300014000400f8ff1600fefffeff0000deffe6fff6ff,ceff00004600caffecff1e001400d4ff62fb20c2d2449afb1a943446cc68fe93
2234,2234,0,fcfffcffdeffeefff2ff00000c001c00dafffaffeeff2a000200e4ffeefffeff,020002002c000c003e000000dafffafff2ff1400540016001c00fafffcffccff,9cff1e0022000400eeffdeff04001400f8ffd8ff0c00feffeeffeeff0600f6ff,ceff20006400e8fffcfffcfff4ff1400f6938a454068049552c132698afb4cc2
2235,2235,0,fcfffcff0000000020000000ecfffcfffafffaff0c001c00f4fff4ff0e002e00,220002000c000c00e2ff20000a00daff0400e2ff5400e8ffeaff0c00fcff0c00,0e000e00e6fff6ff200000001400040006002600eefffeffdeff000006000600,00000000daff06001e00ecffd4ff240056c1cc685afc80c19644c0fb6e947045
2236,2236,0,fcfffcffeeff10001000f2fffcff0c00cafffaff1c002a0002000200eeff0e00,020002001c000c00d4ff2e000a001a00e2fff2fff8ff16000c00eaffdcffccff,0e00fcfff6ff14002000eeff04001400d8fff8fffefffeffdeffceffe6ff0600,1000ceff060016000e00ecff040024008a4464fc2495624422698a948cc11c69
2237,2237,0,fcffecff0000eeff000010000c00fcff1c001c000c00eefff4ff12000e000e00,22001200eafffafff2ff00001a001a000400f2ff36003600eaff0c002c001c00,4e009cfff6ff140010002000040004000600e8ff0c00eeffeeff000006000600,3000eeff06000600baff0e002400e4ff3c69369480c07068c0fc82c190444afc
2238,2238,0,fcffecff200000000000f2fffcff0c00fafffafffeffeeff1200b6ffeeff0e00,e4ff12000c000c004c00d4fffafffaff0400e2ff06000600fafffaff3c00fcff,dcff1e00220014001000defff4ffe4ffe8ffe8ff1c000c003000defff6ffe6ff,000000005400e8ffecff0e000400c4ff54fdd6c0824388fdaa9464436c697e94
2239,2239,0,dcff1a00eeff0000f2ff1000fcfffcff0c001c00e0fffeff12001200defffeff,f4ffe4ffeafffaffd4ff2000faff5a000400e2ff1600f8ffeaff2c00ecff1c00,0e000e00f6fff6ff000000001400f4ffd8ffd8ffeefffeffdeff00000600f6ff,deff00000600dafffcff0e00f4fff4ffb494c443d068a49552c03269f2fcbcc0
2240,2240,0,fcff0a0000001000f2ff0000fcfffcff1c00faffe0ff0c001200e4ffeeff2e00,02001200daff1c002e00d4fffafffaffe2ff0400360006002c000c00fcff1c00,0e00dcfff6ff04002000000004001400d8ff2600feffeeff10001000f6ff0600,00005800daff06001e00baffb4ff040016c09e69f8fd90bf044380fef6949843
2241,2241,0,2a000a00000000001000e2ffecfffcff1c001c00eeff0c000200f4ff0e00eeff,020012000c001c00f2ffe2ff0a00faff0400e2ffe8fff8ff2c002c00fcffccff,1e00dcff0400f6ff10001000f4fff4fff8fff8ff1c000c00eeffeeffe6ff2600,30000000daff06000e00fcff24000400f24220fe9495b442b2699a94cabf8c69
2242,2242,0,fcfffcff1000deff4e000000dcfffcfffaff0c002a000c0002001200feff0e00,e4ff0200faff0c0020003e00faff1a000400f2ff2600f8ffeafffaffccffdcff,0e000e00040014001000ceff14000400f8ffe8ff2a001c0000001000d6fff6ff,eeffdeff06001600dcff30002400d4ff9e69c49452bf526960fecebef84232fe
2243,2243,0,dcff0a00eeffbefff2ff10000c00ecfffaff0c002a001c00f4ffe4ffeeff2e00,0200f4fffaff1c000000e2ff0a001a001400f2fff8fff8fffafffaff0c00ccff,0e00dcff0400f6ff0000200024000400f8ff16001c001c0000000000e6ff0600,deff10001600caffdcff4000f4fff4ff50ff50bf844206fffa942443cc691695
2244,2244,0,fcfffcffeeffeefff2ff0000fcff0c00fafffaff3a001c00e4fff4ff0e00feff,f4ff22000c000c00e2ff2e00faff0a00140004003600f8ffeaffeaff0c00fcff,0e00dcfff6ff14000000100014001400e8ffe8ff1c00feff20002000f6ff0600,eeff10001600f8ff0e001e00d4ffe4ff92958242c669c495cebe166ac2fec2be
2245,2245,0,ecfffcff1000100010001000fcff1c000c001c000c010c00f4ff0200feffeeff,1200f4ffeafffafff2ffe2fffaff0a000400e2ff260006001c00faffecffecff,fcff1e000400f6ffeeffeefff4ff3400f8ff0600e0ff0c00eeff1000f6ff1600,10003000dafff8ff1e00ecffe4ff040060be186ad6ff54bec041f0fe46954c42
2246,2246,0,ecffecff0000100010001000ecfffcfffaff0c000c000c0040000200eefffeff,d4ff0200faff2c003e0020000a001a00e2ff04002600f8ff1c00faff0c00dcff,fcffecfff6fff6ffeeff10000400f4ffe8fff8ff0c00eeff0000deffd6ffe6ff,3000eeffdaff64001e00dcffe4ff24005841c6ffe4959e41566a7a95c2be3c6a
2247,2247,0,fcffdcff20000000200010000c00fcffdaffdaff1a012a01f4ff12002e00feff,1200d4ff0c001c00d4ff2e00faff1a000400140026002600faff2c000c001c00,ecff0e0014000400eeff0000d4ff0400060026000c00feff2000eeff06001600,0000eeff06004600caff0e001400d4ff386ab29554bec66916008ebeac416c00
2248,2248,0,fcffecff1000deff00003000ecffecff0c000c00eeff0c00f4ff02000e00feff,e4fff4fffaff2c000000f2fffaffdaff0400f2ff260026004c001c00fcffccff,1e000e00f6ff1400eeffeefff4ff0400baffd8fffeff0c0020000000f6ffd6ff,deff1000f8fff8fffcff0e001400a4ff380040bede40d4006a95e0406c6a9695
2249,2249,0,0a001a002000000010002000fcfffcff0c002c001c002a002200e4ffdeff3e00,f4fff4ff1c001c00e2ffe2ff1a000a000400d2ff460006002c00daffccff1c00,1e00fcff1400f6ffdeffeeffe4ffe4ff2600f8fffeffe0ff000000002600d6ff,100020003600caff0e003000f4ff24003e961841266a54962ebda66a7c00d2bd
2250,2250,0,ecff0a00eeff100010001000fcffecff0c00daffeeff0c00f4ff2200feffeeff,d4ffe4ff0c00faffe2ff00000a000a00e2ffe2fff8ff3600eafffafffcffecff,0e001e00e6ff0400eeff100004001400e8fff8fffeffeeff0000eefff6fff6ff,eeffeeffbaff06000e00fcfff4ff240094bd686a640134bda0408601d695cc40
2251,2251,0,2a00fcffdeff0000f2ff1000fcff1c000c00faff0c002c0012000200feff2e00,f4ff12001c00faffd4ff2e00faffeaffe2fff2ffe8fff8ff2c000c003c00fcff,dcff1e000400e6ffdeff10001400140016001600fefffeffceffeeff0600f6ff,10000000e8ff46001e00ecff1400f4ff58403801a2964a40a66a5a95f2bc8c6a
2252,2252,0,2a00fcff0000eefff2fff2ff0c000c00daff0c002c001c00120002000e00feff,f4ff12000c000c002000d4ff0a000a000400e2ff3600f8fffaff2c000c00dcff,1e00fcff14000400eeffceff0400f4ffe8ff1600eeff0c00eeff200006000600,1000deff46000600ecff1e000400f4ffb86a6e96c4bc766a0a021ebc0a40dc01
2253,2253,0,fcfffcff00001000000010001c00ecfffafffaff1c003c011200f4ffeefffeff,f4ff12000c00fafff2ffe2ff0a001a00f2fff2fff8fff8fffaff0c00dcfffcff,9cff1e0022002200eeff10000400f4ffd8ffbaffeeff0c0000002000e6fff6ff,000010000600cafffcff0e001400a4ff7202b4bcca3fc802ca959040186b6696
2254,2254,0,bcff0a00000000000000e2ff0c000c000c00daff0c001c00020012000e00feff,e4ff02001c001c00f2fff2ffeaff0a00f2fff2ff260036001c000c00acfffcff,0e001e001400f6ff2000100004001400f8ffcafffeffeeffeeffdeff1600e6ff,deff2000f8ffdaff0e000e00d4fff4ffb096923f766a10972ebce66b28036abc
2255,2255,0,0a000a00200020003e000000ecfffcffeaffdafffeff0c00120012001e000e00,12000200eaff0c00f2ffe2ff0a000a00f2fff2ffe8ff3600faff3c000c000c00,dcffdcff040004001000eefff4fff4ffe8fff8ff1c000c00deffeefff6fff6ff,10001000f8ff06003000dcffd4ff240050bbc86a360326bc2c3f6a0276962a3f
2256,2256,0,fcff0a00ceff10001000f2ff0c001c00fafffaff0c000c001200f4ff1e000e00,f4ff12000c00faff00000000fafffaffe2fff2ff460016000c001c00dcfffcff,0e000e000400140020000000040024002600e8fffefffeffeeffeeff0600f6ff,3000defff8ff16001e00dcff0400f4fff23ef2021097a23ed66b2a97dabb686b
2257,2257,0,fcffecff00000000f2ff20001c000c00faffeaff2c00eeff12001200eeff1e00,0200f4ff1c000c00f2ff00001a001a0014000400e8ff06000c002c00ecffecff,fcff0e000400e6ff2000100014000400f8fff8ffeeffeeffeeffeeff46000600,1000defff8ff6400baff0e0024000400386bc09646bbc66a3a038cbb923ef802
2258,2258,0,1a000a000000eeff2000f2ffecff0c000c001c001c001c0022000200fefffeff,120002000c00eaff0000e2ff0a000a00f2ffe2ff3600f8ff2c00eafffcff0c00,fcff1e00220004001000eefff4ff1400060034001c001c00eeffeeff06001600,ceff10004600f8fffcff1e000400d4ffb20300bb323ea603da964c3e786bd696
2259,2259,0,1a00fcff0000eeff000000000c00fcffdafffaff2c002c00220030002e003e00,f4ff1200faffeaffd4ff2e00eaffeaff0400f2ff060016000c00faff0c00ecff,0e000e0004000400deff0000040014002600d8ffeefffeff00001000d6ffe6ff,eeff20004600cafffcff0e00d4ffd4ff2097a23e366b9097dcba166c4804c8ba
2260,2260,0,dcff1a00000000001000f2ffacff2c00dafffafffefffeff2200d4ffdeff0e00,e4ff2200faff0c00f2ffe2ff0a00eafff2fff2ffe8ff2600cafffaff2c001c00,ecff0e00140014000000eefff4ff0400f8ffe8ff0c002a00eeffdefff6ffe6ff,eeff1000dafff8ff0e00ecffc4ff240070ba486b260566bb9c3e8c041e97d23d
2261,2261,0,1a00fcffeeffdeff0000e2ffdcfffcff0c00faff2c012c00220022001e00feff,12000200fafffaff000000001a000a00f2ffd2ff060006001c000c00fcffecff,ecff2e00f6fff6ffdeff1000440014000600f8ff1c000c000000deff16001600,1000eeffe8ff1600fcffecff04003400223e0805a097a43d466c1a97f8b9d86b
2262,2262,0,fcff2a0010000000f2ff0000ecfffcff0c001c001c011c011200f4ffeefffeff,1200f4ff1c000c002e00f2ffeafffafff2ff04000600f8ffeaffeaffecffccff,fcffecff040004000000deff04002400f8ffd8fffefffeffeeff0000d6ff0600,1000eeff46004600fcffecff2400f4ff886b309766ba566b3c05b8b9323d1005
2263,2263,0,fcfffcff20001000f2ff1000fcff0c00fafffaff2c00eeffe4ff02002e000e00,02001200faff1c00f2ff2e001a00faffd2ffe2ff3600c8ff1c002c00dcfffcff,0e00fcff140014000000100004000400060026000c002a0020002000e6fff6ff,eeff10005400e8fffcff3000e4ffc4ff240686b9463dd6059a970c3e086ce696
2264,2264,0,dcff0a0010000000e2ff0000ecff0c00daffeaff0c001c0040001200eeff0e00,02001200fafffaff20003e00eafffaffb0ffe2fff8ffd8fffaff0c00ecff1c00,0e000e0014001400eeff0000140014000600f8ff0c000c0010000000f6ff0600,ceff10004600dafffcff0e00b4ff5400a097a63c866b509818b9b66ce005e8b9
2265,2265,0,1a002a00eeffeeff00000000fcffecfffaff0c00eeff0c00f4ff22002e00feff,02000200faff0c00d4ff2e00faff0a001400f2ffe8ffd8ff0c000c00dcfffcff,1e002e000400f6ff10001000040004000600e8ffeeffeeff0000100006001600,10001000dafff8ff1e000e00e4ff140016b9b86ba206a0b9ac3c8c05ae977a3c
2266,2266,0,0a00fcff000000000000e2ffdcff1c00eaff1c002c002c0002001200feff2e00,020012000c000c00e2fff2ffeaff0a00d2ff04001600f8fffafffaff0c00fcff,fcff0e00040004001000defff4ff24000600e8ff1c00feff0000eeffd6fff6ff,30000000e8ff46000e00caff0400f4ffd03bf4063098163ca66c4e98a8b8186c
2267,2267,0,0a001a00eeff000020002000fcffecff0c000c002c002c00e4ff3000fefffeff,1200e4fffaff0c002e003e00eafffaffe2fff2fff8ffe8ff2c00fafffcffccff,1e00dcfff6ff04001000100024001400d8ffd8ff0c000c00eeff20000600f6ff,1000eefff8ff1600fcfffcfff4fff4ffba6c369852b9d66b0a07c8b88a3b5007
2268,2268,0,fcfffcff10000000f2ff10000c00dcff0c00fafffeffeeff22000200ceff1e00,f4ff0200eaff0c000000f2ff0a000a00d2ff1400f8ff16001c001c00fcff0c00,0e000e0004000400100010001400f4ffd8ff34000c00feff1000eeff06000600,eeff00004600daffcaff1e001400a4ff440776b8963b52076e98fa3a586cde97
2269,2269,0,fcfffcffeeffeeff10000000ecffecff0c00faff2c00eeffe4ff22001e003e00,12000200faff0c00e2fff2fffaff0a00f2fff2ff06003600eaff1c00ecff1c00,fcff0e00e6ffe6ffeeffdeff14001400f8ffe8fffeff1c00eeff2000f6fff6ff,deff10001600dafffcff1e00d4ff04006698a03b066cf098c4b7b66cf007b8b8
2270,2270,0,1a002a00deff000010001000dcfffcff0c000c000c002c010200f4ffdeff0e00,120022001c00faffd4ff0000eaffeaff1400f2fff8ffe8ff0c00eafffcfffcff,0e00fcff140004001000eeff04000400f8ff26000c0066000000eeffd6ff0600,000020000600f8fffcffdcffc4ff1400e6b7da6cd207fab72a3bfe08a098fa3a
2271,2271,0,2a00fcffeeffeeffe2ffc2ff1c00fcfffaffeaffdeff1c01e4ff1200feffeeff,0200e4ff1c002c00d4ff3e00faffeafff2ff0400d8ff36000c00faff0c00dcff,0e00fcff0400140000002000f4fff4ff16004400feff0c0020002000f6ff0600,2000eeffcaff5400fcffdcff14001400823a6c080099983ae66c5e98f6b7a06c
2272,2272,0,0a00ecff00000000f2ff20000c000c00eafffaff2c00eeff12001200deffeeff,02001200faff0c000000e2fffafffaff0400e2fff8ffc8fffaffdafffcfffcff,1e000e00f6fff6ff10000000240004000600f8fffeff0c00200010002600d6ff,2000defff8ff1600caff0e00e4ff0400ea6c7698bab7666cce08c2b6183ae208
2273,2273,0,fcff2a000000000010001000fcffdcff0c00faffeeffeeff020002000e000e00,1200f4fffaffeaff2e000000fafffaff1400e2ff06001600faffdaff0c000c00,8cfffcff0400040000002000040004000600caff1c00eeff0000defff6fff6ff,deff10001600daffcaff1e004400e4ffcc0850b7583ae0085e989a3ae06cc098
2274,2274,0,1a00fcffeeff0000e2ff1000ecff0c000c00faff2c00eefff4ff1200feff0e00,120022000c00faffe2ff2000fafffaff0400e2ff0600e8ffeaff0c002c001c00,ecff1e0014001400000010001400e4ffe8ff26001c00feffeeff0000f6fff6ff,beff30005400dafffcff0e00f4ff04000699323a566c2099c2b6066db20946b7
2275,2275,0,fcfffcff20001000f2ff0000ecfffcfffaff0c003c002c0012000200defffeff,02000200eaff0c002e00e2ff0a00eaffd2ff0400260006000c00eafffcffecff,0e000e001400140000002000f4ff0400f8ff26002a000c002000eeff0600f6ff,00001000daff16003000fcffd4ffe4ff50b60a6df0082ab746393e0910998839
2276,2276,0,ecff0a0000000000e2fff2fffcfffcff0c00daffeeff1c00f4ff1200fefffeff,12000200faffdafff2ff20000a00faff0400f2ffe8ffc8ff0c00eaffdcffecff,2e001e0004000400200010000400f4ff1600d8ff0c000c001000deffe6ff0600,6800ceffdafff8ff1e00ecfff4ff24000839260a40999239c86d2e996eb6106d
2277,2277,0,1a00fcff000000001000f2fffcff1c00caffdafffeff0c00120012004e000e00,02000200faff2c00d4fff2fffaff0a00040004003600f8ff0c001c001c00fcff,1e000e00f6ff0400eeffeeff040014000600e8fffeff0c0000000000f6ff0600,3000befff8ff0600dcff0e002400e4ff6a6d36995eb6c46c620a82b60839420a
2278,2278,0,fcfffcff0000eeff00000000fcfffcffcaff0c00defffefff4ff3000feff0e00,12000200faffeafff2ffe2ff1a001a00f2fff2ff16000600fafffaffdcffecff,dcff2e0014001400ceffeeff14001400060016001c001c00eeffdefff6ff0600,deff10004600e8fffcff1e001400e4ffa60a30b63239500a2e997638206d3099
2279,2279,0,fcff0a001000defff2ff0000dcfffcfffafffaffe2feeeff12000200deffceff,e4ffd4ff1c00eaff3e000000eafffaff2400b0ff06001600eaffeaffecff2c00,0e002e00f6fff6ff3000100014001400d8ffe8ff0c002a0010002000e6ffe6ff,deff10005400f8ffecff3000f4ff040066997838866cce9932b5566d360bceb5
2280,2280,0,1a00ecff0000cefff2ff0000fcfffcfffafffafffeff0c0012001200feff0e00,0200f4ff1c00eaffe2fff2fffafffaff2400f2ff16002600fafffaff0c00ecff,fcff0e00140004000000100014001400f8ff0600feff0c000000000006000600,eeff1000e8ffdaff1e00ecfff4fff4ff64b57a6d180bceb54638040c70990638
2281,2281,0,0a000a000000100010001000dcffecfffaff1c001c000c0002003000fefffeff,d4ff0200faff0c00f2fff2ff0a000a00f2ff0400f8ff0600eaffcaff0c003c00,fcff0e00040014001000eefff4fff4ff16002600feff0c00100000003600f6ff,3000deffdaff16000e00ecff2400140082370e0cfe994c38666d1e993eb5706d
2282,2282,0,1a002a001000ceff1000f2ff0c00fcff0c00faffdeff2c001200d4ff0e00feff,0200f4ff0c000c00d4fff2ff0a000a00360014003600e8fffafffaff2c00dcff,1e000e001400f6ff000000000400f4fff8fff8ff1c000c00000010000600f6ff,1000defff8ff1600ecff0e0024000400aa6dd6990eb5b46c520c52b46637e60b
2283,2283,0,0a00fcff1000200000002000ecffecfffaffdaffeeff0c00e4ff1200deffceff,d4fff4fffaff0c003e00d4ff0a00faffe2ff240006007400faffeaffacff0c00,fcffdcff04000400eeff1000f4ffe4ffcaffcaff0c00eeff000030001600d6ff,ceffeeff1600f8fffcff3000d4ffc4ff220de6b36e37460cbe99b237806dc099
2284,2284,0,0a00fcffeeffeeff00002000fcffecfffaff0c00eeffcefff4ff0200fefffeff,0200e4ff0c00faff2e002e00eaff0a00e2ff0400460036001c00fafffcff0c00,0e00ecfff6fff6ff0000000014000400caffd8ffeefffeff0000eeff0600f6ff,eeff10000600f8ff1e00fcffe4ff0400409ae236d46c8e9a12b4286eae0cbeb4
2285,2285,0,ecff1a000000eeff00001000ecff0c00fafffaff0c00feff12001200feff0e00,e4ff12000c00faff0000d4ff0a001a001400040046004600cafffaff0c002c00,1e00fcff0400040000000000040004000600d8fffeff0c00eeff1000f6fff6ff,00001000cafff8ff1e00dcffd4ff140096b3266ee60c6eb4d236020d009a8e36
2286,2286,0,ecff0a00000020001000f2fffcff1c000c00daff0c00feff0200f4ffeefffeff,d4fff4ffeafffafff2ffe2ff0a000a00e2ffe2fff8ff06000c002c00ecff1c00,ecffdcff0400f6ff00000000d4fff4ffd8ffe8ff0c00eeff20000000f6ff0600,0000eeffe8ff16001e00caffc4ffe4ffd635d20d5e9a6c36086e529a80b3b06d
2287,2287,0,0a000a00eeff000010001000dcff0c00faffdaff0c000c001200f4ff1e000e00,1200f4fffaffeafff2ff2e000a00eaffd2fff2ffe8fff8ff0c00faffdcff0c00,dcffecff04000400deffeefff4fff4fff8ffcaffeeffeeff0000000006000600,1000cefff8ff1600fcff0e002400b4ffaa6d809afeb3346d020ec2b3ce35420e
2288,2288,0,fcff1a00eeffeefff2ff2000fcffecfffaff0c002c000c0002000200eeff0e00,f4ff0200eaffeaff3e0000005a00faff04000400c8ffd8ff0c000c00dcffdcff,0e00fcffe6ff0400eeff1000f4ff0400060006000c000c00eeff1000f6ffe6ff,eeffeeff1600daffdcff1e002400f4ff7e0e06b3be35d40fb29a6235e06d709a
2289,2289,0,0a000a000000eeff000000001c00ecff0c00faff2c012c00f4fff4fffeff0e00,120012000c00faff0000d4ffeafffaffe2ff24001600f8ffeaff0c00dcffecff,0e001e000400f6ff2000eeffe4ff0400f8ff0600feff1c00eeffeeff0600f6ff,eeff20001600e8ff0e000e00e4ff0400309b7635246d4c9b60b3586ef80e20b3
2290,2290,0,fcfffcff0000eeff200000001c001c00faff0c000c00feff02000200feffdeff,020012000c00faff2e00d4ff0a001a00e2ff04002600e8ff1c000c00fcffacff,fcff1e00f6ff04000000eeff04001400d8fff8ff1c00eeffeeff0000f6ffe6ff,eeff1000060006000e00dcffc4ff140056b2266e9a10b0b1c235720fd09a2e35
2291,2291,0,dcffdcff0000eeff10001000fcfffcff1c00faff2c002c00d4fff4ffdefffeff,f4fff4ff1c001c002e002000dafffaffe2ff0400e8fff8ff3c000c002c00dcff,0e00ecff0400f6ff000000000400f4ffd8ffe8ffeeff1c00eeff10000600d6ff,0000deffdaff16003000fcfff4ffe4fff6340e0f8c9b3e35986ee29a94b2106e
2292,2292,0,fcffecff000010001000f2ffccff0c000c00daff1c000c00120002001e00eeff,020012000c00fafff2ff20000a000a00f2ff240054004600faff0c00fcffecff,fcff2e00f6ff140010001000e4ff1400d8ff3400feff0c00eeff2000f6ff1600,10000000f8ff1600fcff1e002400d4ff566e109b10b1846d020f20b23634480f
2293,2293,0,fcff2a00eeff0000f2ff0000ecffdcffeaff1c00eeffeeffb6ffe4ff1e001e00,d4ff12001c00faffd4fff2fffaff0a000400d2ff260016000c002c00ecff0c00,2e001e00140014002000deff24000400260006001c001c0000001000e6fff6ff,deff20005400e8ffdcff1e00e4ffc4ff461016b280345a11529b2235306e509b
2294,2294,0,fcff0a00200000000000f2fffcffecfffaffdafffeff1c01e4ff0200eefffeff,e4fff4ff0c00eaff0000f2fffafffafff2fff2ffd8ff26002c000c00ecffecff,0e000e00040014001000defff4ff2400d8fff8ff0c001c0000001000e6ffe6ff,deff10006400daff1e001e00e4ff0400709bd033746dfc9b20b2a86e881044b2
2295,2295,0,fcff0a001000100000000000ecfffcffdaffdaff2c002c00d4ff02002e00feff,0200e4fffaff0c00f2fff2fffafffafff2fff2ff060006000c001c00fcfffcff,2e001e00e6ff14000000000024001400f8fff8fffeff0c00deff10000600e6ff,eeff1000f8fff8ff3000ecffd4ff14004cb1666ebe12b4af60334610029ca633
2296,2296,0,1a00fcffdeff10001000e2fffcfffcff0c00faff2c002c00d4fff4ff2e000e00,f4ff02001c002c000000e2fffaff0a00040004000600d8ff0c000c00fcff0c00,fcff0e002200f6ffeeff000004001400e8ffd8ffeefffeffeeffdeffe6fff6ff,00000000e8ff46001e00caff04001400d83286113a9c7033786e149c64b1406e
2297,2297,0,fcfffcff100000000000f2ff1c001c001c00faff2c000c00f4ffe4ff1e000e00,0200f4fffaffeaffd4ff0000eaff1a00e2fff2fff8ff1600faff0c001c00ecff,1e00dcff0400f6ff0000000004000400d8ffe8ff1c000c00eeff0000f6fff6ff,eeffceff06001600ecffecff04000400666ef09b94af2a6ef6101cb14a323211
2298,2298,0,fcff1a00eeff0000e2ff00000c000c00caffeaffeeff1c000200e4ff0e00feff,e4fff4ff0c000c00f2ffe2fffafffaffd2ff1400360046000c00caffecfffcff,0e00fcff1400f6ff20001000f4ff0400d8ffe8ff0c001c00deff10001600f6ff,eeff100016000600dcff1e001400d4ff6611acb0d0320e13249c1032406e529c
2299,2299,0,0a001a000000deff10001000dcfffcfffaff0c00feff0c00d4ff12002e004e00,f4ff02000c001c00e2fff2fffaff1a000400f2ffd8ffe8fffaff0c000c00ecff,fcfffcff0400f6ff100010000400f4fff8ff26000c000c00eeff100026000600,eeff20001600dafffcff300014001400209c2832026eca9c9cb0c86e421204b1
2300,2300,0,0a000a00000000001000e2ff0c00fcfffaffeaff2c001c00f4fff4ff3e001e00,02001200fafffaff0000f2ff0a00fafff2fff2ff36003600faffeaffecffecff,0e002e00f6fff6ff00000000240014000600caff1c00e0ff000010000600f6ff,00001000e8fff8ff1e00dcffe4ff04005cb0966ede1344af80324a12da9c3a32
2301,2301,0,fcff0a0000002000f2ffe2ff0c001c00faff0c002c002c00f4fff4ff0e001e00,1200f4fffaffdafff2ffe2fffaff1a00f2ffd2ff46002600faff0c00dcfffcff,0e001e00140014000000deff14001400e8fff8ff0c00eeffeeffeefff6fff6ff,30000000e8ff64000e00caffc4ff14003e3180120a9dd032d86e549c1ab0806e
2302,2302,0,0a00ecff1000200020000000fcff1c00fafffaff1c002c00220002001e001e00,f4ff1200faff2c00e2ff2000eaffeafff2ffd2ffd8fff8ff0c00faffdcffacff,0e000e000400f6ff000010001400d4ff0600e8ff1c001c000000eeff0600e6ff,3000eeff060016000e00fcff4400f4ff966e429de4ae846d0a13c8afaa31c212
2303,2303,0,1a000a000000000000000000ecfffcff1c003c000c00eeff12000200feffeeff,12002200faff0c000000e2fffaff0a00f2fff2ffc8ff54001c000c00fcfffcff,fcff0e00f6fff6ffdeff1000140024003400260066000c00deff000006001600,deff10004600f8ffdcff1e00c4ff04002013dcaf20326e14b49c1032806eea9c
2304,2304,0,fcff0a00100000000000f2ff0c00ecffdaff0c000c002c00f4ff12002e00eeff,2200f4ff0c000c00f2ff10001a00faffe2ff0400f8ff2600faff0c000c00fcff,fcff0e00040014001000100004001400e8fff8ffeefffeffeeff0000e6ffd6ff,deff48000600daffecfffcffd4ffe4ff929d5e301a6e9a9d78afe86ece1350af
2305,2305,0,0a001a00100000001000f2ff1c000c00daff0c00feff2c00f4ffe4fffeff1e00,02002200faff0c00000000001a00faff0400f2ff06000600faff1c00dcffccff,8cff3e00140014000000eeff04000400caffd8ff0c00feff0000deffe6ffe6ff,eeff3000f8ff16001e00fcffe4ff3400f6aed66e2c15b4aedc302a133a9d4a30
2306,2306,0,1a002a00eeff10001000f2ffecfffcff0c00faff0c00eeff120002000e000e00,1200f4ff0c00faffe2ff3e001a001a00f2ff0400e8ff36000c00faffecff2c00,0e000e00f6ff14000000000004001400e8ffe8fffeff0c0010002000f6fff6ff,1000deffcaff64004000fcffc4ff0400982ff013ea9d3c31186f449d00afb86e
2307,2307,0,ecfffcff000000004e00e2fffcffecffdaffdaff2c00eeff12000200ceffeeff,e4fff4ff1c00fafff2fff2fffaff0a00f2ff1400060016000c000c00fcfffcff,dcff0e00f6fff6ff0000eeff240004002600f8ff0c000c000000eeffe6fff6ff,2000eefff8ff1600fcffecff2400d4ff066f609e28ad6a6ef81428afaa2f0615
2308,2308,0,1a00fcffeeffeeff1000f2ff0c00fcff0c00faff1c000c00e4ff02002e00feff,12002200eafffaffd4ff20005a00eafff2ff0400260006000c000c001c00fcff,1e00fcff0400f6ff1000eeff240014002600f8ffeefffeff000000002600f6ff,eeff00002400caffbaff1e002400e4ff0c15c6ae1630fc15c89ec42e026faa9d
2309,2309,0,fcffecff3000200020000000dcff1c00faffdaff1c000c00f4fff4fffeff0e00,d4ff1200fafffaffe2ff2e00eafffaff1400f2ff54002600eafffafffcffecff,dcff0e000400040010002000f4ff0400caff44001c000c000000eefff6fff6ff,beff30006400cafffcff1e00d4ffd4ff509e682fea6e0a9ed8ae086f761528ae
2310,2310,0,fcfffcff2000100000000000fcffecff0c00daff2c000c00020002000e000e00,f4ffe4ffeafffaff0000f2ff6a00faffe2fff2ff060006001c002c00ecffccff,0e001e00f6ff04001000eeff04001400e8fff8fffeffeeffeeff1000e6ff1600,00001000daff06001e00ecffd4ff240056ae066f9a1608adb42e98162a9e3a2f
2311,2311,0,0a00fcff0000400000000000ecffdcfffafffaff0c00feff400002000e00feff,f4ff12002c000c00e2ffe2fffaff0a00e2ff0400460016000c00eaffacff0c00,1e00acff2200040030000000f4ff1400f8ff16001c001c001000eefff6ff1600,10000000e8ff46001e00caff04001400982e38165a9e762f086fd89e88ad326f
2312,2312,0,0a002a0000000000f2ff0000fcffecff0c000c000c00deff020002002e00eeff,02001200fafffafff2fff2ff1a000a001400e2ff160026001c00faffecfffcff,0e001e0014001400eeffeeff1400040026000600feffeeff0000100006001600,2000eeff06001600fcfffcff2400f4ff266fe09e98ac7a6e981648ad482ee615
2313,2313,0,fcfffcff10002000d2ff10001c00fcfffaff0c001c004c000200f4fffefffeff,e4ffe4fffaff1c002e00d4fffafffaffd2ff1400460036000c00eaffecff0c00,8cff0e00140022000000eefff4ff0400060034001c001c0010000000d6ffe6ff,deffeeff16000600caff0e000400c4ffea16baad062fc817689ff42d326f9a9e
2314,2314,0,fcff0a002000eefff2fff2ff1c00fcff3c00faff0c001c00120030005e000e00,1200f4fffaff0c00e2ff2e000a000a00f2ff0400f8ff06000c00faffbcff0c00,2e00fcfff6ff040000002000f4ff0400f8ff06000c000c00200030000600d6ff,deff20001600f8fffcff1e00e4ff0400309fac2dca6ef89e38ad586f5e1768ad
2315,2315,0,dcfffcff000000001000c2fffcff1c000c000c00eefffeff3000f4ffcefffeff,f4fff4ff1c000c002e00d4ff0a000a00d2fff2ff06000600bafffaffccffecff,9cff1e00140022000000eeff1400040026000600feff0c00eeffeefff6ff0600,eeff1000daff06001e00ecfff4ff2400f8ac266f781808acb42c5817529fe82c
2316,2316,0,ecffecffeeffdefff2ff0000fcff0c000c002c00eeffeeffe4ff02000e00feff,120022002c00eafff2ffe2ff0a000a00f2fff2fff8ffe8ffeaff0c00fcffccff,fcff1e001400e6ffdeff200014002400caffe8ff1c00e0ffdeff10000600f6ff,2000eeffdafff8ff0e00ecfff4ff14000a2d1018469f582e686fe89fe8ac626f
2317,2317,0,0a00dcff0000200000005c00dcfffcffdafffaff2c00eeffe4fff4ffdeffbeff,e4ff12000c003c0000000000fafffaffd2ffe2ff26006400faffeafffcffdcff,dcfffcff1400220000000000f4ff1400baffd8ff0c001c004000deff0600f6ff,0000deff06006400fcff0e000400f4ff466fa09f58abda6e3c18d8acc82c1e18
2318,2318,0,fcff0a000000cefff2ff20000c000c001c00faff4c001c00f4ffe4ffeeff0e00,12001200fafffaffd4ff20004a00faffe2fff2fff8ffe8fffaff0c00ecff1c00,ecffecff1400f6ff0000eeff140014000600f8ff0c00feffeeff00003600e6ff,deff00001600f8ffdcff3000040094ffb01814ac082e80193ca0042c826f629f
2319,2319,0,dcfffcff10001000f2fff2fffcffdcfffafffafffeffeeff40001200feffeeff,220002000c00faff4c00e2ff0a00eaff0400f2ffe8ffe8ffeafffaffdcffecff,fcff2e001400f6ff10000000e4ff1400f8fff8ff1c000c0020002000d6ffd6ff,beff20006400f8fffcff0e00d4ffd4ffa09f362cfa6eb69f58ac186fb01820ac
2320,2320,0,fcff0a0010000000e2fff2ffdcff0c00faffeaff2c000c0022001200eeff0e00,1200f4ff1c000c00d4ff2e000a000a000400e2ff0600f8ff0c000c00fcfffcff,1e000e001400f6ff10000000f4ff0400f8ff06000c00e0ffeeff2000e6ff0600,48005800daffcaff1e00ecffd4ff4400e4ab666f061a82aad42b201ad29fb02b
2321,2321,0,2a00fcffceff100000000000dcfffcffdafffaff0c002c0050001200feff0e00,e4ff02000c001c003e00f2ffdaff0a00040014003600f8ff1c00faffdcff1c00,0e000e0014002200200010000400e4ff2600e8ff0c000c0020001000e6ffe6ff,1000deffdaff54003000ecffd4ff1400fe2a101976a0982d686fcca0b0ab626f
2322,2322,0,0a000a000000eeffe2fff2ff0c00fcff0c000c000c001c00f4ff1200eeffeeff,300012001c000c002e00e2fffaffeaff0400d2ffe8ff0600faff0c001c001c00,1e00fcfff6fff6ffeeff000024002400440006000c00feffdeffceff06002600,1000ceffe8ff0600fcfffcff3400d4ff666f66a0e2a9ca6e401aa8ab302bb019
2323,2323,0,0a00fcff10000000f2fff2ff0c000c002c001c000c000c00120012000e000e00,d4ff02000c001c00f2ffe2fffafffaffe2ff040006005400eaffeaffecff0c00,1e000e00140004002000eefff4ff04001600f8fffeff1c00deffeeff0600c6ff,eeff1000f8ffdaffcaff0e000400c4ff3a1af4aa882df41a2ca1d42ba26f52a0
2324,2324,0,0a00fcff000000000000f2ffecfffcff0c000c0048000c000200e4ff0e00deff,e4ff12000c00faffc4ff00000a001a00f2fff2ff36003600eaff1c00dcffecff,1e001e000400d8ff0000000004001400f8ff2600fefffeffeeff0000e6fff6ff,ceff20001600f8ffdcff0e00f4fff4ffd6a09429aa6eb6a0b8ab786f701ad4aa
2325,2325,0,1a00fcffeeff00001000f2ff1c00ecfffaff0c000c000c0050001200eefffeff,f4ff1200faff1c00f2ffe2fffaffdaff0400e2ff060006000c001c000c001c00,1e00fcff040022001000eeff1400d4fff8ffd8ff0c000c0010001000e6ff0600,00000000f8ff16001e00ecffe4ff040064aa566fe41b62a9142af01ae4a0e429
2326,2326,0,1a002a0000002000f2ff0000ecffecff0c000c00feff0c00120040000e00feff,e4fff4fffaff0c00f2ff0000eaff1a00f2ff0400360036000c00faff0c001c00,1e000e0014000400eeff0000f4ff1400f8fff8ff0c00eeffeeffeeffe6ff0600,2000ceffcaff16003000dcff040014003429da1a06a1882d886f40a264aab26f
2327,2327,0,0a001a0010001000f2ff1000fcfffcff1c00fafffeffeeff300030003e001e00,120002001c001c0020002e001a000a000400f2ff060026002c000c00fcff2c00,0e00fcff0400140020000000f4fff4fff8ff0600eeff0c00deffeeff0600e6ff,1000defff8ff0600fcff1e004400e4ff766f26a1f2a81a6f701b96aaa429521b
2328,2328,0,0a000a00100000000000f2ff0c00ecfffaff1c000c000c00020002001e00feff,120002001c00eaffe2ff2e00faff0a0004003600e8ff1600faff0c00acff0c00,1e000e00220014001000200004000400e8ff34000c00feff00001000d6ffe6ff,deffdeff4600f8ffcaff40000400d4ff7c1c9aa93c28641c20a29028a26fa4a1
2329,2329,0,0a00ecff1000100010000000ecfffcff0c00caff3a002a00020002002e000e00,f4fff4fffaff0c00f2ff0000faff1a00f2ff0400360026001c00faffecffacff,1e00fcff0400140010001000f4fff4ffe8ffd8ff0c00e0ff1000defff6fff6ff,deff30001600daffdcff0e00e4ffe4ffd6a16428da6eb6a152a9a86f021cf4a9
2330,2330,0,dcff1a00ceff0000f2ffe2ffecffecffdaffdaff0c000c000200f4ff1e002e00,120002000c002c00f2ff3e00eaffeafff2ff0400d8ff1600eafffaffbcffecff,fcfffcfff6ff22003000100004001400aafff8ff0c001c00eeffdefff6fff6ff,eeff0000dafff8ff0e00caffd4ffe4ff9aa9766fb41c72a8d028a21cb4a12a28
2331,2331,0,ecfffcff00000000f2ff00000c00fcff0c00faff2a002a00f4ff30000e000e00,020002000c000c00e2ff2e000a000a001400f2ff2600e8ff0c000c00fcff0c00,1e002e00e6ff04000000300004001400060006001c000c00eeff1000d6fff6ff,2000eeffdaff2400ecffecfff4ffd4ff14281c1df6a1ac27c86f70a294a9a26f
2332,2332,0,fcffecff2000eefff2ff1000ccff0c00faff0c00eeffd0ff0200e4ffeeff0e00,e4ff12003c00fafff2ffd4ffcaffdafff2ff1400260026001c00faff0c002c00,ecff0e00040014001000100004001400d8ff2600eeff2a001000cefff6ffe6ff,1000deffe8ff4600fcff0e000400e4ffcc6f30a242a85a6f221d12a9ba270a1d
2333,2333,0,fcff2a000000eeffe2ff2000fcffecff0c00faff2a000c00e4ff30000e000e00,f4ff1200eafffafff2fff2ff4a00faff0400f2ffc8fff8ff0c000c000c00dcff,0e00fcffd8ff040000003000040014004400baff0c00eeff200030000600f6ff,eeffeeff2400f8fffcff0e00f4ffc4ff181eeaa8bc26f21df0a2ac27c26f74a2
2334,2334,0,0a002a002000100010000000ecfffcffcafffafffeff0c0112000200defffeff,020012001c00faff3e00f2ffdafffafff2ff04003600e8fffaff0c00fcfffcff,0e001e00040022002000eeff1400f4fff8ff1600eeff0c00000000000600f6ff,deff20002400e8ff1e0040000400d4ffc0a20e270a6f74a2d2a8c86f4a1e9aa8
2335,2335,0,1a00fcff0000eeff00002000dcffecffdaffdaff0c001c00e4ff3000eeff1e00,1200f4ffeafffafff2ffd4ffeaffeafff2ff0400f8ff36000c000c00fcff0c00,fcff0e00e6ffe6ff10000000140014002600f8fffeffeeffeeff000006000600,00003000f8ffdafffcfffcff140004007aa8766fd01ea4a7ac26421e94a2ca26
2336,2336,0,fcff0a0000002000e2ffe2ffdcffecfffaffcaffeeff2a00e4ff4000feff0e00,d4ff12001c000c002e00e2ffeaffdafff2fff2ff540016001c000c00ccff0c00,ecff0e000400040030000000f4ff0400f8ffe8fffeff0c001000eeffe6ffe6ff,eeffdeffe8ff36000e00dcff140014006e268a1ed4a21e26886f02a48aa8d26f
2337,2337,0,fcfffcffdeff1000100010001c001c00cafffaff2a00eefff4ff0200fefffeff,1200f4ff0c000c00d4ffe2ff0a00faff1400e2ff16005400eafffafffcff1c00,0e00dcfff6fff6ffeeff300044001400f8ff0600e0ffe0ffeeffeefff6ff0600,1000ceff06001600ecfffcff0400e4ffcc6fe0a224a74a6f021fe2a838265a1e
2338,2338,0,ecff0a00eeff100000001000ecffdcff0c00caff0c012a01220022000e00feff,d4ff1200eaff1c002e00d4fffafffafff2ff1400d8ff06000c00bafffcffccff,fcff1e00040014001000deff0400f4ffd8ffd8ff1c00feff10000000e6ff0600,deffeeff0600f8ffecff0e000400c4ffda1eeaa7f024401f90a32e25c26f70a3
2339,2339,0,0a00ecffdeff0000100010000c00fcfffaffeafffeff2a0012001200feff3e00,2200f4ffdafffaffc4ff2e00eaff0a001400e2ff06002600eaff0c000c000c00,1e001e00f6ff04000000200014000400060006001c00e0ffeeff10003600e6ff,eeff10001600caff0e000e00e4ff040030a30e262a6fd4a2aea7a86f321fdaa7
2340,2340,0,fcffecff100010004e00f2ffecffecfffaffbaff0c011c003000e4ff1e00eeff,0200f4ff1c00fafff2ff3e00daffeaffc0ffe2ff060016002c00eafffcff1c00,2e000e00040022000000eeffd4fff4ffcaff16000c000c002000cefff6ff0600,00002000f8fff8fffcffdcffa4ff340034a7ec6fc01fd4a62c264620d0a34825
2341,2341,0,3a00ecffceffcefff2ffe2fffcffecff2c00caffeeffeeff12000200eefffeff,3000d4fffaffeaffd4ff3e00fafffaffe2ffe2ff06000600faff0c002c00dcff,0e000e0004000400deff000014002400e8ff2600fefffeffeeff00000600f6ff,1000deffcaff16001e00fcff14004400d0248a1f64a380241c7002a420a7b26f
2342,2342,0,0a00fcffdeff10000000e2ffecff0c002c00faff1a011c00e4ffe4fffefffeff,e4ff02001c002c00d4ffc4fffaff0a00f2ffe2ff06001600fafffafffcff0c00,fcff1e00140014003000100004000400d8ff3400eeff1c0000000000f6fff6ff,0000defff8ff1600ecfffcff1400f4ffdc6fe0a366a6fa6e3620eea6c824e21f
2343,2343,0,fcffecffeeffdeffe2ff00000c00fcfffaff0c000c01eeff400040000e000e00,0200f4ff0c000c00f2ffe2ff0a00fafff2ff140006001600faffeaff0c00fcff,0e000e000400f6ffeeff2000040024003400f8fffeffeeffeeff10001600f6ff,eeff00000600f8ffaafffcff0400c4ff0021a4a670234020eea41c24e26f30a4
2344,2344,0,fcfffcffeeffdeff10000000fcff0c00faff0c002a00feff020002002e00deff,12000200faff1c00d4fff2ffeaffeafff2ff040006000600caff0c00fcff0c00,0e00dcff1400140020000000040004000600f8ff0c000c000000eeffe6ffd6ff,ceff20001600daffecff0e000400140010a48024ea6e88a4dea6886f5421d8a6
2345,2345,0,0a001a00eeffdefff2ff1000ecfffcff0c00caffeeff1c00f4ff02001e003e00,0200f4ffeaff1c002e0000001a001a00d2ffd2ff460046001c00fafffcffdcff,2e009cffe6ff04001000000014000400d8ffd8ff1c000c00deffeeffe6ff0600,00002000f8ffdafffcfffcffe4fff4ff54a61c70ac21e6a50a23e620c8a4e023
2346,2346,0,dcff0a00000010001000f2ff1c00ecffcaff0c00d0ffd0ff020012000e00feff,e4fff4fffafffafff2ff2000eaff0a00d2ff1400360026000c001c00fcfffcff,0e00dcff1400220020002000a4ff0400baff16000c000c002000eeffe6fff6ff,eeffeeffcaff16001e00caffe4ff04000a232021b8a4d222886f4ea538a61270
2347,2347,0,2a00fcffeeff200010001000dcffecfffafffaffeeffe0ffe4fff4ff0e001e00,1200f4ff0c000c00e2ffe2ff1a00eaffd2fff2fff8ff0600fafffaffecffdcff,1e00fcff1400f6ff1000000004001400f8ffd8ffe0ffeeffeeffeeff0600e6ff,2000eeff0600f8ffecffecff1400e4ff1c70aea456a5fa6e2a228ea6c422e421
2348,2348,0,fcff1a00100000000000f2fffcffdcffdafffaff0c00eeff400012000e000e00,020012000c000c00f2fff2ff0a00faffe2fff2ffd8ffc8ff0c00eaff8cfffcff,fcff0e0004000400eeff0000f4ff1400d8fff8ff0c00feff0000eeffd6fff6ff,eeff10006400f8ffdcfffcffd4ffe4ff4a2286a58222a2224ea53a22e26f68a5
2349,2349,0,fcff0a00eeff000020000000dcffdcfffaffdaff2c001c00e4ff12002e000e00,f4ffe4ff0c000c00f2ff4c000a00eaffd2ff1400e8ff2600caffeaff0c00fcff,0e000e000400f6ff1000deff04001400d8fff8ff0c00feffeeff00000600e6ff,deff00001600caff0e000e00f4fff4ff98a50a22ea6e76a50ea6a86f4422c8a5
2350,2350,0,2a00fcff000000001000f2ffecff0c00faff1c00deff1c0002000200feff0e00,f4ff0200eafffaffe2ff00000a00fafff2fff2ff360036000c00eaffecff0c00,1e000e00f6ff14001000100004004400f8fff8ff0c00feff2000eeff06000600,eeff1000f8ff16001e000e00f4ff240066a5cc6fc22236a52a220a2388a56422
2351,2351,0,0a00fcff000000002000f2ffecff0c00faff0c002c00deff02000200eefffeff,e4ff1200fafffafff2fff2ffeaff0a0014000400e8ff2600faff1c00fcffdcff,0e00fcff04001400eeff0000040014002600f8ff0c00feffeeffeefff6ff1600,1000deffcaff06001e00aaff040004000a223a2376a54c21686f1ea698a5c26f
2352,2352,0,0a00fcff0000100010002000fcfffcffdaff0c00eeff2c00e4ffd4ff0e001e00,120012002c00faffd4ff2e00eafffaff1400f2ff0600c8ff0c00eaffecffecff,fcff0e00f6ff040020000000f4ff0400e8ffd8ff0c000c00deffeeff0600f6ff,2000defff8ff6400ecfffcff0400f4ffcc6f64a638a4ea6e4a232ea544218023
2353,2353,0,fcff0a00100020000000e2fffcffdcffeafffaffeeff1c00120012000e00ceff,f4ff12002c001c0020002000fafffaffd2ff14003600d8fffafffaffdcffbcff,2e00fcff220004000000eeff140004000600d8fffeffeeff100010000600d6ff,deff0000f8fff8ffecff1e000400b4ffaa235ea4cc2080238ea61a22d26ff8a5
2354,2354,0,1a00ecff10000000f2ff1000ecff0c00fafffaff0c002c004000f4ff0e00feff,f4ff1200faff1c00f2fff2ffeafffaff2400040006002600faff0c00ecfffcff,dcff1e00f6ff04002000200004000400f8ff2600e0fffeff00001000f6fff6ff,eeff58001600e8fffcff0e00e4ff1400c4a63021fa6ee6a5eea4886f602490a4
2355,2355,0,2a002a00eeff0000f2ff3000ecfffcffcaff1c001c00feff120030000e002e00,120022000c001c002000e2ffdaffeaffd2fff2ff160036001c001c000c00dcff,0e000e0014000400eeff0000040004001600cafffeff0c00eeff00000600f6ff,10004800daff06000e00dcff0400240000a4dc6f6024e8a356200c2478a6ba20
2356,2356,0,dcfffcff000010000000f2fffcfffcff0c00daff1c00feff02001200eeff4e00,f4ff12000c000c00d4ff2e000a00fafff2ff04002600f8ffcaff1c001c000c00,0e00fcfff6ff2200eeff00000400040034002600feff0c000000eefff6ff0600,00000000daff06003000ecffe4ff240010205025e4a6801f3c70aea730a4f26f
2357,2357,0,2a00fcff0000000010000000fcfffcfffaff0c002c000c00020002000e00feff,f4ff02001c00faff20004c00dafffaffe2ff040006003600eaff0c000c000c00,0e00ecff14001400eeff10000400e4ff16004400eeff0c001000eeffe6ffe6ff,3000cefff8ff4600dcff0e002400f4ffcc6f04a768a30a6f5e25bea4621f4825
2358,2358,0,2a00fcff1000ceffe2ff1000fcffecff0c00daff0c00feffd4ffe4ff1e00feff,1200f4ff0c000c002e00d4fffaff0a00f2fff2fff8ff06000c001c00ecff0c00,dcffecfff6ff04002000eeff1400f4ffd8ffd8ff0c00eeffbeffeeff16000600,eeffeeff0600daffdcfffcff1400e4ff7e2630a3b01ed02532a8821ec26f40a7
2359,2359,0,0a000a00100010002000f2fffcfffcff0c00fafffeff1c01020002000e002e00,120022003c00faffe2ffe2fffaff5a0014000400b8ff26002c000c000c000c00,1e00fcff04001400000000002400d4fff8ffd8ff1c00feffceffcefff6ffe6ff,eeff00001600caff0e001e00e4ffd4ffeaa7aa1e1a6ff4a66ea4d86ff82590a3
2360,2360,0,0a001a0010000000e2fff2ffdcfffcfffaff0c00eeff1c01f4ff0200eeffeeff,f4fff4ffeafffaff200000000a002a00f2ff04002600d8ffbafffaffccfffcff,fcff0e0004000400eeffeeff04001400f8ff06000c00eeff0000eefff6ff1600,eeff1000daffdaff0e000e00d4fff4ffe0a2dc6f2c26e8a2b21e2c27d0a77a1e
2361,2361,0,1a000a00100020000000f2ffecff0c000c000c00fefffeff02003000defffeff,e4ffe4ff1c00faff0000d4ffeafffaffd2ffd2ffe8ff0600fafffafffcff2c00,dcff2e00f6fff6ff0000eeff0400a4ff2600f8fffeff1c00deff0000f6fff6ff,1000deffdaff16003000ecffe4ff14002a1efe26a4a7301eb86f32a870a3e26f
2362,2362,0,0a00fcffeeffeeff0000f2ff1c000c001c00faffeeff0c00f4ff12002e002e00,0200e4fffaffeaff20002e000a000a00e2fff2ffd8ff2600faff1c00ccffdcff,0e00dcff04000400000020000400f4fff8ffbaffeeff0c00deff000016000600,20000000e8ff1600ecff0e0004001400ec6f9aa864a2ea6e2c275ca2ba1d4a27
2363,2363,0,0a00fcff10000000100010000c00ecff0c000c00eeff1c00f4ffd4ff2e002e00,12001200eaff0c002e00c4fffaff0a00d2ff040006002600faffeafffcffecff,dcfffcfff6fff6ff1000deff2400e4ff0600f8fffeffe0ff1000befff6fff6ff,1000eeff0600e8ffcafffcff2400d4ff6e2790a2a21dcc26b2a8721ea26ffaa7
2364,2364,0,2a00fcffdeff0000f2ff1000fcffecffdaff1c000c000c002200d4ff0e00eeff,02000200fafffafff2ffd4fffaffeaff0400f2ffe8ff36000c000c001c00dcff,0e002e00040004000000eeff0400f4ffd8ffe8fffefffeff0000200016003600,eeff30006400daff0e0030001400f4ffbaa87c1dba6e62a810a3986faa27c4a2
2365,2365,0,fcff0a000000000000000000dcfffcfffafffaff0c002c00c6fff4fffeff0e00,f4ffe4ff0c000c003e00f2ffeaff0a000400d2ffd8ff06001c00faffdcffdcff,1e009cffd8ff04003000eeff14001400d8ffe8ff0c00feff0000eeffe6fff6ff,deff10000600f8ff4000fcffc4ff040030a2ac6f2c28a6a1621c8c2724a97a1d
2366,2366,0,ecff0a00eeffdefff2ff2000fcfffcff0c002c00f2fee2fef4ff12000e000e00,e4ff02000c00faffe2ff2e00faff0a000400d2ff2600d8ff0c000c00fcff2c00,2e001e00f6fff6ff10000000f4ff0400f8ffd8fffeff1c00deff20001600e6ff,3000deffe8ff46000e00ecfff4ff1400281c4428a2a8f41cb86f92a9c4a1b26f
2367,2367,0,fcff0a001000eeff000000000c00fcfffaff2c00deff0c000200e4fffeff0e00,1200e4fffaff2c00f2ffe2ff0a00fafff2fff2fff8ff06000c000c00ccffecff,fcff1e00040022002000eeff0400f4ff260026000c001c00ceffeefff6ff1600,2000eeffe8ff4600ecffecfff4ffe4ff766f5aa976a1ca6eb02880a2021c9a28
2368,2368,0,1a003a00eeff0000e2ff1000ecff0c00faffdaffeeffeeff0200d4ffdefffeff,f4ffe4ff2c001c003e00f2fffafffaff0400e2fff8ff0600faffeaffdcfffcff,0e00fcff040004000000100004000400060006000c00eeffceff000006000600,0000eefff8ffe8ffdcfffcff1400b4ff042986a1d41b3c2806aaf21bc26f84a9
2369,2369,0,ecff1a001000000010001000ccffecffeafffaffeefffefff4fff4fffefffeff,f4fff4ff2c001c002e00f2ffeafffaffe2fff2ff46005400eaffeaffecffdcff,fcffdcff1400f6ff0000eefff4ff1400f8fff8ff0c000c001000deff1600f6ff,ceff40000600daffecff0e00f4ff1400baa9c81bca6ed2a808a1786f242904a2
2370,2370,0,fcfffcffceffeeff100010001c000c000c00dafffeffe2fe02002200feff0e00,02001200daff0c00d4ff20001a00faffe2fff2fff8ff3600daff1c00ccffccff,fcff0e00f6ff0400eeff10003400040026001600eefffeff10000000f6ff0600,eeff1000daffcaff30000e00c4ff040026a1766fbc28f6a0401b142af4a9521b
2371,2371,0,2a002a00000010002000f2ff0c000c000c000c000c000c00d4fff4ff0e002e00,1200f4fffafffafff2ffd4ff0a000a00e2ffe2ffe8ff1600eaff0c000c00ecff,0e000e0014001400eeffceffd4ff1400f8fff8ff0c000c000000eeffa6ff0600,10001000e8ff46003000ecfff4ff54006a1a942972a9541b686f66aa34a1b26f
2372,2372,0,1a00fcff0000deff200010001c00ecffeaff0c001c00defff4fff4fffeff0e00,f4ffe4fffaff0c0010001000fafffaff0400e2ffd8ff06001c000c00ecffccff,0e000e00e6ff1400eeffeeff0400f4ff34000600fefffeffdeff2000f6fff6ff,2000eefff8ff2400fcff1e00e4ffe4ff566f94aa66a0ea6e342ab8a0301a042a
2373,2373,0,dcff0a0010000000100000000c00dcffbaff0c000c001c0040000200deff0e00,98ff12003c000c00e2ff2e00faffeaffe2fff2ff260036000c00fafffcffdcff,0e001e00f6ff04002000000014000400d8ffe8ff1c000c00000000000600f6ff,ceffeeff46001600fcff0e000400d4ff5e2ae6a0361aa22a36ab801a926f54aa
2374,2374,0,0a00fcff0000cefff2ff0000fcfffcff0c00fafffefffeffe4ff02002e00feff,020002000c000c00b6ff3e000a00faff04000400e8fff8fffaff1c000c00fcff,0e00ecfff6fff6ff1000100024001400d8ffd8fffefffeffdeff0000f6fff6ff,eeff20004600dafffcfffcff0400140024ab9019ca6ee2a978a0886f502bb4a0
2375,2375,0,1a001a00000010002000e2ffecff0c00faff0c00feff2a014000d4ff2e001e00,f4ff02000c001c002e00e2fffaff0a00e2ff1400e8ffd8ffeafffaffecff0c00,dcff1e000400f6ffdeff0000f4ff4400caffe8ff0c000c002000defff6fff6ff,deff30001600e8ff30000e00f4ff040046a0466fd22a26a0bc19642a00ab9019
2376,2376,0,0a000a00deffeeff0000f2ff0c000c001c000c00feff0c00e4fff4ffdeffceff,1200e4fffafffafff2ffe2ff0a000a001400e2ffd8ff06000c000c001c00ecff,0e008cffe6ff1400eeff1000040024000600d8ff0c00feff1000deffe6ff2600,10000000baff54001e00ecffd4ff040010195e2b62aa3019586fc8ac84a0b26f
2377,2377,0,dcff0a00100000000000f2ffecfffcffbaffdaffeeff2a004000f4ffdefffeff,f4ff02002c00faff2e00f2fffafffafff2ff1400060016000c00eafffcffdcff,0e001e000400f6ff0000cefff4ff1400e8ffd8fffeff0c0000000000d6fff6ff,eeff0000f8ff4600fcffecff0400f4ff566f64abb69fda6ee82c38a0ee17d02b
2378,2378,0,0a000a0010000000e2fff2ff2c00fcfffaffdaff1c00fefff4ff12003e00eeff,02000200eaff0c00d4ff2e000a000a000400d2ff060006001c000c00fcffccff,1e000e00f6fff6ffceffeeff24000400caff0600fefffeffeeff20000600f6ff,0000eeff1600caffecff30004400e4ff4c2ce69fe018082ee8ac5c17926fb0ab
2379,2379,0,fcff0a000000000020000000dcffecfffaffcaff2a00d0fff4ffe4ff0e00eeff,f4ff12000c001c00e2ff2e00daff0a00f2ffe2ff26002600eaffeafffcffdcff,0e000e000400f6ffeeff0000f4ff2400d8ff0600fefffeff0000deffe6ffe6ff,eeff10004600daff0e001e00c4ffe4ff98ac4018da6e30ab649f286f502ca29f
2380,2380,0,2a000a0010000000f2ffe2fffcff0c00faff0c00eeffeeffe4ff02002e00deff,0200f4fffafffafff2fff2ff1a001a00f2ff0400060006002c00faffecff0c00,fcff2e0004000400eeff100044001400f8fff8ff1c00e0ff10000000e6ff0600,00001000f8ffdaff40001e00e4ff4400709f366fe82e869f1c17282ef0ab0e18
2381,2381,0,fcfffcffeeff100010001000dcffdcffdafffaffeeff0c00f4ffe4fffeffeeff,d4ffe4ffeaff0c004c00f2ffeafffafff2ff1400160054000c001c00ccffdcff,9cff0e00040014001000000004000400d8ffe8ff0c000c0000003000e6fff6ff,10000000daff16003000ecffe4ff04005a17302dd0abda17586fa8ac429f826f
2382,2382,0,0a000a00eeff0000f2ff3000fcffdcff2c002c00eeff0c00220012001e000e00,22002200fafffafff2ffe2ff1a00eaff04000400c8ffd8ff2c002c000c003c00,0e00fcfff6ffe6ffceff000014001400f8ffd8ff1c00e0ffceff000006000600,5800deffcaff4600ecff0e0024000400666f2aad569faa6e882ee49e7e17962d
2383,2383,0,0a00fcff2000eeff00000000ccff0c00faff0c00e0ff0c0012001200eeff0e00,f4ff0200faff0c002000e2fffaff0a00e2ff140006003600fafffaff1c000c00,dcff1e0014002200deffeefff4ff14000600e8ff2a002a0020000000e6ffd6ff,eeff00000600f8ffdcff0e000400c4ff3e2e309f3a17562fd8ad3c17426fb8ac
2384,2384,0,2a001a001000cefff2ff0000ecfffcfffaff2c00feffeeff12001200eeff0e00,1200e4ff0c000c00d4ffe2ffeaff0a00f2ffe2ffe8ff06002c001c00fcffecff,9cffecfff6fff6ffeeff1000140004000600f8ff0c002a00eeff1000f6ffd6ff,deff30001600daffecff3000e4fff4ff9aad88168a6ec8acc49e286fea2d229f
2385,2385,0,0a001a000000100010000000fcff0c001c00fafffeff0c00120030000e000e00,e4fff4fffaff0c003e002e000a00eaffd2ff0400f8ff16001c00faffecff2c00,0e001e001400140010000000f4fff4ff060026002a000c000000eeffd6fff6ff,ceff2000e8fff8ff1e00fcff04004400009f066f16308a9e7c15882e68ad7616
2386,2386,0,0a00fcff10000000f2fff2fffcfffcff1c000c00feffd0ff3000f4ff2e00eeff,0200f4ffeaffeaffe2ff2000faff1a00e2fff2ffd8ffe8ff0c001c00fcffecff,0e000e00f6ffe6ff0000deff24002400060026001c00feffeeffeeffe6ff1600,10001000caff0600fcffdcff040044002816ae2e18ad2c16e86e68ae9a9e526f
2387,2387,0,2a002a0000000000f2ff10000c000c00dafffaffd0ff4801300002000e00feff,f4fff4ff0c001c002e00d4ffeaffeaffe2fff2fff8ff26002c002c00dcfffcff,9cff2e00f6ff14000000eeffe4ff0400e8ff2600eeff1c00000020001600f6ff,2000deff060006001e00ecff0400f4fff66e36ae0a9e9a6e582fe49d4615402f
2388,2388,0,fcffecff00002000f2ff00001c00fcff0c002c000c00eeff30001200eefffeff,f4fff4ff0c00eaffe2ff2000fafffaff04000400c8ff16000c002c00ecff0c00,0e003e00f6fff6ff0000eeff140024002600f8ff1c001c000000eefff6fff6ff,0000ceff1600f8ffdcfffcff1400b4ffee2e709e7c15cc30c8ae4c14426fe8ad
2389,2389,0,ecff0a000000000010000000fcfffcffdafffafffefffeff30003000feffeeff,1200f4fffaff0c000000d4ffeaffeaffd2ffe2fff8ffe8ff0c001c000c001c00,ecfffcff140004001000eeff24000400d8ffbaff0c001c00eeffeefff6fff6ff,ceff00005400cafffcff1e000400e4ffb6aeec144a6e48adc49d186fa02f0a9e
2390,2390,0,0a00fcffdeff00000000f2ff1c000c000c000c002a00eeff1200e4ff2e00eeff,f4ffd4fffaffdaffd4ffe2ffeafffafff2fff2ff26002600faff1c000c00ecff,1e000e001400f6ffceff0000f4ff1400d8ffd8fffeffe0ff00000000e6ff1600,eeff6800f8ffdafffcff0e00c4fff4ffe29df66e8c31da9d0c14cc3068ae1615
2391,2391,0,0a001a0000001000f2ff10000c00fcff0c00faff0c002a0002004000fefffeff,f4ff0200faff0c0020002e00eaffeafff2ff14000600f8fffafffaffecffdcff,2e000e00140014001000eeff14001400e8ffcaff2a002a001000eefff6fff6ff,1000eefff8ff06000e00ecfff4ff040080135e30e6ad8c14286fd8aeaa9d126f
2392,2392,0,2a001a0010000000f2fff2fffcfffcfffaff1c001c00feff30001200eeff0e00,02004000eaff1c002000d4ffdafffaffd2ffe2fff8ffd8ff2c00faffecffdcff,fcfffcfff6fff6ffeeffdeff24000400e8ffe8ffeeffeeff0000eeff16002600,1000eeffe8ff5400ecffecfff4ffd4ffb66e76afaa9d0a6e2c31d49cae136030
2393,2393,0,ecffecffdeff0000f2fff2fffcfffcff2c00fafffeff380112003000deffdeff,e4ffe4ffeaff1c000000e2ff0a00eaffb0fff2ff260006000c000c00fcffecff,fcffdcff0400f6ffeeffeeff14000400e8ffd8ffe0ff0c00100030000600e6ff,eeffdeff0600e8ffecff0e004400b4ff3e31929dae13703288af5a13d26e00af
2394,2394,0,fcfffcff1000deffe2ffe2fffcff1c00fafffaff1c002a0030000200feff1e00,f4fff4fffafffaffe2fff2fffaff0a00d2ff1400d8ff3600eaff0c00dcff0c00,0e001e001400f6ffeeff000004000400e8ffe8ff7600feffeeff0000f6ffe6ff,beff2000e8ffcaffecff1e00d4ff04001cb0f0125a6e04aff49cd86e3a315a9d
2395,2395,0,0a000a00eeff0000e2fff2fffcfffcfffaffcafff2fe0c0012000200deff0e00,f4fff4ffeaff0c00f2ffe2ffeaffeafff2ffd2ff260036000c002c00fcfffcff,8cffdcff040014000000deff0400e4ffd8ffe8ff0c00e0ff20002000e6ffe6ff,eeff3000daff06001e00ecffe4ff0400f29c866ed0326a9d6a12ac31f0afc212
2396,2396,0,0a000a00eeff100020000000ecff1c00faff1c00eeff0c000200f4fffeff1e00,f4fff4ff1c001c00f2fff2ffdaff0a00f2ffe2ffd8ff06000c001c00ccfffcff,ecff0e002200f6ff20000000240004000600f8ff0c001c000000eeffe6ffd6ff,00000000daff1600fcffecffe4ff040010128e3134af7e13d86e8cb00a9dd26e
2397,2397,0,fcfffcffeeff0000100010001c001c000c00faffe0ffe0ff12005e001e000e00,1200f4ff1c00eaffe2ff20001a00daff0400e2ff060016000c00faffdcffdcff,ecff8cffe6ff140000002000140004002600e8ffe0fffeffeeffeefff6fff6ff,6800eeffdaff1600ecffdcfff4ff0400b66e4cb03a9c0a6e9032c49c5212da31
2398,2398,0,fcfffcff10000000e2ff1000ecfffcfffafffaffe0fffefff4ffe4fffefffeff,1200f4ff1c000c00d4ff00000a00fafff2fff2ff46000600faff0c000c001c00,ecffecff1400e6ffdeffeeff04000400caff26001c000c00deff0000e6fff6ff,1000eeff0600f8ffecff0e000400e4ff6832b29cbe1280330cb1f610706e60b0
2399,2399,0,fcfffcffeeff0000e2ff10000c00fcff1c00faff0c002a000200e4ffeefffeff,0200e4ffeaff0c00e2ff4c00eaffeaff0400c0ffe8ff0600faff0c00ecfffcff,0e00fcffe6ff1400deff30001400e4ffe8ffe8fffeffeeffeeff00001600f6ff,deff10001600daffcaff3000e4ffe4ff0cb196110a6ec4af549cc86e0633a29c
2400,2400,0,fcff0a001000100000001000ecff0c001c000c001c00deff2200e4ffdefffeff,f4ff22001c001c00f2ffe2fffafffafff2fff2ff0600d8ff0c001c00bcfffcff,fcffdcfff6ff14000000eeff14002400e8fff8ff0c000c00eeffeeff06000600,deff1000e8fff8ff0e00fcffd4ff2400c09b966e5034bc9b3610f2335ab15211
2401,2401,0,1a00ecffeeffeefff2ff2000fcff0c001c000c00feff0c00300040003e00eeff,1200d4ffeaff0c00f2ff3e000a00fafff2ffd2ffe8ff3600faff2c00dcfffcff,fcffdcff0400e6ff00003000040014002600e8fffeff1c00000000000600d6ff,0000deffcaff16004000fcff0400240076103833e4affe11986e1cb1329c406e
2402,2402,0,fcff1a00200010002000e2ffecff1c00caff2c000c000c00e4ffd4ffeeff2e00,e4ff12000c00faff0000e2fffaff1a00e2fff2ff2600f8ff0c00faffacffecff,fcffccff14001400deffcefff4fff4fff8ff0600feffeeff1000eefff6ff0600,1000deff06000600ecffdcff14001400566e8cb1dc9bca6d0234e29af80fb633
2403,2403,0,fcfffcffeeff1000f2ff3000fcff0c000c00faff2c001c0030003000eeff2e00,1200f4ff0c00eafff2ff00000a00eaffe2ffe2ffe8ff3600faff0c00fcffdcff,0e009cfff6fff6ff10001000f4fff4fff8ff0600feff0c00200030003600f6ff,deff000006001600fcff1e002400e4ff9434609b7410ee3430b29610506e9ab1
2404,2404,0,fcfffcff2000eeff20001000ccfffcff0c00faff0c00defff4fff4fffeffdeff,f4ff22001c00dafff2ffe2ff0a001a000400f2fff8fff8ff1c00faff0c001c00,fcfffcfff6ff0400eeffeeff04000400f8ff1600fefffeffeeffeeff0600f6ff,beff48007200f8ffecff1e00e4ff240046b2900f846d12b1829b186e5634f29b
2405,2405,0,fcff1a000000eeff10002000fcff1c000c001c00eeffeeff40001200feffdeff,1200e4ff0c00faff20002e00faffcafff2ffe2ffc8ffd8ff1c00faffecfffcff,dcfffcfff6ff1400eeff00002400f4ffd8ff0600eefffeff0000000026000600,ceff5800cafff8ff1e000e00f4ff4400009b666e8e35ac9bd20e22346ab2980f
2406,2406,0,0a002a000000000010001000fcff2c000c002c00eeff2c0012000200deffeeff,f4fff4ff1c00eaffd4ffd4ffdaff0a00e2ff140036003600cafffaffccff0c00,dcff1e002200140020000000e4ff2400e8ff26001c000c00deffeeffd6ff1600,3000eeffdaff16001e00baffa4ff34007e0ee634a2b15410486e00b3e09ae06d
2407,2407,0,0a00fcff0000000010003000fcffecff3c00faff2c002c00120012000e00eeff,f4ff98fffaff0c002e00f2ff1a00faff1400f2ff36009afffaff1c00fcffdcff,2e00fcff1400f6ffdeff100024000400060026000c001c00200020000600f6ff,2000defff8ff1600ecff0e002400f4ff466ec6b23c9b146d2236d29a420e8e35
2408,2408,0,fcfffcff100000000000e2ffdcfffcff0c000c000c002c0030003000deffeeff,e4ff02001c00faff3e00e2ff0a000a00e2ffe2ffd8ff0600eaff0c00ecffecff,fcfffcff14000400deffeefff4ff1400f8ffe8fffeff1c001000ceff0600f6ff,deff00001600f8ffecff0e002400b4ffc635e09a540f6c3620b3620dd06d36b3
2409,2409,0,1a000a00eeffeeff00001000fcff0c00eaff0c000c002c00d4ff0200fefffeff,f4ffd4fffafffaff200020001a00fafff2ff1400e8fff8ff0c000c00dcffbcff,0e00fcff1400e6ff1000100014000400f8ff26000c001c00eeff00000600e6ff,deff10001600caff0e001e00f4ff240016b33e0e246d20b2929a186ece35c09a
2410,2410,0,0a001a00000000001000e2fffcff0c00caff2c00eefffeff22001200eeff0e00,e4ff12000c000c003e00d4fffafffaffe2ffe2fff8ff1600faff0c00ecffccff,fcff1e0004001400eeffeeff04001400caff26002a000c0010000000e6ff1600,eeff6800f8ff0600fcffecffb4ff0400509a266e4c370c9b120d6237b6b3f20d
2411,2411,0,2a000a0000001000f2ff0000fcff0c00faff1c00eeff0c0012004000feffdeff,2200e4ff1c00fafff2fff2ff0a00faff04000400e8ff2600fafffafffcffccff,0e000e00140014004200200004000400f8fff8ff1c000c00000010001600e6ff,1000deffdaff16001e00ecff14001400220d9236beb4d40e286e12b4a09ac06d
2412,2412,0,0a00fcff00000000f2ff2000fcff1c00fafffaff2c000c004000e4ff0e000e00,f4ff02000c001c000000d4ffeaff4a00d2ff1400b8ffd8ff0c00aaffecff0c00,fcff0e00140004000000cefff4fff4fff8ffe8ff1c001c00eeffdeffe6ff3600,2000deffe8ff64001e001e002400e4ff9a6dd6b3fc9ab46cf236ce99e00c6e36
2413,2413,0,1a00fcff1000eeffe2ff00001c00ecff0c00daff2c002c0002000200defffeff,0200f4fffaffeaff0000f2ff0a000a00f2fff2ffd8ff06000c00faffecffecff,9cffdcff04000400eeff10001400f4ff2600f8ff0c007600eeff2000f6ff0600,eeffeeff06000600fcff1e004400d4ff6237309ac60dca37a2b4b20ca06d16b4
2414,2414,0,fcff0a00eeff000000000000fcfffcfffaffcafffeff3c01020040000e000e00,e4fff4ff1c000c00d4ff2e00eaff2a00d2fff2fff8ffe8ffeaffdaff0c00ecff,0e000e00040014000000eeff24001400e8ff16002a000c000000ceff1600f6ff,eeff20005400e8fffcfffcff1400140094b42e0cd46c5eb59e99b66d7637309a
2415,2415,0,fcfffcff10000000000010000c000c00fafffaffeeff0c00e4ffe4ffceff0e00,1200f4fffaff0c00e2ff00001a000a00f2fff2ffd8ff0600faff0c00dcff0c00,2e00fcfff6fff6ff0000000004002400f8ff0600feffd0ffeeff100016001600,deff5800f8fff8ff0e00dcffd4ff140086997a6df238769ac20bc237deb4b80b
2416,2416,0,fcffecff000020002000f2ff0c00fcfffaffeaff1c00deff12003000eefffeff,e4ffe4ff1c00faff2e000000faffdafff2ffe2ffc8ffd8fffafffafffcff0c00,dcff0e000400e6ffeeffeeff04002400bafff8ff1c00feff00003000d6fff6ff,10003000f8ff16001e00caffe4ff34007e0b1838bab6a80ad86d62b5c099806d
2417,2417,0,1a001a002000deff000000000c00fcff0c00faffcefffeff50001200feffeeff,e4ff22001c000c00e2ffd4ffeaffeaffe2ffe2ff1600c8fffafffaffecff0c00,ecff0e00220004000000deff0400f4ff34003400feffeeffeeffeefff6ff0600,00000000daff6400fcff1e000400d4ff6a6d84b5069ad46ca638ce99e80a2638
2418,2418,0,fcff0a0000000000f2ff00000c000c00faff1c002c000c00120030000e00deff,02000200faff1c000000f2ffeaff0a000400f2ffd8fff8fffaffeaffdcfffcff,9cff2e002200f6ff1000eeff04001400d8fff8fffeff1c0000000000d6ffe6ff,deffeeff4600f8fffcff1e00f4ffb4ffc83886999209723982b6ce09006d8eb5
2419,2419,0,0a001a0030000000f2ffe2fffcffecfffafffaffeeffe2fe120002000e00eeff,e4ff02000c000c00f2ff00000a00faffe2fff2ff2600e8ffeaff1c001c00ccff,0e001e0004001400000010002400f4ffe8fff8ff1c000c00eeff20000600e6ff,000010002400dafffcff30000400f4ff60b63e0a466cbab66e99d86da8384099
2420,2420,0,0a00fcff000020000000e2fffcfffcff0c00aafffeffe2fe02000200eeff0e00,f4ff02000c002c000000f2ff1a00fafff2ffe2ff0600f8ff0c00eaffecffecff,fcff2e00f6fff6ff0000000004001400260026001c001c00eeffeeff06001600,deff68000600daff3000fcff0400240016991a6dc2398e99be09a6393eb64c0a
2421,2421,0,2a001a00000000000000f2ff0c000c00fafffaffeefffeff30001200feff0e00,f4ff12000c000c00d4ffe2fffafffaff04002400540006000c00faffdcffdcff,ecffdcfff6ff0400eeffeefff4ff2400f8ffcaff0c000c002000eefff6ff0600,10000000f8ff16001e00caff040044004409a8399ab76208366da2b65099106d
2422,2422,0,0a001a0000000000f2ff20001c000c00faffeaff0c00eeffe4ff0200ceffeeff,1200f4ff0c000c00f2ff0000eafffaff1400f2ff06001600faffeaff0c00ccff,fcfffcfff6ff04000000eeff04001400f8fff8ffeefffeff0000eeffe6ff0600,0000cefff8ff46000e00dcff0400d4ffea6ce0b62099266c2a3a9e98ac099839
2423,2423,0,0a00fcffeeff1000e2ff1000ecfffcfffaffdaffe2feeeff12000200cefffeff,f4ffe4ffdafffafff2ff20000a00faff2400240046000600faff0c00ecffecff,dcff0e002200f6ffeeffceff04000400d8ffd8ff0c00feff0000000016000600,deffeeff6400e8ffecff40001400e4ff323ab6980208783a34b70e09e06c9eb6
2424,2424,0,0a00fcff00000000000000000c001c00daff0c00eeffeeff120022001e00eeff,02001200faff0c000000d4fffaff0a00e2ffe2ffe8fff8fffafffaff0c000c00,dcff0e000400140010001000f4ff0400e8ffd8ffeeff0c000000eefff6ffd6ff,beff58004600caff0e0030000400f4ff50b73409166cdab79e98066de839f098
2425,2425,0,0a000a0020000000100010000c00fcff0c00faffceff2c011200f4ffeeff0e00,f4fff4ff1c000c00f2ff00000a00faff14002400e8ff06002c000c00dcffccff,ecffecff14000400000000000400f4ffe8ffe8fffefffeffeeffdeffe6ff0600,deff1000e8fff8ff1e00fcff140044008698ca6c963bf0986e08aa3a46b7fc08
2426,2426,0,0a000a00000000003000f2ff0c00fcfffaff0c00deff1c00e4ff12000e000e00,e4fff4fffaff0c004c0000000a00faffe2fff2ffd8fff8ff0c002c00ecff1c00,fcff0e0004000400eeff000024001400d8fff8ff0c00feffeeffdefff6fff6ff,1000eeffbaff64003000ecfff4ff24005407f23aaab82207f66c98b8a098b06c
2427,2427,0,0a000a00100000000000f2fffcff0c00daff0c00feff0c00f4ff0200fefffeff,0200f4fffaff0c000000e2ffeaff0a0014000400f8ffd8fffaff0c000c000c00,dcffecff140004001000000014001400caff06000c000c000000ceff06000600,1000eefff8ff4600ecfffcff24000400ca6c46b86098966bcc3b5e98c2077a3b
2428,2428,0,fcfffcffeeff0000000000000c000c001c00faff2c002c00120022000e00deff,f4ff02000c00faff2e000000faff0a00e2ff0400360006000c00eaffdcffdcff,fcff1e001400f6ffeeff10001400f4ffd8fff8fffeff0c0000000000f6ff0600,0000eeff0600e8fffcff0e004400e4ff623b36987206d63b88b89a06b06c06b8
2429,2429,0,0a001a0010000000f2ffe2ff1c00fcfffafffaffe2fe1c0002000200eefffeff,120012001c000c00f2ffd4fffaff1a00f2fff2ff060006000c00fafffcffecff,fcfffcff14001400deff000004001400d8ffd8ffeeff0c0000001000d6ffe6ff,eeff00004600cafffcff1e0004000400b6b8c406a66bcab87a97b66caa3b0e98
2430,2430,0,0a00fcffeeffceff200000000c001c00fafffaff1c000c00020012001e001e00,f4ff02000c000c00e2ff0000faffeafff2ffe2ffe8ffe8ff0c00eafffcffecff,fcffecfff6ff0400000000001400f4ffd8ffd8fffeff0c00deff00000600f6ff,ceff1000f8ff06000e000e00d4ff2400b0976a6cb63c3098aa068c3cc8b83207
2431,2431,0,fcfffcff100010001000f2ff0c002c002c002c000c001c0012002200fefffeff,f4ff12000c00faff0000f2ff0a000a00f2ff1400d8ff2600faff0c00dcffecff,1e000e00f6fff6ff000000001400f4ffe8ffe8ff0c00eeffeeffeefff6ff1600,68000000e8ff16003000fcff340034000406b63ca8b99605766c38b9be97286c
2432,2432,0,2a00fcff00002000f2ff00000c00dcff1c00faffe2fe0c00f4ff3000eeff0e00,1200e4ff1c000c000000e2ff0a00eaffd2fff2fff8ff4600faffcaffbcffecff,2e008cff04000400eeff0000140014003400d8fffeff0c00eeffeeffd6fff6ff,1000cefff8ff5400fcfffcff2400f4ff886b76b9a097466bdc3c7a97a0053a3c
2433,2433,0,1a002a0000000000e2fff2fffcfffcff1c00eaff2c015c00d4ff3000eefffeff,e4fff4ff0c00faff10002e005a000a003600f2ff0600f8ff1c000c00ccffdcff,fcffecffe6ff04001000eeff04001400f8fff8fffefffeffeeff0000f6ff0600,eeffeeff1600daffecff0e00f4ffb4ffa63da097d604763dc8b90a06e86bb8b9
2434,2434,0,bcfffcffdeffeefff2ff20000c000c00faffdafffeffceff0200e4ffdeffceff,c6fff4ffeaff0c00f2ffe2ffdafffafff2ffd2ffe8ff46001c000c009cffecff,8cfffcffd8ff0400eeff1000240004001600e8fffeff0c0000001000f6fff6ff,eeff00004600f8ff0e001e00f4ffd4ff30ba1805c66a40ba5a97566c623d6e97
2435,2435,0,fcff2a000000deffe2ffe2ffdcff0c00faff0c002c00feff02001200feffeeff,120022000c00faffd4ffd4ff0a000a00f2ff1400d8ffd8ff0c00eaff1c00fcff,0e001e0004000400eeffeeff14000400440016001c000c000000000006001600,000010000600e8ff1e00fcffd4ff14003097166c223e90978c04fc3cd8b9f004
2436,2436,0,2a000a00deff00000000f2ff0c00dcfffaffcaff2c001c0002000200fefffeff,e4ff12000c002c003e00e2ffeafffafff2fff2ff360006002c00faffccfffcff,fcffdcffd8ff04001000eeff14000400e8ffe8ffeeff0c0010000000d6ff1600,00001000f8ff06003000ecffd4ff0400a804223e26bb8603666cfcba2e97986b
2437,2437,0,fcff0a0000000000f2fff2ffecff1c00faffcaff2c000c00f4ff3000eeff2e00,f4ffe4ff0c00faffd4ff10000a000a00f2fff2fff8ff0600faff0c00ecffdcff,0e000e00f6fff6ffeeff100024002400f8ff16000c000c0010001000f6ff0600,1000eeffcaff4600fcff0e001400e4ff586bc0ba3097e66a7c3e2a973804d23d
2438,2438,0,fcffdcff0000eefff2fff2ff0c00fcfffaffdaff0c003c0012002200eeff1e00,d4fff4ff0c000c00e2ffe2ff1a00faff2400f2ff0600d8ff3c00fafffcffccff,0e00fcffe6ff2200deffceff04000400540026000c002a00eeff10000600f6ff,0000eeff0600f8ffdcff30000400e4ff623e3097a802c23e1cbb1a03d86ba8ba
2439,2439,0,0a001a001000eeffe2ffe2fffcff0c000c001c002c002c0002004000feff0e00,e4ff02000c00faffe2ffc4ff0a002a000400f2ff3600f8fffafffaffdcffccff,0e001e000400f6ffdeff100004000400540026000c001c00eeffeeff16000600,ceff30006400e8ffecff1e000400e4ff50bb6203b66a56bbda96366c923e3e97
2440,2440,0,fcff1a00000000001000f2ffdcff1c00faffeaffeeff0c0012000200eeffeeff,f4ffe4fffafffaff0000d4fffaff0a000400e2ffd8fff8ff0c001c00ecffccff,ecffdcfff6ff2200100010001400e4fff8ffe8ff0c00feffeeff10000600e6ff,000010000600e8ff3000dcffe4ff2400e096186be23e00970a03ac3f28bbc803
2441,2441,0,0a000a0000000000f2ff1000fcff1c003c001c00eefffeff12003000eeff0e00,0200d4ffdaffeaffa6ff3e005a000a00e2ff1400d8ffd8fffaff0c00fcfffcff,0e009cff04000400eeffeeff34000400260034000c000c000000eeffe6ff3600,1000eeffcaff06001e00caffe4ff54007202023ff6bb9802266c5cbb9696786b
2442,2442,0,0a00fcff1000ceff1000f2ff1c000c00faffbaff0c00feff12000200feff0e00,02001200eafffaff3e00f2fffafffaff1400f2ffc8fff8ff0c000c00fcff1c00,1e009cff04002200000000000400e4ff3400e8ff0c002a000000eefff6ffd6ff,1000deffdaff6400fcffdcff24000400f86ad0bb1097a66a2040ba966c023a3f
2443,2443,0,fcff0a001000eeffe2ff0000fcff1c00faff0c002c002c00e4ff0200eeff0e00,f4ff12000c00faffe2ffd4ff0a000a001400e2ffe8ffe8ffeaff0c000c00fcff,ecff2e001400f6ffceff100014001400d8ff06001c00eeffeeffeeff26001600,1000eefff8ffdaffcaffecff0400f4ff1840a096d20122404ebc7a02386b1abc
2444,2444,0,0a00ecffdeff00002000e2ffdcffecffaafffaffeeffeeff0200f4ff0e00feff,98fff4fffaff1c002e003e000a000a00f2ffe2fff8ff16000c000c000c00dcff,fcffecffe6ff14000000deff14001400f8ff1600feff1c00deffeefff6ff1600,ceffeeff1600f8fffcff1e000400040080bc5801566ae4bc2a96a66b0a404696
2445,2445,0,fcff0a00000000004e00f2ff0c002c001c00caff2c000c00e4ff02001e002e00,f4ff1200eaff0c00c4ff20000a005a000400e2ff160006001c000c00dcffbcff,dcff0e00f6fff6ffeeff000004000400f8ff0600feffeeffceffeeff1600f6ff,deff10000600cafffcff0e00e4ff44005e96986a8240729656019c3fe2bc5c01
2446,2446,0,1a00fcff1000eeff10000000fcffdcfffaff1c00e2fe0c0002004000ceff0e00,f4fff4fffafffaff0000e2ffdafffaff0400f2fff8ff1600faff0c000c00ecff,1e009cfff6fff6ff20002000f4fff4ffe8ffe8ff0c00feff20000000d6fff6ff,2000deffdaff16000e00dcfff4ff1400c800b840c4bd0201a66b6ebdf695d86a
2447,2447,0,fcfffcff000000000000f2ffecff0c001c00fafffeff0c00f4ff1200defffeff,12000200faffdaffe2ffd4fffafffaff0400f2fff8fff8ffeaff1c00dcffdcff,1e002e00140004000000eeff240004002600f8ff2a00feffdeff0000e6ff0600,6800defff8ff5400fcffdcfff4ff1400786ab4bdd096066a20412a967c00dc40
2448,2448,0,fcff0a0000002000e2ff00003c001c00daffdaff2c002c0030002200feffeeff,02000200eafffaff0000e2ff0a00faffd2ffd2ff16002600faffcaffacfffcff,8cffdcff140022002000eefff4fff4ffe8fff8fffeff0c002000eeff2600d6ff,1000eeff16000600ecff400004000400f8403e96540000414ebd5600ac6a72bd
2449,2449,0,0a001a001000deffe2fff2ff1c00fcfffaff0c000c001c0012000200eeff2e00,f4ffe4ff0c00eaffc4ff2e000a000a001400e2fff8ffe8ff2c002c00fcfffcff,fcfffcfff6fff6ffceffcefff4ff0400e8ff06000c000c00beff30000600f6ff,eeff30005400cafffcff1e000400040050be2800266af4bd4a95866b2c411696
2450,2450,0,fcfffcff00000000e2fff2fffcff0c001c001c000c002c0012000200eeff1e00,1200f4ff1c001c002e0020000a00eaff0400f2ffd8ffb8fffaff1c00dcff0c00,1e009cfff6fff6ff3000eeff04000400e8ff06000c001c00eeffeefff6fff6ff,eeff10000600dafffcff0e00e4fff4ffa295386ad441049630ff044262beeaff
2451,2451,0,fcff0a00eeff0000e2ffe2ff0c000c000c00faff0c002c00d4ff1200fefffeff,0200f4ff0c00eaff3e00d4ffeafffaffd2ffe2ffe8ff26001c00faffdcffecff,0e00ecffe6fff6ffdeffdefff4ff2400d8fff8fffeff0c0000001000e6ff0600,0000eeffe8fff8ff1e00ecff0400140090ff984122bf16ff566b8ebe96957c6a
2452,2452,0,fcff0a0000000000000020000c00ecfffaffdaff3c010c00020022000e00feff,e4fff4fffaff0c00d4ffe2ff0a00eafff2ff1400e8ff06001c000c00ecff9cff,0e001e00f6ff04000000eeff0400d4ffd8ffd8ff0c001c0010001000e6ffe6ff,1000eefff8ff16001e000e001400f4ff286a20bfd4957269c4421a951aff2c42
2453,2453,0,fcfffcff10000000f2ff1000fcfffcfffaff1c000c001c0002001200feff1e00,d4fff4fffaff0c00f2ffd4ff0a00eaff0400e2ffb8fff8ff2c000c00bcffccff,0e00fcff04000400ceff000014001400f8ff16001c000c00000010001600f6ff,1000deff1600f8ffdcff0e001400d4ff7242829576fec442debe20ff2c6a0abf
2454,2454,0,1a002a001000ceff1000f2ff0c00ecff1c002c00eeff2c00f4fff4ffdeff2e00,1200f4fffafffafff2fff2ff2a000a00f2ffe2ffd8ff16001c002c00ccffdcff,fcfffcff0400f6ffeeff000014000400e8ffe8ff2a00feff00001000f6fff6ff,deff10005400e8ffcafffcfff4ff140090bf40fe726980bf0a95d26918436695
2455,2455,0,ecff1a0000000000f2ffe2ffdcfffcfffafffaff0c002c0012001200eeffeeff,f4fff4ffeaff1c000000e2ffdafffafff2ff1400e8ffe8fffaff0c00ccfffcff,ccfffcff320014000000deff04000400d8ffd8fffeff1c0030000000e6ff0600,ceff2000daffe8ff1e00fcffd4fff4ff84948e6982439495b0fdc4429abf42fe
2456,2456,0,0a00fcffdeff00000000f2ff2c000c00faff1c002c000c00120012004e000e00,0200f4fffaff1c00f2ff0000eaffeafff2ffe2ffd8ffc8ff2c002c00dcffecff,fcffdcff14000400eeff200014001400f8ff26000c00e0ffdeffeefff6fff6ff,0000eefff8ff06000e00ecff0400040074fdf24250c088fd626942c01695bc69
2457,2457,0,1a00dcffceff1000f2ff10001c000c00faffcaffeeff1c01120012002e002e00,0200f4fffaffeafff2fff2ffeaffeaff0400f2ff060026002c00faff0c00ecff,ecfffcfff6ff04000000defff4fff4ffcaff06001c00feff30001000f6ff0600,3000ceffe8ff46000e00fcff240004005c6926c04495126944431a9552fd9843
2458,2458,0,1a00fcff0000ceffe2ff1000fcff1c001c000c00eeff1c00f4ff12000e000e00,02001200eafffafff2ffd4ff1a000a00f2fff2ff160026001c00faffecffccff,1e00ecfff6fff6ff0000deff04001400f8ff06000c001c00eeffeefff6ff0600,1000deff1600e8ffcaff1e002400f4ffd2437494aafc824362c0e0fc8c69dabf
2459,2459,0,fcff1a00000000000000f2ffdcfffcfffafffaffeeff0c000200e4ffeeff0e00,02001200faff2c00e2ffe2ffeaffdaffe2ff0400f8ffe8ff0c000c00acffccff,9cff0e0014000400eeff0000f4ffe4ffe8ff16001c000c001000deffd6fff6ff,ceff00004600e8fffcff3000d4ff0400e6c0a4fce26820c17a94526948447e94
2460,2460,0,0a000a000000cefff2ffe2ff0c001c001c002c002c00fefff4ffe4ff4e001e00,120002000c00faff0000e2ff1a00faff04000400b8ffd8ff0c001c001c00ecff,fcfffcfff6ff1400eeff000014001400e8ffe8fffeff2a00300010000600e6ff,deff2000f8ffe8ff0e001e00d4fff4ff4694fc6892444495f0fb1645ccc05afc
2461,2461,0,fcff1a00deff3000e2ff1000ecff0c00fafffaff1c000c00f4ff1200eeff0e00,e4ff02000c000c000000c4ffeaffeaffd2ff0400360006002c002c00acff2c00,dcfffcffe6ff14001000eeff04001400caffbafffeff2a0010001000e6ff0600,0000deffcaff16000e00fcfff4ff140010fc7a4440c10afcf26892c08e941c69
2462,2462,0,0a00fcffeeff0000e2ff00002c001c00faff0c000c002c01e4ff1200eeff0e00,1200f4ffeaffeaffd4ffd4ff1a001a001400f2ffd8ffe8fffaff3c00dcffdcff,0e00fcfff6fff6ff0000000004002400caffe8ff0c000c00eeffeeff16000600,5800ceff16001600ecffecff1400d4ffdc6876c114954268f6445a94fafbf044
2463,2463,0,ecff0a0000001000f2ff1000fcffecffdaff1c001c000c0012000200eefffeff,c6ff2200faff1c000000d4ffbafffaffe2fff2ffe8ff16000c000c00ecffbcff,9cffdcff04002200eeff0000f4ffd4ffd8fff8ff2a001c0030000000f6ffe6ff,eeffeeff4600f8ff1e001e001400a4ff7a45e6931afb2245a2c110fca2688cc1
2464,2464,0,1a00fcff0000defff2fff2ffecff0c00fafffaffeeffeeff120002000e00eeff,f4fff4ff0c00faffd4fff2ff0a000a002400f2ffe8fff8fffaff0c00fcffdcff,1e002e0014000400ceff00002400a4fff8ffd8fffeff0c00eeff000016001600,eeff20001600dafffcff40001400e4ffa0c212fba268aec2fa93f268a0456e94
2465,2465,0,fcff0a000000100020000000dcff0c00eaff0c00feff2c0130000200eeffeeff,0200f4ffdaffeaff4c00e2fffaffdafff2ff0400f8ffd8ffeaffeaffecffccff,fcfffcff0400140010000000d4ff2400caffd8fffeff0c00400000001600f6ff,deff1000dafff8ff1e00ecffe4ff0400b6937c68424504953efa86450cc278fa
2466,2466,0,fcff74001000defff2fff2ff1c001c000c001c002c00feffe4ff40000e000e00,22001200faffeaffe2ffe2ff0a000a00f2ff2400d8ffc8ff0c000c001c005c00,0e000e002200f6ffdeffeeff0400f4ff16001600feffeeff0000defff6fff6ff,68000000cafff8ff0e00ecffe4ff240012faa646aec25afa6268f4c3fe939268
2467,2467,0,fcfffcff10000000f2ff1000fcffecffdaffcaff2c001c00020030000e00eeff,f4ff1200eaff1c002e00f2ffdaffeafff2ff1400260006000c00eafffcfffcff,dcff0e00040032001000eeff1400d4ffe8ffe8fffeff3a003000eeffd6ffe6ff,3000defff8ff16000e00dcffe4ff04005c6860c3f494d067e4467893f8f9e045
2468,2468,0,2a00fcffeeff200000001000ecffecffdafffaff0c001c00f4ffd4ff0e000e00,02001200faffeaffd4ff2e00fafffafff2ff0400360026000c003c00ecffecff,dcff3e001400140000001000240014000600d8fffeffeeff0000100016003600,0000deff06000600caff1e001400d4ffe646a693d6f99e4634c4faf8626878c3
2469,2469,0,1a00ecff00000000100030000c00fcff0c001c000c000c004000f4ff2e000e00,0200e4fffaff0c00e2ff2e00fafffaffd2fff2fff8ff06000c000c00fcfffcff,dcffdcff14001400eeff1000f4fff4fff8ffaaff0c000c00eeffeeff0600f6ff,000010000600f8ffecff30001400e4ff70c328f9a06762c3589372682247fe93
2470,2470,0,0a000a00100000000000f2fffcfffcff0c001c000c001c01020002002e00feff,f4ff12000c00eaffe2fff2ff0a00faff040004001600aafffaff0c00dcffecff,fcff1e0004000400ceff1000f4ff1400e8ffaaff2a00feff00000000f6ff0600,deff2000e8ffe8fffcff0e00a4ff240066933c682e4784949af86447f8c338f9
2471,2471,0,fcff1a0000001000f2ff1000fcfffcffeaff0c000c003c01020002000e000e00,d4fff4fffaffdafff2ffd4ffeaff0a00e2fff2ff060006002c00faffecffccff,fcff0e00140004002000eefff4fff4ffe8fff8ff0c00feff40000000f6ffe6ff,1000eeffdaff16000e00dcfff4ff040046f8664742c406f9de6764c4ce93f267
2472,2472,0,fcfffcffeeff0000f2ffe2ff0c000c00caffcaff0c000c00d4fff4ff0e00eeff,f4ff1200fafffaffc4ffe2ffeaffeaff3600f2ff26001600eaff2c001c00dcff,0e000e0004000400eeffeeff14002400e8ff06000c00eeff2000200006000600,1000eefff8ff1600ecffdcff040014001c6860c434943067c447189368f89247
2473,2473,0,0a00ecffeeffdefff2fff2fffcff0c000c00faffeeff0c001200f4ffeefffeff,f4ff0200eaffeafff2fff2ff0a00eafff2ff0400c8ffd8ff1c001c00dcff0c00,0e00fcfff6fff6ff1000000014001400e8ffd8fffefffeffeeff20002600f6ff,eeffeefff8fff8ffdcff30002400d4ffbc47369360f89e4710c53af8c267c0c4
2474,2474,0,1a001a00000010002000e2ff0c001c00faffdaff0c000c00d4ff02001e001e00,1200f4fffaffeaffd4fff2ffdafffafff2ff04000600f8fffaff0c00dcff0c00,0e001e0014001400eeffceff04004400e8fff8ff1c000c00eeffeeffe6ffe6ff,000020001600daffdcff1e00e4ffe4ffa0c4d6f7f066c2c428935e6702488e93
2475,2475,0,fcffdcff00000000e2ffe2ff0c000c00faff0c001c002a00f4ff0200feff2e00,e4ff0200eaff0c00f2fff2ff1a000a001400f2ffe8ff06001c00fafffcfffcff,dcff0e00f6ff04001000000014001400bafff8fffeffe0ff20003000f6ffc6ff,deff30000600e8ff1e00fcffa4ff040006936667ce47349406f7784840c566f7
2476,2476,0,ecff0a00000020004e00e2ff0c00ecfffafffafffeff2a001200d4ffeeff0e00,f4ffe4fffafffafff2ff0000eaffdafff2fff2ff2600e8fffaff0c001c000c00,9cff0e00f6ff0400deffdeff04002400260006002a001c00eeff4000f6ff1600,30000000daff54001e00dcff04000400b0f69c4870c56ef70e6780c65e934267
2477,2477,0,1a00fcffeeffdeff0000f2ff0c000c000c00caff0c00feff120002000e00eeff,02000200faffeaffd4ff20001a00eaffd2ff0400f8ff06001c000c00ecffdcff,0e003e001400e6ff1000000024001400f8ffcaff0c002a000000deff1600f6ff,2000ceffdaff06000e00ecff4400040006675cc6f49310672a4928935ef6bc48
2478,2478,0,fcfffcff3000eeff000000001c00fcfffafffaff0c00d0ffe4ffe4ff0e00eeff,02001200faffeaffe2ffe2ffdaff0a0004000400060026000c001c00fcfffcff,0e000e0014001400deffdefff4ff1400f8ff06002a000c00eeff0000f6ff0600,000010000600e8ffdcffecff1400f4ff0c49e69212f6ee48b0c6f6f5326710c6
2479,2479,0,ecff1a0000001000f2fff2fffcfffcfffafffaffeeff02ff020002000e00eeff,f4ff1200faff0c00e2fff2fffaffbaff0400b0ff160016000c000c00ecffdcff,dcff0e0014000400000010002400e4fff8fff8fffeff0c00000030002600f6ff,deff10001600dafffcff30003400f4fffcc630f6d06640c6c8924e671c492e93
2480,2480,0,fcff2a00eeffeefff2fff2fffcffecfffafffafffeff0c00f4ff1200cefffeff,d4ff02001c00faff2e0000000a00faffe2fff2ff26005400eaff1c00ecfffcff,fcfffcff0400f6ff1000deffe4fff4fff8ffe8ff1c001c0000001000e6ff1600,eeff3000dafff8ff1e00fcffd4ff1400b692e6661e49b49306f6ba4990c6bef5
2481,2481,0,fcfffcff100000000000f2ff0c00fcff1c00eaffeeffeeffc6ff1200eeffdeff,0200f4ffeafffaff2e004c000a00fafff2fff2ffb8ffe8ff1c000c001c00ecff,0e00dcfff6fff6ff0000000014001400e8fff8fffeff2a00200020000600f6ff,10002000baff06001e00fcffe4fff4ff64f5464adec6c2f5de66e0c6e2921267
2482,2482,0,2a000a0010001000e2ff00000c000c00faff0c00d0ff0c01d4ffe4ff3e003e00,f4ffe4ff0c00eaffe2ffd4ff0a000a00f2ff1400e8ff1600eaff0c000c000c00,fcfffcfff6ff0400deffdeff14002400e8ffd8ff0c000c001000deff0600e6ff,68000000e8ff1600ecffdcff0400f4ff96667cc7749332663e4aa8923ef51a4a
2483,2483,0,0a002a0020001000e2ff1000fcff0c00caffdaff0c000c00b6ff0200eeff1e00,f4ff12000c00dafff2ff2e00fafffafff2ffd2fff8ffd8fffaff0c00dcffdcff,2e00fcfff6ff0400deffdeff0400140006000600e0ff0c00eeffeefff6ff3600,0000deff54002400baff1e002400d4ffa64aa69202f5244a90c756f5926698c7
2484,2484,0,0a000a00eeff1000000020000c00fcfffaff0c00eefffeff0200e4fffeff0e00,e4ffe4fffaff1c002e002000fafffafff2fff2ffd8ffd8ff2c000c00ecffccff,0e00fcfff6fff6ffeeff1000f4fff4ffd8ffcafffeff0c0020000000f6ffe6ff,eeff00000600daff0e001e000400e4fff2c774f4b465aec7b8925e66c24ab292
2485,2485,0,fcff0a00eeff10002000f2fffcff1c000c00fafffeff2a00f4ffd4ff0e001e00,1200f4ff0c000c00f2ffd4ff0a004a00f2fff2ff16000600caffcaff2c000c00,fcfffcfff6fff6ffeeff100014000400baffe8ff0c00e0ffeeff10000600f6ff,100010000600e8fffcff1e00e4fff4ff46922666a44a849386f46e4a22c806f4
2486,2486,0,1a00fcff00000000f2ff10001c00fcfffaffeaff0c010c00120002002e000e00,22000200eaff0c00d4ffe2ff0a00faffd2ff140016000600fafffafffcffdcff,fcffdcff14000400eeff00002400f4ffd8ffe8ff1c00feffeeffeeffe6fff6ff,10000000dafff8ff4000ecffe4ff240078f3d84b3cc8b2f41e6634c982923c66
2487,2487,0,0a001a00200010000000f2ffecff1c00eafffaff0c000c00f4ffe4ff0e003e00,d4fff4ff1c000c003e00f2ffdaff0a00d2fff2fff8ffd8ffeaffeaffecffdcff,dcff0e00140014000000deff1400f4ffaaffe8fffeff0c00200020000600f6ff,2000eeff06006400ecffecff1400f4ff8a6502c9469394653e4b589236f33e4b
2488,2488,0,ecffdcffeeff00001000f2ff1c00fcff0c00eaff1c001c00020030004e002e00,e4ffd4ffeafffaffe2ff3e000a000a00f2ffe2ffe8ff1600eaff0c00dcffacff,0e000e00f6ff04000000100054001400e8ffcaff0c000c002000100006000600,0000deff0600f8fffcfffcfff4ffc4ff484cec91c4f3a44b34c984f29065ecc8
2489,2489,0,1a000a001000eeff0000e2ff0c002c00caff2c00eeffeefff4ffd4ff1e003e00,1200f4ff0c000c002e00d4ffeafffaff0400140036001600fafffafffcff0c00,fcff0e0004000400eeffceff14000400d8ff06000c00feff20000000f6fff6ff,deff2000f8ffcaff0e0030000400c4ffb2c938f244655cc948921e661e4c7292
2490,2490,0,fcffecff0000ceffe2fff2ff1c001c001c00faffeeff0c000200e4ff0e000e00,1200f4ffeaff1c00e2ffe2ff1a00eafff2ff0400d8ff16000c001c00ecffdcff,2e00dcff14000400eeff000014002400baff06000c001c00deffeeff06001600,00001000f8ffdaffecfffcfff4ff0400dc914a65244c069314f2ce4cdcc914f2
2491,2491,0,0a000a00000010000000e2ffecfffcfffaffdaff2a000c00e4ffe4fffeff0e00,f4ff0200fafffaffe2ffe2fffafffaffb0ff040036000600faffeaffdcfffcff,fcff0e00140014000000deff0400f4fff8fff8ff1c000c002000ceffe6fff6ff,20002000f8ff64003000dcff140054007ef15c4decc9cef0ce65a4c932923065
2492,2492,0,fcfffcff00000000100020001c00fcfffaffcaff2a000c00d4ffd4ff3e00feff,0200d4ffeaff0c00e2ff00000a00faff1400f2ff160036000c000c000c00ccff,fcfffcfff6ff0400000030004400f4ffe8ffd8ffeeff0c00eeff20003600f6ff,4800beffdaff54000e00ecff540004003a655ccad692d464fe4cc29174f17e4c
2493,2493,0,fcffecff10002000f2fff2ff0c00ecff0c000c00eeff0c001200f4fffeff3e00,02001200faffeaffe2fff2fffaff5a00f2ff0400460036000c00faffdcff1c00,ecfffcff320014001000eeff04002400f8ffcaff0c000c001000000006003600,eeffeefff8ffdaffdcff1e00240004004c4ddc91f8ef344c98ca70f190644cca
2494,2494,0,ecff0a000000eeff00002000ecff1c000c001c00f2fef2fee4ffe4ffeeff1e00,120002000c000c00e2ffe2fffaffeafff2ffe2ff0600f8ff1c001c000c00fcff,1e00fcfff6ff140000002000f4fff4ff2600caff0c000c001000eeffe6ffe6ff,000000005400e8ffecff3000e4ffc4ff1ccb9cf06464ecca929190649a4d0292
2495,2495,0,fcfffcff000010004e00c2ffdcff1c00caff0c002a001c00e4ffc6ffdeffdeff,e4ff12002c001c002000f2fffaff1a00f2fff2ffe8ff1600fafffaff0c00ecff,8cff1e00140004000000eeff04000400bafff8ff1c002a0030000000f6ffe6ff,ceff20001600e8ff0e00fcffb4ff2400bc91ca64424d069390f02e4d88cbaaf0
2496,2496,0,0a00ecffbeffeeff0000e2ff0c00fcffdafffaff1c000c00e4ff2200feffeeff,f4ffd4fffaff1c002e003e000a00fafff2fff2ffe8ff06000c00fafffcffdcff,1e00acfff6ffd8ff10001000240014000600caffeeffeeff1000400016001600,3000ceffdaff16004000fcffd4ff04001cf0bc4d3acbf0ee30640acdf2915864
2497,2497,0,0a002a0000002000e2ffe2fffcff1c00daff1c00e0ffeeffd4ffc6fffefffeff,12001200fafffaffe2ffe2fffaff0a0014003600e8ff0600faff0c00ecff1c00,fcff1e00f6fff6ffeeffeeff24002400e8ffe8ff0c00eeff0000000006002600,58000000daff1600dcffecff0400040026642ecce6922464fe4dc291daefda4d
2498,2498,0,fcfffcffeeff0000e2fff2ff0c00fcff0c00faffeefff2fee4ffc6fffeffeeff,e4ffe4ffeaff0c000000e2fffafffaff24000400c8ff06000c000c00dcffccff,3e008cff1400f6ffdeff000014000400d8ffd8fffeff0c00eeff100036000600,0000eeff0600f8ff0e001e001400a4ffa84ebc91b0ee124d9acc0cef586418cc
2499,2499,0,0a000a003000eefff2ffd2ffecff1c000c00fafffeffeeffe4ff02000e00feff,e4ffe4ff1c00eafff2fff2fffafffafff2ff14000600d8ffcafffaffdcfffcff,9cff0e00140014000000eeff04000400d8ffe8ff1c00feffeeffdeff06001600,ceff30001600e8fffcff3000e4ffc4ffc2cc16efb663bacbb29120646a4ed291
2500,2500,0,fcffdcff000020000000f2fffcffecffdaffdaffeeffeeffe4ff12000e00feff,f4fff4ffdaff0c000000f2fffafffafff2ff0400f8ff06000c000c00dcffdcff,1e000e0004001400deff4200140024000600d8fffefffeff20002000f6ff0600,00000000f8fff8ff0e000e00e4ffe4ff7c91d663504e3092bcee3e4f78cc98ee
2501,2501,0,2a001a00deff1000e2ff10000c000c00dafffaff1c00fefff4ff02002e000e00,120012000c00faffe2ffe2ff0a001a00e2ff0400c8ff1600faffeaff1c001c00,0e000e001400baff20000000f4ff2400d8ff1600eeffeeffceffdefff6ff0600,10003000caffe8ff1e00fcffe4ff040036ee184f32cc54ed2e631acd9291f863
2502,2502,0,ecff2a00deff1000f2fff2ff0c001c000c00faffeeff0c00d4ffd4fffeff0e00,02000200fafffaff0000e2ffeaff1a00d2ff14000600d8fffaffcaffccffecff,dcfffcff1400140000001000f4fff4ffcafff8ff0c000c000000eeff0600e6ff,1000deffe8ff4600fcffdcff440004004463b2cd309256635e4f229138ee304f
2503,2503,0,0a000a001000deffe2ff10001c00dcff0c00fafffeff0c00d4ff02000e00eeff,e4ff12000c00faff2e00f2fffafffaffd2fff2ff160036001c000c001c000c00,0e002e002200f6ff00002000d4ff1400d8fff8ff1c000c000000eeff0600f6ff,0000eeff1600e8ffecfffcff240094ff884f7c9194ec904efacd9cee286360cd
2504,2504,0,ecfffcff0000100000000000fcfffcffeaffeaffeeff0c00f4ff02000e00eeff,e4ffe4fffaffeaffe2ffd4fffaff1a000400d2ff36001600faff0c00fcfffcff,1e000e0022003200eeffeefff4ffe4fff8fff8ff1c00eeffeeffeefff6fff6ff,ceff10000600e8ff0e003000f4ffe4ff6ece5aed166352cd7291de62b04f9291
2505,2505,0,fcfffcff00001000e2ff10001c00fcffcaff0c00eeffeeffd4ffc6ff0e002e00,4000f4ffeaffdaffc4ff2e000a001a00f2ff14002600f8ff0c000c00dcffecff,1e001e000400f6ff0000eeff1400f4ffe8ff16000c00feffceffceff06000600,100010001600baff30000e00f4ff14002c918462464f60923ced7e4f70ce58ed
2506,2506,0,ecfffcff2000200010000000ecff0c00fafffaff1c000c00f4ffd4fffeffeeff,f4fff4ff1c001c00f2ffd4ffeaff1a00f2fff2ff26003600caff0c00fcff2c00,dcff1e00f6ff140000000000e4ff14000600e8ff1c001c00deffdeffe6fff6ff,48001000e8ff46000e00dcff04001400deeb8e5040ce56ebfe625acf6291ac62
2507,2507,0,fcfffcffeeffeefff2fff2ff1c00fcffcaffcaff0c00eeff1200f4ffdeffdeff,e4fff4fffaffeafff2ffe2ffeaffeafff2ffe2ffd8ff2600fafffaff0c00ecff,0e00fcfff6ff0400deffeeff04001400e8fff8ff2a00feff0000defff6fff6ff,5800eeffdaff06000e00ecffd4ffe4ff94626ecf4092d662c250429120ec5050
2508,2508,0,1a00fcffeeffeeff10001000ecffdcffbaffcaff0c00feff1200e4ffceff0e00,e4ffe4fffaff0c00d4ff3e00faff0a00e2ffe2ff1600d8ffeaff0c00ecffccff,fcff1e00040004001000eefff4ff0400e8ff0600feff1c000000ceff06000600,eeffdeff46000600fcff1e00f4ffc4ff9e500c91f6eaf451cacf1cec2c6228cf
2509,2509,0,fcff2a001000eeffe2fff2ff0c000c000c000c002c001c0012000200eefffeff,1200f4ffeafffaffc4ff2e000a00faffe2ffe2ffd8fff8ff0c001c002c00ecff,1e000e00040004000000eeff1400f4fff8fff8ff2a000c00eeffdeff16000600,eeff00001600daffcaff40001400e4ff44d02eeb66621ecf2291ce624a517291
2510,2510,0,fcff0a001000000020000000fcff0c00fafffafffeff0c0012000200fefffeff,e4ff12001c00fafff2ffe2ffeaff0a00c0ff040036003600eaffeaffecff0c00,ecff0e001400f6ff1000eeffa4ff0400caffd8fffeff1c000000eeffd6ffd6ff,ceff20001600daff1e00fcffc4ff04001c912462f2521092cceb025152d090eb
2511,2511,0,1a000a0010001000d2ff00000c00dcfffafffaff2c00feff1200f4ffeeffeeff,f4ffd4fffaffdaffe2ff0000eaffeaff040004003600d8fffaffeaff1c00fcff,1e009cfff6fff6ff1000100004000400e8fff8ff0c00feffeeff0000f6fff6ff,10000000e8ff16000e00fcff040024006eea7e519ecf7ee94e62bacf42912c62
2512,2512,0,2a000a001000100010001000fcff1c00dafffaffceff4c0022002200feff0e00,e4fff4ff0c000c00e2fff2fffafffaffe2ff14000600e8ff0c00faffbcfffcff,fcff1e00f6ff1400eeffeeff14000400e8ffcafffefffeffeeff10000600f6ff,30000000e8ff64000e00ecfff4ff0400a861d4d0a09126627251029194ea9a51
2513,2513,0,fcfffcff00000000000010000c000c00caff1c00cefffefff4ff40002e00eeff,e4ff02000c00eaffe2fff2ff0a000a00e2fff2ffd8ff4600baff1c001c001c00,0e002e00220004001000eefff4ff14000600e8fffeff0c00eeff00000600e6ff,10001000f8ffdaffbafffcff1400c4ff38522c911ee9f2521ed1ccebcc610cd1
2514,2514,0,fcff0a00ceff0000000000000c00fcffdaff1c00eeff1c001200e4ffeeff0e00,f4fff4ff0c000c00e2ffe2fffafffaffe2fff2ff26000600faff2c00fcffdcff,1e002e002200140010002000040014002600e8ff1c000c004000eeffe6fff6ff,deff20001600e8ff0e00fcffd4ff140054d164e980611ed0c2902a612a523291
2515,2515,0,fcff2a001000ceff0000d2ff0c00fcff0c00daff0c001c0012004000eeff0e00,e4ff12000c000c00f2fff2fffaff0a00f2ff0400d8ffd8ff2c001c00ecff0c00,1e001e0032000400eeff1000f4ff1400260034000c000c00eeff2000f6fff6ff,eeff2000dafff8fffcfffcff0400f4ffec905861a253f0913cebc2512cd1f4e9
2516,2516,0,fcffdcffeeff0000d2ff00001c001c00fafffaff0c002c00120030000e000e00,0200e4fffafffaffd4ff2e00faffeaffe2ff0400f8ff0600eaff0c00fcffdcff,fcfffcfff6ff04000000eefff4fff4ffe8fff8ffeefffeff0000cefff6ff0600,0000eeffdaff46000e00fcffe4ff0400e2e878527ad1eee84a6152d2c8900c61
2517,2517,0,fcff0a00100010002000f2fffcffdcffcaff0c000c00eeffe4ff02001e00feff,1200e4ff0c00dafff2ffd4fffaffeaff040014001600d8ff0c00fafffcff0c00,0e003e00140014001000defff4ff0400e8fff8fffeff0c00ceffdeff16001600,1000defff8ff1600fcffecff2400d4ff08618ed2d09110615652f29034e90653
2518,2518,0,2a00fcff00000000e2ff0000fcffecff0c00caff1c002c00120002000e00eeff,d4ff0200eaff0c00e2fff2fffaffeafff2ff0400e8ff06000c00caffdcffecff,0e000e0004000400eeffeeff1400d4ffe8ffe8ff0c000c00000000000600f6ff,1000deff06001600cafffcff2400e4fffa52dc9090e7f253e2d23ce8a2606cd2
2519,2519,0,ecff1a0020001000f2ffe2ffdcfffcffdafffaff0c00feffe4ff1200feff1e00,e4ff1200faffeaffe2fff2ffdaffeaffe2ff1400e8ffd8ff2c00faffecffecff,1e001e0014000400eeffeeff0400240016002600eeff0c0000002000e6fff6ff,ceff20007200e8fffcff1e00e4ffd4ff00d312e8d260fad19290ea604653d890
2520,2520,0,1a001a0000001000e2fff2fffcff0c00faffcafffefff2fe300040002e000e00,0200d4ffdaffeaffd4ff00001a00caffe2fff2ffd8fff8ffcafffaffdcffdcff,1e00dcff0400f6ffeeff10000400f4ffe8fff8ffeeffd0ff0000400006000600,deff6800daffcafffcffecfff4ff2400dc9068608254b09138e73c543ed32ae8
2521,2521,0,1a00fcff00002000f2ffe2ffccff0c00fafffafffeff0c0002000200fefffeff,f4ff12001c00eafff2fff2fffaff0a00f2ff2400f8ffe8ffcaffeaff2c00fcff,1e002e0014000400deff0000f4ff1400d8ffd8fffeff1c00eeffcefff6ff1600,eeff1000e8fff8ff1e00ecffb4ff2400c2e78a5360d240e76a6042d398906260
2522,2522,0,fcff0a00eeff1000e2ff1000fcfffcfffaff0c001c001c00120002003e00deff,f4fff4ffeaff1c00f2ffe2ffeaffeaff1400f2ffd8ffe8ff2c00eaffbcffecff,1e00fcfff6ff2200200010001400e4ff1600cafffefffeff10000000f6fff6ff,5800deffe8ff5400ecfffcffe4ff04002860a0d3809162608c54a290f0e60654
2523,2523,0,0a002a00200000000000e2ffecfffcffdaffeaff0c001c014000f4ffeeff0e00,f4ffe4ff0c00fafff2ffe2fffafffaff040004000600e8ffcaff0c00fcffdcff,0e001e00f6ff0400deff1000f4fff4ffd8ffd8ffeeff6600100000000600f6ff,1000eefff8fff8ffecff0e000400e4ffb654cc9012e6605524d4e8e6aa5f2ed4
2524,2524,0,2a00fcff0000eeff000020001c002c00faffdaffeeff2c00020012001e00eeff,f4ffe4ffcaffeaff20002e000a00eaff24000400f8ffc8ffcaff0c00fcff3c00,2e000e000400e6ff10002000140004000600e8ff1c000c00000010001600e6ff,ceff00005400dafffcff30002400d4ff7ed4bce6545fe0d4b290765fae549890
2525,2525,0,1a001a0010002000f2ffd2ffecff0c00faffdaff2c000c0040003000feffeeff,f4ff3000faffdaffe2ffd4fffafffaff04002400d8ffc8fffaffcaffdcfffcff,0e000e0004001400eeffeefff4ff2400aaff06002a00eeffeeffdeffd6fff6ff,ceff2000f8ffdaff1e000e00e4ff14009c90625f3e5690914ae57c5446d5f8e5
2526,2526,0,2a002a00000000001000f2ff0c00fcff2c00faff0c00eeff1200f4fffefffeff,0200f4ffeafffaffd4ff20001a00eafff2ffd2ffd8fff8ff0c00eaffdcfffcff,1e000e0014000400deff10000400d4ffd8fff8fffeff0c00eeff200016001600,10001000daff46003000dcffe4ff1400a0e5565540d624e5a65f74d5b8905a5f
2527,2527,0,fcff1a00200010002000f2fffcfffcfffafffaff0c002c0040003000deff0e00,f4ff12000c00eaffe2ff0000faff0a000400f2ffd8ff9aff0c000c00ecfffcff,0e000e00320004000000deff14000400d8fff8fffeff2a00eeffeeff06001600,3000eeffdaff6400fcfffcfff4fff4ffd25e8cd59091345f5c55729098e5fe54
2528,2528,0,fcff0a00eeffdeffe2ff1000fcff0c000c00eaff1c00feff02001200feff0e00,12000200faffeaff2e002e000a00fafff2ff1400c8fff8ff0c000c000c00dcff,0e000e00040014000000420014001400f8ffaaff0c00eeff2000100016001600,1000eeff16001600ecff0e000400a4ff56555c9084e48e5664d52ae4fa5e86d5
2529,2529,0,1a000a0000000000f2fff2ff1c000c00faffdaff1c000c0022000200deffeeff,02000200eafffafff2ffd4fffafffaffe2ff04000600b8ff0c00faffecfffcff,1e001e000400f6ff0000eefff4ff0400e8fff8ff0c000c00eeffeeffe6ffe6ff,eeff10004600daffdcff1e00d4ffe4ff28d6e0e4045f30d64290465f8e556890
2530,2530,0,fcffecff0000000010000000ecff0c00bafffaffeeff0c0040004000feffdeff,f4ffe4ff0c00faffe2ff4c00eafffaffd2ffe2ffd8ffe8ff0c003c00ecffdcff,0e00dcfff6fff6ff00000000f4fff4ffd8ffe8ff0c000c0000001000f6ff0600,ceff10001600daff1e000e00d4ff04008c90a25e9e5670916ae45c56e6d520e4
2531,2531,0,fcfffcff0000eefff2fff2fffcff0c00eafffaff1c001c00f4ff3000eeff0e00,0200f4ffeaff0c00f2fff2ff0a000a00f2fff2ffe8ffc8ffcaff1c002c00fcff,1e00fcff0400f6ff0000eeff24002400caffd8ff0c00feff1000eefff6ff0600,0000eeffdaff06003000fcfff4ff34009ae36256ecd7c4e3965e74d68890825e
2532,2532,0,fcff2a0000001000f2fff2ff0c000c00faff1c002c00feff0200f4fffeff1e00,e4ff1200faff0c002e00e2ffeaff0a00f2fff2ffd8ffe8ff0c002c005c00fcff,fcff0e00140004000000000014003400f8fff8ff1c00feffeeffeefff6ff0600,eeffdeffe8ff1600fcffdcff24001400825e78d7a091545ecc568290a0e3ee55
2533,2533,0,fcfffcff20000000e2ff20001c000c000c00daffeeff0c00f4fff4ff0e000e00,f4fff4ff0c00faff2e00e2ff1a000a000400f2ff0600e8ffcafffaffecfffcff,3e000e00f6ff1400eeffdeff04001400d8ffd8ff0c001c00deff100016000600,eeffdeff54000600fcff1e00f4ffd4ffb2565c9024e34e5754d72ae4225e1ed7
2534,2534,0,ecff2a001000eefff2fff2ff1c00fcffdafffaff0c001c0002001200feff0e00,f4ff0200faff1c00f2fff2ffdafffaffd2fff2ffd8ffd8ff0c004c00fcffecff,1e000e00220032000000100024001400060026002a00feffdeff100006000600,beff78005400caffecff3000f4fff4ff0ed89ae2345e9cd82290f65d6e56a890
2535,2535,0,fcff0a00ceff0000e2ff10000c00fcffeafffaff0c000c00020040001e001e00,f4ff0200cafffaffd4ff2e00faff0a000400f2ffe8ffd8ff0c00fafffcff0c00,fcff0e00e6ff140010001000f4ff0400160016000c00feff000000001600f6ff,deff3000f8ffcafffcff0e00d4ffe4ff5c90325ed057509188e2ec56aed7c4e2
2536,2536,0,fcff0a0000001000d2ffe2fffcff3c00eaffdaffeeff0c0040000200feff0e00,120012001c00eaff2e00d4ff1a000a00e2ff2400f8fff8ffbaffeafffcffccff,0e001e000400e6ffeeff0000f4ff1400e8fff8fffeff1c001000eeff06001600,48001000daff06001e00ecffc4fff4ff6ae232572cd9d0e1165e88d83890c25d
2537,2537,0,2a000a0000000000200010000c00fcff0c00baff0c00eefff4ff12001e002e00,e4ff0200eaff0c00e2fff2ff1a00fafff2ff0400260016000c00faffdcffecff,1e00ccff0400f6ff0000100024000400e8fff8ff0c00feff3000300006000600,2000befff8ff46000e00fcff0400c4ff865daed86091385d6c574290c4e20657
2538,2538,0,ecfffcff00000000f2ff20000c00fcffeaff0c000c001c001200d4ffdeff2e00,f4ff1200fafffaff2e00e2ff0a005a00f2ff1400e8ff36000c00faff3c00ecff,8cfffcff14000400eeff000004000400d8fff8ff1c00feffeeffeeff06002600,eeff000016000600fcff1e003400e4ffd8577c90e2e00e58b8d824e1325d90d8
2539,2539,0,0a00fcffceffdeffe2ffe2fffcff0c000c00cafffeffeefff4ff1200feff1e00,f4ffe4fffafffafff2ffd4fffaff0a0024000400c8ff2600eaff0c000c000c00,2e00bcfff6ffe6ffeeffeeff1400f4ff1600f8fffefffeff0000200016001600,deff20001600daffecff1e00f4ffe4ff6ed9dee0085d58daee8ff65ca6577890
2540,2540,0,0a001a0000001000f2fff2ff0c003c00caff0c001c012c001200f4ffdeff1e00,120002000c000c00d4ffe2fffaffeafff2ff1400f8fff8fffafffaff9cfffcff,1e000e001400f6ffdeff0000d4fff4ffe8ff26001c00feff00000000f6ff0600,deff20001600e8fffcffecffe4ff24003c90b65c04594091b4e0a058b0d984e0
2541,2541,0,2a000a00eeff000000000000fcfffcff1c00faffdeff1c00020030000e00deff,f4fff4ff0c00eaff2000f2fffaffeaffd2fff2ffe8ff36002c000c00ecfffcff,fcff0e00f6fff6ff00002000f4ff1400f8ffd8fffefffeff300000001600f6ff,0000eeffdafff8ff3000ecff04000400bee02858ead9a2e0165d1cda3890925c
2542,2542,0,ecfffcffeeff1000f2ff0000fcff0c00faff3c000c00eeff22000200feff0e00,f4fff4fffafffafff2ffe2ff0a001a00e2ff14002600e8ffcaffbaffecff0c00,0e001e000400f6ff0000deff04000400f8ff0600feff0c001000eefff6ff0600,4800eefff8ff5400fcffdcff24001400a65c38daea90885ca0584290a4e02658
2543,2543,0,0a00fcff20000000f2ff10000c00fcff0c00faff0c00eeff1200f4fffeff1e00,f4ff0200fafffaff3e00e2fffaffeafff2ffe2ffe8ffc8ff2c002c00dcfffcff,0e000e0014001400100000001400040006002600fefffeffeeff000016000600,0000defff8ff1600ecff3000f4ffe4ffb8585c90c2df34594cda64e01a5ca0da
2544,2544,0,dcff2a000000eeff00000000fcff0c000c00eaff0c002c00300030000e00feff,02002200fafffaffe2ffc4fffaff1a00f2fff2ff6400d8ff2c00faff0c000c00,dcff1e0022001400deff0000d4ff2400e8fff8ff0c000c0000000000e6ffe6ff,deff10000600daffecff1e000400d4ffaada0ee0485c78db5290d65ba8584890
2545,2545,0,0a001a0010001000f2ff00000c001c00dafffaff1c000c0030002200feff0e00,02000200eaff1c002000f2ff0a001a00f2ff0400aaffe8ff0c001c00dcffecff,ecff0e001400f6ff00000000e4fff4ffe8ff34001c000c00100020000600f6ff,ceff5800f8ffdaff1e001e00c4fff4ff3c90225c9459609180df9058b0da92df
2546,2546,0,1a00fcffdeff10002000f2ffecff0c00faff0c001c001c001200d4ff2e001e00,d4ff02001c00faff2000c4ff0a000a00f2ffe2ffd8ff06000c001c00fcfffcff,0e000e00f6ffe6ffeeffdeff0400240006000600fefffeff1000eeff16000600,10000000daff06001e00fcff14001400e8de1859e8db44df165c20dc5890ba5b
2547,2547,0,0a00fcff00000000f2fff2ff0c00fcff1c000c001c00deff400002000e00feff,12000200eaff0c00f2ffd4ff0a000a00d2fff2ff260006000c00eaffdcffecff,0e00fcff04001400ceffeeff2400f4ffd8ffe8ff2a00feff0000000016000600,7800eeffcaff4600fcffdcffd4ff0400c25bcadb0a91c85b505952908ade3859
2548,2548,0,2a00fcff100010000000f2ffecfffcffbaffdaff2c002c00300030000e000e00,e4ff0200faffeaff00000000fafffafff2ffd2ffd8fff8ff0c00caffecff0c00,fcfffcff0400f6ffeeff100004001400d8ff06000c000c002000eeff06000600,1000deff06000600ecff0e000400e4ff68593c90a6dd5a5a50dc80de6a5b02dc
2549,2549,0,fcff0a0010002000f2fff2fffcffecfffafffaff0c002c0002000200eeff2e00,1200e4ffeafffaff0000f2fffaff0a00e2ff1400f8ff16001c001c00ecffbcff,0e001e000400f6ff1000000014000400f8ffe8ff0c001c00eeff10001600f6ff,eeff10001600e8ffecff4000d4ffc4ffecdc28de385b16ddce8f445b88593890
2550,2550,0,0a001a00eeff100000000000fcff1c000c00cafffeff1c000200e4fffeffeeff,0200f4fffaffeaffc4ffd4fffaff0a00f2ffc0ff0600d8ff1c00caff1c001c00,2e00fcfff6ff2200eeff1000140004000600e8fffeffeeff3000eefff6fff6ff,eeff10001600f8ff1e00fcffe4fff4ff3c90425bba5a0a9140de745acadc1ade
2551,2551,0,1a000a00000000000000e2ff1c003c00faff1c002c000c00020002000e003e00,f4ff0200fafffafff2ffe2ff0a004a0014000400f8ffe8ff0c000c00dcffecff,0e003e0004000400eeff0000e4ff24001600d8ff0c00feffdeff0000d6ff1600,20000000dafff8fffcffecffe4ff24009cdd325af6dd56ddc45a70dc5890ae5a
2552,2552,0,ecff1a0020001000100000000c000c00fafffaff0c002c0022000200fefffeff,e4fff4fffaffeaff3e00e2ffdaffeaffd2ffe2ff0600f8ff1c000c00ecffecff,2e000e00f6ff1400200010000400f4fff8ffd8ff0c001c004000eeffe6ffe6ff,2000deffdaff72000e00fcfff4ff0400325a8cdd0a91ba5a145b82904add085a
2553,2553,0,fcff1a002000eeff200010001c00fcfffafffaff2c002c004000f4ffeefffeff,e4fff4ff0c00fafff2ffd4fffaff5a00f2ff04001600d8ffeaff1c000c00dcff,1e00fcff0400f6ff0000deff140014002600e8ff1c00feffeeff000006000600,0000eeff0600f8ffecff0e004400e4ffb45a4c9006dd185bc0dd00dd3e5a9add
2554,2554,0,ecfffcff00001000100010001c000c00faff0c001c001c00020030002e000e00,1200e4ffeafffafff2ffe2ff0a00fafff2ff14002600f8ff1c00faffecffccff,0e002e001400e6ff2000eefff4ff1400e8fff8fffeff0c00200010001600f6ff,deff00001600daffecff0e000400e4ff68defcdcaa5ab4de4290d0590a5b2890
2555,2555,0,2a000a00eeff000000000000fcfffcff1c002c000c002c0012000200eeff1e00,1200f4fffaffeafff2ffe2fffaff0a00040014002600c8fffafffafffcffccff,1e002e001400f6ff00001000f4ff0400e8ff26002a00feffceff00001600f6ff,0000100016000600dcfffcffc4fff4ff3c905859885b6091f0dba45a3ade62dc
2556,2556,0,1a002a00000010001000f2ffecffecffcafffaff2c00feff120022002e000e00,f4ff1200faff0c002e003e00daffeaffd2ff0400d8ffc8ffeaff0c00dcffecff,9cfffcff040022002000eefff4ffe4ffe8fff8ffeefffeff300020000600f6ff,eeffdefff8ff16004000caffd4ffe4ff2adbe45a54dfe8dbc05930df38909859
2557,2557,0,fcff0a00100010001000e2ffecffdcff0c001c00eefffeff02001200eefffeff,120012000c000c00f2ff2000fafffaff1400f2ffe8ff0600fafffaffdcffdcff,2e002e00f6fff6ffeeffeeff1400240006000600eeffe0ffeeffeeff06001600,3000eeffcaff64001e00fcff2400e4ff385958df7091a459945b7290c2db5a5b
2558,2558,0,1a00fcffdeff0000f2ff1000fcff0c000c001c00e2fee2fe22003000eefffeff,f4ff02000c00faff20002e000a00dafff2ff0400f8ffe8ff0c00eaffecff0c00,2e000e00f6ff1400eeffdeffd4ffe4ffbaffd8fffeff1c0010000000e6fff6ff,0000eeff16000600dcff0e001400f4ff125c7c9048dbc85b90dfbcdac85852df
2559,2559,0,fcff2a0020000000e2ff0000fcfffcfffaff2c000c002c00020012003e000e00,12001200faff0c000000f2ffeaff0a00f2fff2fff8ff0600eafffaffecfffcff,0e000e0014000400ceffdeff04002400f8ffe8ff1c00eeffdeffdeff26000600,100010006400daffecfffcfff4ffb4ff3ee03adb445922e072907059da5b5890
2560,2560,0,fcff0a00000030005c00e2ffecfffcffdaff0c00eeff0c0040001200eefffeff,f4ff0200faff1c002e00f2fffaff0a00a0ffe2ffd8ff2600fafffafffcfffcff,8cffdcff14003200100000000400e4ffcaff2600feff1c00200040002600e6ff,ceff1000060006001e00fcffc4ffe4ff4c90b858185d40918cda965cf2df80da
2561,2561,0,2a00fcffeeffceff00000000fcfffcff1c001c000c00f2fe120022000e002e00,2200e4fffaff0c00e2ff3e000a000a00e2ffd2fff8ffd8ff0c00faffdcff1c00,0e001e00f6ffd8ffceffeeff04001400160044001c001c00deffeeff06002600,10000000dafff8ff1e00fcfff4ffc4ff9ed9b65c82e098da005944e048909858
2562,2562,0,fcff1a0010001000f2ff1000fcff1c00dafffafffeff0c00e4ff0200eeff0e00,e4ff1200eafffaffd4ffd4ffeaffeafff2ff14000600d8ff2c000c000c001c00,ecff0e001400e6ffdeffdeff0400e4ffd8ff3400feff0c00ceffdefff6ff0600,3000deffe8ff54000e00ecffd4fff4ff4858aee00a91c458765ca290c0d96a5c
2563,2563,0,fcff0a000000eeffe2fff2ff1c00fcfffaff1c00e2fe0c00e4fff4ff0e00eeff,f4ff12000c00daff00000000eaff5a00140004000600e8ff0c00faffdcffecff,1e000e0022001400eeff000014000400f8fff8fffeff0c00eeff000036000600,2000000006001600ecff1e001400f4ff965c5c90a4d9d85c34e14cda065854e1
2564,2564,0,ecff0a00100010000000f2fffcffecffcaffdafffeffeeffe4ff0200deffceff,d4fff4ff0c002c002e00f2ffdaffeaffe2fff2ff2600f8ff0c00eaff1c00acff,acff1e0014001400eeff00000400e4ffe8ffaaff0c000c0000000000e6fff6ff,deffceff7200f8ff1e001e000400a4ff4ee1eed8b45882e182902058c25c3890
2565,2565,0,fcffdcffeeff0000f2ff00000c000c00fafffafffeffd2fef4ff02004e002e00,2200e4ffcaffdaffd4ff20000a000a00d2ffd2ff0600f8ff0c000c001c00dcff,fcff0e00f6fff6ffeeff2000240024000600f8ffe0ffeeffdeffeeff36001600,00002000daffcafffcff1e00140024005c908257385d0a91e8d8f65cf4e100d9
2566,2566,0,fcff0a00000010001000e2ff0c00fcff1c00fafffeffeeff0200d4ffeeff1e00,020002000c000c00d4ffd4ffcaff5a00d2ff04002600e8fffaffcaffbcff1c00,ecff1e001400f6ff0000eefff4ff1400e8ff06001c000c001000eeffc6ff1600,00002000f8ff06000e00ecffd4ff04007ed8665d42e264d92058c8e258909657
2567,2567,0,0a001a0000000000f2ff1000fcff1c000c001c000c00defff4ffe4ff0e000e00,12001200faff1c00e2fff2fffafffaffe2fff2ffc8ff2600eafffafffcffccff,0e000e0022000400eeff10001400f4ffbaffd8ff1c00feff200020000600e6ff,5800eeffe8ff6400ecffdcff1400d4ff02572ae270910058665dee8f5ad8025d
2568,2568,0,fcfffcff000020001000e2ffecffecfffaff0c000c00f2fe1200e4ffeeff0e00,f4ff1200faffeaff3e00e2ff0a000a00d2ffe2ff0600f8ff0c00caffecfffcff,fcff0e0014000400eeff0000e4ff14000600e8ffeefffeff2000eeff0600e6ff,0000ceff54001600ecff0e000400b4ff325e5c90ccd7145ee8e264d7ae5664e2
2569,2569,0,fcfffcffdeffeefff2ff00001c000c000c00daffeeff0c00220012002e002e00,1200f4ffeaff0c00d4ff3e00fafffaff14000400d8ff06001c000c002c00dcff,2e00ecfff6ff0400eeff3000240014000600f8fffeffe0ffeeff20001600f6ff,deff1000f8ffbafffcff40001400e4ff6ae388d7105754e3ee8f6c57f25d8890
2570,2570,0,1a00fcff1000eeff0000d2ffecff0c00daff0c00deffeeffd4ff02000e001e00,120012000c00fafff2ffd4ffdafffaffe2fff2ffe8ff0600caffcaffecff0c00,0e000e000400f6ffeeff0000f4ff2400caff16001c000c00eeffeeffe6ff1600,deff68000600dafffcffecffc4ff14005c90e256445ea09144d7465eb0e328d7
2571,2571,0,1a000a001000eeffe2ff2000fcfffcff0c000c00eeffeeff1200f4ff0e00eeff,f4ffe4ff0c00faffe2ffe2fffafffafff2fff2ffd8ffe8ff0c000c00ecffdcff,0e001e0022001400eeff100004001400e8ffd8ff0c001c00eeff100016000600,0000eefff8ff54001e00dcffc4ff1400b8d6625e44e44cd7ac56f8e258903e56
2572,2572,0,fcfffcff0000100010000000fcfffcffcaffdaff0c00eefff4ffe4ff0e00eeff,f4ff1200faffeaff3e000000faffeaff0400e2ffe8ffc8ff0c000c00fcfffcff,fcfffcfff6ff04001000eefff4ff94fff8fff8ff1c000c003000300016000600,eeffbeffdaff46000e00ecff1400f4ff6256dae30a916057965e8290a0d6325e
2573,2573,0,fcfffcffeeffeefff2fff2fffcffecffdaffdaff0c00feff020002002e000e00,12002200eaff0c00d4ffe2fffaff0a001400f2ff2600d8fffaff1c001c00fcff,1e002e000400f6ffceff0000240034000600f8ffeeff0c00ceff000026003600,1000eeff0600e8ffbaff1e004400f4ffd25e7c9060d6c45e02e5a4d60e5610e4
2574,2574,0,ecfffcff1000eeffd2ffe2fffcff0c00caffcaffceff0c00f4ff0200deff2e00,22002200faff0c00f2fff2ff0a000a00f2ff0400e8ff2600faffbaffdcfffcff,1e001e001400040000000000d4ff1400f8ffe8ff2a00feff0000ceffe6fff6ff,eeff20004600f8ff0e001e001400e4ff30e5bcd57e5684e56290bc55ea5e9890
2575,2575,0,0a001a00100000000000e2ff0c000c002c00faffdeffceff020012000e001e00,020012000c00faff3e00f2ffeafffafff2ff0400540016000c000c001c001c00,0e002e001400f6ff00001000040014000600f8ff1c00feff0000eefff6fff6ff,beff58005400f8ff1e003000d4fff4ff9c90c655345f9091b4d5f65ef8e4a0d5
2576,2576,0,ecfffcffdeff2000100020001c000c000c00faff2c00e2fe120002002e00feff,f4ff1200eaff1c0020003e00eafffaffd2ff0400060036003c001c00ccffecff,ecfffcffd8ff14000000eeff2400f4fff8fff8ff0c001c00eeffeeff0600f6ff,0000eeffdaff06004000fcff0400e4ff6cd5125f44e570d5ec55e2e688902e55
2577,2577,0,2a000a0000001000e2fff2ff1c002c001c000c00eeff0c00020002008c007c00,12002200eafffaffe2ffd4ff0a000a00e2ff140006003600faff0c00ecff0c00,1e001e00e6ffe6ffeeffeeff14004400e8fff8fffeff0c00eeffeeff06003600,6800eeffbaff54003000dcff1400040036552ce690919055165f6290f0d42a5f
2578,2578,0,fcfffcffeeffeefff2fff2fffcfffcff0c00caffdefffeff220012000e002e00,12000200fafffaff3e00e2fffaffeaffe2fff2ff2600e8ff0c000c00ecff0c00,0e000e001400140000000000040014000600e8ff1c001c002000000006000600,0000deff06001600dcfffcff1400c4ff925fbc90c0d5645f92e634d4ce5418e6
2579,2579,0,0a001a0010000000f2fff2fffcff1c00faff0c00e2feeeffd4ff2200deff2e00,0200f4ff1c00faff0000d4ffeaff0a00f2ffe2ff2600f8fffaff1c00ecffdcff,8cff1e0014000400eeffeeffd4ff1400d8ffe8ff0c00feffdeff2000f6ffe6ff,beff10001600e8fffcff1e00e4ffd4ffcce67cd4205532e662902c559a5f7890
2580,2580,0,fcfffcffdeff1000100010001c00dcfffaffaaffeeff2c00300012001e00eeff,f4ffe4ffeafffaff4c00f2ff0a00baffd2ffe2ffe8ff06002c00faffdcffdcff,fcff1e00e6ff14001000100024001400caff0600eeff1c00eeff00002600e6ff,ceff1000f8ff06001e000e00d4ff04009c90d6540460909144d44a60b8e618d4
2581,2581,0,0a001a001000eeff0000f2ff1c001c00eaff3c00deff0c00f4ffe4ffceff3e00,f4ff02000c00eaffe2ffd4fffaff0a001400240016000600faff0c00ecff2c00,1e000e000400f6ffdeffcefff4ff4400060006000c000c00beffeeff36003600,68001000dafff8ff1e00fcfff4ff240060d3386040e750d4365342e7c8906654
2582,2582,0,fcffecffeeffeeff0000f2ff2c00ecffcafffaffeeffd2fe22001200fefffeff,f4fff4ffeaff0c0020002e00faffeaff0400e2ffe8ffc8ff2c000c00ecfffcff,0e000e00220014001000deff0400d4ff160026000c00feff0000eeffe6ff1600,2000deffe8ff6400fcffdcfff4ff140032545ce7c091e2547a60b29098d3ca5f
2583,2583,0,fcff0a0020001000e2ff0000ecff1c00aaffdaffeefffeffd4ff02002e001e00,e4ff02000c00eafff2ffe2ffeaffeaffe2ff24004600f8ffeafffaffecfffcff,0e000e001400140000001000f4ff2400f8fff8ff1c00feffdeffdeff2600f6ff,eeffeeff16000600fcff1e000400f4ff5860dc90c2d3c26096e8e4d3c653cae7
2584,2584,0,0a00ecffceff0000f2ffe2ff0c00ecff2c000c00deffdefff4ff40002e00eeff,e4ffd4ffeaff0c0020003e004a00faffe2ffd2ff260046004c004c00fcffecff,0e00fcffe6ff0400deffdeff1400e4ff0600d8fffeff1c00deff00003600f6ff,eeff00004600e8ff0e0050003400b4ffa2e89ed2225410e80291d6526c60b890
2585,2585,0,0a000a001000eefff2fff2ff0c002c000c000c000c00eefff4ffe4ffeeff2e00,30003000fafffaffe2ffe2ff0a004a00040004001600c8ffcaff0c000c001c00,0e000e0014000400ceffeefff4ff2400260034002a00feffdeffeeff06003600,eeff30004600baff0e00fcffe4ff4400ec90ea52e060909182d25a608ae8acd2
2586,2586,0,0a00dcffeeff1000e2fff2ff1c000c001c00caffdeff2c001200c6ff2e00feff,d4ff02001c000c00e2ff2e00dafffafff2fff2fff8fff8ff0c00eaffdcff0c00,0e000e001400040010001000040004001600d8ffeeff1c000000000016000600,eeffeeffdaff06003000fcffe4ff14001ed208611ee92ad1f652fae9d8903653
2587,2587,0,fcff0a0010001000000000000c001c000c00faff0c00defff4fff4ff0e001e00,e4ff12000c001c00e2ffe2ff0a00faff0400f2ffd8ff06000c00eaff1c002c00,0e001e00140014001000100004002400060006000c000c00eeff0000f6ff1600,5800deffdaff46000e00fcfff4ff2400785222e9f09152533a619290dcd11c61
2588,2588,0,fcffdcffeeffeefff2ff00000c00fcffdaff0c00deffeeff4000f4ff1e000e00,0200d4fffaff0c00f2ff20001a000a00d2ffd2ff1600e8fffaff2c00fcff0c00,0e000e00e6ff04001000eeff14001400f8ffcaffe0ff0c00deff100036003600,2000beff060016001e001e004400c4ff2861dc9006d0e6616aea4ed19a5264e9
2589,2589,0,ecff0a001000ceffe2ffe2fffcff1c000c00dafffeffdeffc6fff4ff0e00feff,02001200eaffdaffd4ffd4ffeaff0a00f2ff0400e8ff06001c002c003c005c00,0e000e000400f6ff1000eeff04000400f8ff44001c00feffceffcefff6ff0600,eeff20001600caffdcff0e00e4ffe4ff0eea54d1b2523ee9d29086529c61e890
2590,2590,0,0a00fcff0000eefff2ff2000ecff1c000c00daffeeffeeffd4ffd4ff0e000e00,f4ff1200eaff0c0020002e00eaffeafff2fff2ff260006000c001c00bcffdcff,dcff0e0004000400eeffeefff4ff0400e8ffe8ff1c001c00eeffeeff1600f6ff,beff4800f8ffe8ff1e000e00f4fff4ff1c919e51e661b0911ed14e6204eafcd0
2591,2591,0,fcff0a00deff00001000f2ff0c00fcfffafffaff1c00e2fe1200f4ff0e002e00,1200f4fffafffaffe2fff2fffaffeaffe2ff0400f8ff36000c002c00fcffccff,ecff1e00040014000000000014001400e8ffe8ff1c00feff1000deff06003600,10001000f8ff06003000dcffe4ff4400c4d088610eea1ecf6251baeaf890da51
2592,2592,0,fcffecff1000100010001000fcff0c000c001c00e2fe0c00120022000e001e00,f4ff0200eafffaffe2ff00001a00faff0400e2fff8ff1600faffeaff2c00ecff,0e000e0004000400100010000400040006002600feff0c00ceffdeff16000600,3000deffbaff16001e00ecff240024005e51eeea009292523e62429132d09c61
2593,2593,0,fcff2a0020001000e2fff2ffecfffcff3c003c00eeffe2fe120002000e000e00,02001200faffeaffe2fff2ffeaff0a00f2ff1400e8ff2600eaffaaffccffecff,0e001e0022000400eeffeefff4ff0400f8ff06001c001c0000000000e6ff1600,1000200016000600ecff0e002400140024620c91eece5662daea7ed02a5110eb
2594,2594,0,fcfffcff100000000000e2fffcfffcff2c000c000c00defff4ff0200deff0e00,12000200dafffaffc4ffd4ffcafffaffe2ffd2ff06000600faff0c00ecffdcff,fcff0e00f6ff2200eeff0000240004001600f8ff2a00feff000000000600f6ff,aeffeeff6400daffdcff0e000400d4ffaeeb7ecfbe514eeb129172504c623291
2595,2595,0,fcff0a0010001000200000002c00fcfffaff0c00cefffeffe4ff12001e000e00,f4fff4fffafffaff3e000000daffeaff0400f2ff1600e8ff0c000c00ccffecff,0e000e00f6ff1400eeff1000040014002600f8ffeeff0c000000eeff0600f6ff,ceff20002400daff1e001e00d4ffd4ff2c91fe50766260924acf6e62e0eb48cf
2596,2596,0,1a000a00eeff1000e2ffe2fffcff2c002c000c00eeffdeff020002002e002e00,f4ff02000c00faffe2ff20000a00faff14000400f8ffd8fffaff2c00ecfffcff,2e000e00f6ff0400eeff000044001400260006000c00feffeeff000006000600,10000000f8ffcaff1e00ecffd4ff14001ecf846246eb92cd6250aced6291a050
2597,2597,0,dcffecff10000000d2ffe2fffcff0c00faff0c002c000c00020002000e000e00,f4ff1200daff0c000000f2fffaffeaff04000400f8ff06000c000c00dcffecff,0e001e00220032001000eeff04002400e8ffe8ff2a00feffeeffdeffe6fff6ff,3000eeffe8ff54000e00ecff240024008e505cec40927e51fe62329108cfac62
2598,2598,0,dcff0a0030002000e2fff2fffcffecfffafffaff2c000c00f4fff4ffeeffeeff,1200f4ffeaffeaffe2ffe2fffafffafff2ff0400f8ff26001c001c00dcff0c00,1e000e001400220010002000140014000600e8ff1c000c00deffeeff06000600,1000beff24001600dcff1e001400f4ff34636c9152cdd6621ced7ace4050b6ec
2599,2599,0,dcfffcff00000000e2ff2000ecffecfffafffaffeeffeeff0200e4fffeff3e00,1200f4fffafffafff2ff0000daffdaffe2ffd2ff0600e8ff1c003c00fcffecff,fcff2e000400220000000000040004000600e8ff0c000c001000eefff6ff0600,deff000006000600dcff3000e4ffb4ff8cec8ecefe5014ed3291325038637291
2600,2600,0,fcfffcffceff0000f2fff2ffecff1c00fafffaff1c00ceffe4ff30000e001e00,0200f4ff0c00daff3e00f2ff4a000a001400d2ff0600f8ff1c000c001c00fcff,3e000e000400f6ff0000100014001400260026000c000c00000010002600f6ff,000068000600cafffcff0e00040004007c912e50666330925ace5e63f6ed30ce
2601,2601,0,1a00ecff000020003e00f2ffecffecffdaffdafff2fe2c00f4ffd4ffeeffeeff,1200f4ff0c00dafff2ffd4fffaffeafff2ff04002600f8fffaffeaffdcffdcff,0e002e000400140000000000140014002600440084001c00eeff0000f6fff6ff,20002000160006001e00caffe4ff4400c2cd146374ed42cc1e4ffced8291d04f
2602,2602,0,0a000a000000000000001000fcfffcffeaffdaffe2feeeff220012000e00eeff,02001200fafffafff2fff2fffaffeaffe2ffe2fff8ff2600faff1c000c00acff,0e00fcfff6ff04002000eeff0400f4ff1600e8fffeff0c00eeffdefff6fff6ff,2000deffdaff16000e00fcff2400f4ff684f9cee20928e501064729160cdb863
2603,2603,0,fcfffcffeeff2000f2fff2ff0c00fcfffaff0c00deff0c0002000200fefffeff,e4ffe4fffaffeafff2ff00000a000a00f2ffe2ff06000600faff1c00acffdcff,0e002e0014000400eeff100014001400d8ff16001c001c001000eeff16000600,2000deff16000600ecff0e000400e4ff54638c91d2cb86633cefbacd004fb0ee
2604,2604,0,fcff0a0010000000000020000c000c000c001c00eefffeff020030000e000e00,02001200faffeafff2ffe2ff0a000a000400e2ff0600e8ff2c00cafffcfffcff,0e000e00f6fff6ffeeff2000f4fff4ff2600e8ff0c00eeffdeffcefff6ffe6ff,eeff10001600e8ffdcff40001400e4ff4cefd2cc084e90ee92915e4ef863a291
2605,2605,0,fcff1a0000002000f2fff2fffcff1c00fafffaffeeff2c00e4ff0200feff0e00,e4ff02001c00fafff2ffe2ffbafffafff2ff040026004600faffcafffcffecff,0e00fcff140004001000ceff04002400d8ff06001c002a00eeffeeffe6ffe6ff,beff200054000600fcffdcffd4ff24008c91d84e24649092bacc7e6370ef58cc
2606,2606,0,fcffdcffdeff2000100000000c001c001c00faffeeff0c00f4ff02001e000e00,d4fff4fffafffaff20000000fafffaff1400f2ff2600e8ff2c000c00ccffdcff,0e000e0004000400deff200014000400060026001c002a00100010000600f6ff,0000eefff8ff160030000e00e4ff44000ecc7a6450ef32cb2e4e70f0c2913a4e
2607,2607,0,fcfffcff1000eeff0000f2ff0c001c001c001c00ceffeeff12001200eeff2e00,e4ff02000c00fafff2fff2fffafffaff040004003600e8fffafffaffccffecff,ecff0e0014001400ceff0000f4fff4ffe8ffd8ff0c001c000000100006001600,2000eeffdaff16001e00ecff0400f4ff384e12f00693f24c5064c291d8cb3864
2608,2608,0,fcff0a000000eeffd2fff2ff1c00fcff1c000c001c00eeff1200f4fffefffeff,2200e4ff0c00daff20002e000a000a001400e2ff0600d8ff1c00fafffcffecff,fcff0e00f6ff0400eeff000024001400f8ff34000c001c002000000016000600,2000deffdafff8ffecff0e003400f4ffca64cc918cc9946400f17acbc04d90f0
2609,2609,0,1a000a000000000000000000fcff1c00cafffaff2c002c00f4ff30000e000e00,120012003c001c00e2fff2ffeaffeafff2ff14000600e8ffeaff1c00dcff0c00,0e000e003200140000000000e4ff0400f8ff26000c00feff0000deffe6ff0600,eeff30004600e8ffdcff1e00f4ffd4ff3ef17ecb444c80f0d2916e4da0640292
2610,2610,0,fcffecff200010000000f2fffcff0c00fafffaff0c00feff30001200fefffeff,e4ffe4ffeaff0c002e0000000a00eaffe2fff2ffc8fff8ff0c00faffecffdcff,0e000e00f6ff220010001000f4ff1400f8ffe8fffefffeff20000000f6fff6ff,deff30004600daff0e00300004000400cc918c4dd4640693aacb20658af1f8ca
2611,2611,0,fcfffcffceff00001000f2ff0c001c00dafffaffdeff2c00300030000e00feff,e4ff12001c00faff2e00d4ff0a000a00d2ffe2ff0600d8ff1c001c001c000c00,fcff1e0004001400deff10000400f4ffd8ffe8fffeffeeff100000000600f6ff,10001000e8ff060030000e00040014006cca1a65c0f05cc9de4c20f10292e04c
2612,2612,0,2a000a00eeff0000f2ff10001c000c001c00faff0c00ceff02001200fefffeff,12000200faffeaffe2ffd4ff0a00eafff2ffe2ffe8ff3600faff0c00dcfffcff,fcffecffe6ff140000000000240014001600f8fffeff0c00eeff1000f6ff1600,58000000caff1600fcfffcff34002400ec4c48f2d692744b10653692dcc9e064
2613,2613,0,0a000a0000000000f2ff00000c00dcff0c000c00feffe2fe02003000feff1e00,e4fff4ff0c001c00e2ffd4ffeaff0a00d2ffe2fff8ffe8ff0c00eaffecfffcff,fcff1e0014001400eeffeeffe4ff0400f8fff8ff6600eeffdeffceffe6fff6ff,0000beff16000600ecfffcfff4fff4ff4a6536923cc9e46424f228ca684c0af2
2614,2614,0,ecfffcff20000000f2fff2ff0c00fcff0c00faffe2feceff400002000e000e00,0200e4ff0c00faff000000000a00eaff1400f2ff0600e8ff0c000c001c00bcff,0e00ecff2200f6ff000020004400f4ff1600e8fffeff0c0000000000f6ffe6ff,beff00002400e8fffcff40003400040078f272c9344b42f258923e4c70654292
2615,2615,0,2a000a00000000000000f2ff0c001c000c00eaffeeff0c00300002000e002e00,e4ff1200eafffaff3e0000001a000a00d2fff2ffe8ffd8ff0c00faff0c000c00,0e00fcff1400f6ffeeff000004001400e8ff2600e0ff0c0000000000f6ffd6ff,eeff10000600e8fffcff300004002400dc91284c5465749354c910656af2acc9
2616,2616,0,0a002a00100000000000e2ff0c00fcfffafffaff1c010c00e4ff30001e002e00,0200f4fffaff1c00f2fff2ff1a00dafff2ffe2ffb8ffd8fffaff0c00fcfffcff,dcffdcffe6ff0400000000001400f4ff160026001c000c001000eeffd6ff2600,20001000e8fff8ff1e000e0014005400d2c83666d2f21ec80e4cf6f39292a84b
2617,2617,0,fcff0a0000000000f2fff2ffecfffcffdafffafffeffeeff020022000e002e00,f4ff02000c000c00f2fff2ff1a00faff14001400f8ffd8ffcafffaffdcfffcff,dcfffcfff6ff40001000eeff1400040016001600feff2a00eeffceffe6fff6ff,5800eeffe8ff54001e00fcffe4fff4ffa84b98f35693844aee657892a2c8d065
2618,2618,0,fcffecff00000000f2ffe2ff1c00dcff0c00faff0c000c0002000200deff2e00,f4fff4ff0c000c000000f2ff1a00fafff2ffc0ff160006000c000c000c00ccff,0e00fcff0400040010001000040014002600f8ff1c000c000000200026002600,eeffcefff8fff8ffecff0e000400f4ff266686923ec7026646f424c8184b36f4
2619,2619,0,0a000a000000100010000000ecff0c000c00faffeeff2c00020012000e001e00,e4ffd4ff0c00faff000000000a001a00e2fff2fff8fff8ff0c000c00ecfffcff,1e000e000400f6ff10001000f4ff0400060006000c00feffeeffeeffe6ff0600,deffeeff6400f8ffcaff0e00f4ff0400b8f372c8244a32f5b8929e4b0066b292
2620,2620,0,0a001a002000eefff2ffe2fffcff0c001c002c00eeffe2fef4ff02000e002e00,0200f4fffafffafff2ffe2ffeaff0a000400e2fff8ff9aff0c00faff0c00ecff,fcff2e0022001400000000000400e4fff8fff8ff2a002a001000eeff16000600,deff30001600caff0e003000f4ffe4ff8692884b02666693c0c77e66eef422c8
2621,2621,0,1a00fcff10001000f2ff20001c00fcffdaff0c00feff0c0002001200feff0e00,d4fff4ff2c001c00e2fff2fffaffeaffe2ff04002600f8ff0c00cafffcfffcff,8cff0e001400f6ffeeffeeff14001400e8ff26000c000c002000deffe6ffd6ff,00001000f8ff06004000dcffd4ff04007cc7666602f6cec62e4a96f4e2927c4a
2622,2622,0,0a001a0000000000000010000c000c000c000c00eeffceff120002000e002e00,02001200fafffafff2ffd4fffafffafff2ffd2ffd8ff26000c002c000c00fcff,0e002e00140014001000eeff0400140026002600fefffeff10000000f6ff1600,6800deffdaff46000e00ecffe4fff4fff64a54f5a493d449ae66d89218c74066
2623,2623,0,0a000a000000eeff200000001c000c00daffdaff0c00eefff4fff4ff2e000e00,e4ffd4ff0c001c00200020000a000a00d2ffd2ff0600d8ff0c00faff0c003c00,1e00fcfff6fff6ffdeff0000f4ff04000600d8fffeff1c000000200026000600,eeffdeff060006001e001e000400b4fff666d69200c6426656f6e6c67c49def5
2624,2624,0,fcff1a0020000000d2ffe2ff1c000c00faff0c00f2fedeffd4fff4ffeeff2e00,020012001c00faff0000d4fffaff2a00f2ff3600d8ffd8ffcaff0c001c00ecff,fcff2e001400140010002000140014002600f8fffeff0c0000000000f6ff0600,eeff00004600daffcaff3000f4ffe4ff50f60cc7f048d0f6f89208490267e292
2625,2625,0,fcfffcffeeff1000f2ff00000c001c00faffdaff0c0002ff02003000eeff0e00,0200f4fffaff0c004c00e2ff1a00faff0400f2ffe8fff8ff0c00eaffecfffcff,dcff0e00e6ff1400eeff000004000400f8fff8fffefffeffeeff2000e6fff6ff,deff3000f8ffcaff0e000e00f4ff1400f6925c49b266d493b8c5ee668ef660c6
2626,2626,0,fcffecffceffdeff0000f2ffecff0c00fafffafff2fe2a000200f4fffeff1e00,e4ff1200faff0c003e00e2ffeaff0a00e2ff0400c8ffc8ff0c00eaffecff1c00,0e001e0004000400eeffeefff4ff0400caff06001c002a001000deff06001600,eeffeefff8ff16000e00fcffc4ff1400c0c51667aef742c54a4956f7f2921c49
2627,2627,0,fcffecffeeff300010002000ecffecff0c00dafffeff2a00120040002e002e00,1200f4fffaff1c000000e2ff1a00fafff2ffd2ffc8ffd8ff1c000c00ecffecff,0e009cfff6ff1400eeff2000140004002600e8fffeff1c000000eefff6ffe6ff,2000eeffdaff16003000ecff1400f4ff8c4840f7e49390489e67f892b0c55267
2628,2628,0,fcfffcff200010001000f2ff1c00fcffdaffdaffd0ffeeff0200e4fffeff0e00,120002000c00faffe2fff2fffaff1a00f2ffe2ff2600e8ff0c000c00ecfffcff,ecff0e0014002200ceffeeff24001400340034001c00feff0000ceff06000600,0000eeff1600e8ffdcff0e001400c4ff8667469332c4a266a6f798c4024816f7
2629,2629,0,fcfffcff00000000f2ff20001c001c00caff0c00eeff0c00120040000e00feff,0200d4ff0c001c00f2fff2ffeaff0a00f2ff0400e8ffe8fffaffeafffcffdcff,fcfffcff04001400deffeeff340014002600f8fffefffeff00001000f6ffe6ff,deffeeff1600e8fffcff5000e4ffe4ffc6f780c50e47bef848939848b2677e93
2630,2630,0,ecfffcff000020002000e2fffcff0c00daff1c000c00eeff020012002e000e00,f4ff02000c002c00d4ffd4ffeaff0a00d2ff360036000600caff0c00fcfffcff,0e00fcff04001400eeff100014001400f8ff26001c000c00deff10002600e6ff,beff0000f8ffdaff1e001e00e4ff140036933c487067749418c4326816f800c5
2631,2631,0,ecffdcffeeffeeff1000e2ff0c00fcfffafffaff0c000c00400050000e00eeff,0200d4ffeaff0c002e000000daff1a00d2ff0400f8ff3600faff1c000c00ecff,2e00fcfff6fff6ff00001000040004001600d8ff0c002a00100010001600e6ff,eeffeeffcafff8ff4000fcffe4ff2400f0c4cc67eef8f2c3b4478af8ae93f247
2632,2632,0,1a000a0020000000f2fff2fffcfffcfffaff0c00e0ffeeff22000200feff0e00,e4ff12002c00fafff2ffd4ffeafffaff040004003600e8fffaff0c000c002c00,0e00fcff14000400eeffceff240004000600e8ff1c001c000000defff6fff6ff,30000000060016000e00baff24001400764798f8d494ce46de67789318c4f267
2633,2633,0,0a00ecffeeff1000f2fff2ff0c00fcff0c00eaffeeffe0ff400040000e00feff,f4fff4fffafffaff00000000faff0a00e2ff1400260036002c00eaff0c009cff,fcff0e00e6ffd8ffdeff000004001400540006000c001c000000eefff6fff6ff,0000defff8ff4600ecffecff3400c4ff1c68969342c3e0673af948c46247d8f8
2634,2634,0,bcff0a00eeff00000000f2ffdcffecfffaff0c00e0ff1c00120002000e002e00,d4fff4ffeaff1c002e00d4ffeaff0a00f2fff2ff16000600eaffeafffcff0c00,0e001e00f6ff04001000eeff04000400f8ff26001c000c00deff3000f6ffe6ff,deff10006400e8fffcff30001400d4ff68f92cc46046e6f9da93d4462268ae93
2635,2635,0,0a000a00eeffeeff0000f2ff0c00fcfffaffdaff1c002a0022004000eeff2e00,0200e4fffaffeaffe2fff2ff1a00daffd2ff1400f8fff8ff0c000c00ecffecff,fcff0e0014001400eeff10001400d4ff26000600fefffeff000020000600f6ff,deff0000e8ffbafffcff1e00f4ff0400a693c646b067749416c37268b8f9a8c3
2636,2636,0,0a00fcff00000000e2ffe2ffdcfffcfffafffafffeff0c01f4ff02000e000e00,020022000c00fafff2ffe2ffeaff0a00240014000600b8ffeaff0c00ecfffcff,2e001e0014000400eeffcefff4ff0400060006000c000c00eeff0000e6ff1600,0000eefff8fff8ff3000dcffe4ff1400c0c28c680afb12c36446befaee93c246
2637,2637,0,ecffecff10002000f2ff2000fcffecfffaffeaffe0ff0c00020012002e000e00,0200d4ffeaff1c00e2ff00000a00fafff2fff2ff160006000c00baff0c00dcff,0e001e000400f6ff0000eefff4ff14000600f8ff1c001c0020001000f6ff0600,2000eeffdaff16000e00ecffe4ff0400864622fab4945245c2680a9438c36268
2638,2638,0,fcfffcff10002000e2fff2fffcff1c00dafffafffeff0c001200f4ff0e002e00,f4ff12000c00faff3e00e2ffdaff0a00e2ff140006000600eafffaff1c001c00,1e002e00e6fff6ffeeffeefff4fff4ff1600e8ff66001c000000eefff6ff0600,eeffbeff46006400fcfffcff0400c4ffac68b693eec140685efbb2c1c04568fa
2639,2639,0,0a000a0000000000e2ff00000c00ecffdaffdafff2feeeff02000200feffeeff,f4ff1200fafffaffe2ff20000a00daff140014002600c8fffafffafffcffbcff,fcff0e00f6fff6ff200000000400040006002600eefffeffdeffdeff0600f6ff,deffeeff1600e8fffcff4000f4ffb4ff52fb10c2f244dafb2a943446fc68fe93
2640,2640,0,ecfffcff1000eeff1000f2fffcff1c00faffdaffeeffe0ff120002000e00eeff,f4ffe4fffaff0c00f2ffd4fffaff5a00040004001600f8fffaff0c001c00fcff,1e001e000400e6ffeeff1000f4ff0400160006000c000c00deffdeffd6ffe6ff,deff48001600e8fffcff1e00d4ff14000694ea449068149582c1b2686afb0cc2
2641,2641,0,1a00dcffdeff00001000f2ffecff0c00faff0c00d0ffd0ff300002003e002e00,f4ffe4ffdaffdaff2e00f2ffeaffeaff1400f2ff060016000c000c00ecff1c00,1e002e00040004002000eeff1400e4fff8ffd8ff1c000c00deffeefff6fff6ff,eeff0000daff060030001e00c4ff140036c1cc689afc30c164457efb2e942045
2642,2642,0,fcfffcffdeffeeff00000000ecffecfffaff1c001c002a002200f4ffdeff1e00,02000200faffeafff2ffd4fffaffeafff2ff0400f8ff16000c002c00ccffecff,dcff3e00220004000000deff14001400f8ffe8ff1c001c000000eeffe6fff6ff,0000deffcaff16001e00ecffd4ffe4ffaa4484fc549532441269ba949cc11c69
2643,2643,0,fcfffcff2000100000000000fcffdcff1c00caff0c00eeffd4ff30000e00deff,f4ff1200caff0c003e00e2ff0a00fafff2ff1400e8ff1600faffcafffcfffcff,ecfffcfff6ff0400000000001400d4fff8fff8ff1c000c000000400016001600,2000cefff8fff8fffcfffcff4400f4ff0c691694a0c0f26840fc52c1d0442afc
2644,2644,0,fcfffcff00002000f2fff2fffcff1c00daff1c00eeff0c000200f4ffdefffeff,12001200eaffeaff0000f2ffeaff0a0014000400060016002c00caffccffecff,0e002e000400f6ffeeff000004000400f8fff8ff1c000c00eeff200016002600,0000eeff1600dafffcff30002400d4ff10fec6c0124458fdaa9454438c698e94
2645,2645,0,dcff0a0000001000f2ff0000fcffdcfffaffdaffeefff2fe0200f4fffefffeff,e4ff1200fafffafff2ffe2fffaff0a00e2ff140016003600eaff0c00dcffecff,0e001e00140014000000eefff4ff1400f8ffd8ff2a000c002000eefff6ff1600,deff20000600dafffcff0e00f4fff4ffa49402437269749522c06269f2fc9cc0
2646,2646,0,fcffecff00001000d2ffe2ffecffecffeafffafffeffeeff02001200eeffeeff,020002000c00eaffe2fff2fffafffafff2ffd2fff8ff2600faff0c00bcffccff,fcfffcff0400f6ff10001000040014002600e8ff1c002a0000000000f6ff1600,10001000dafff8ff1e00fcffd4fff4ff16c07c69d8fde0bff64370fef694c843
2647,2647,0,fcfffcff10002000f2ff1000ecffecff1c00caffd0fffefff4fff4ff0e000e00,f4ffe4ffdafffaff2e00f2ff0a000a000400e2ffe8fff8ffeaffcaff0c00dcff,dcff1e00f6fff6ff00002000140004000600caffe0ff1c00300000001600f6ff,6800eeffe8ff1600fcff0e002400f4ffb24220fec4951443d269ca940ac09c69
2648,2648,0,0a002a0000001000f2fff2fffcfffcfffafffaffeeffeeff12001200deffeeff,2200f4ff0c00daffe2fff2ff0a00faff04001400c8fff8ff0c001c00fcff1c00,fcff2e00f6ff04000000eeff14001400f8ffd8ff1c000c00deff1000f6ff0600,1000deff0600daffecfffcff14001400ae69629562bf626940fefebee84202fe
2649,2649,0,fcff1a00eeff10001000f2ff0c001c000c00faffe2feeeff120002001e000e00,f4ff02000c003c00f2ff0000eaffeafff2ffe2ff160026000c00faffecffccff,0e000e000400140000000000f4fff4ffbaffe8ff1c001c0020001000f6fff6ff,eeff100016000600dcff40002400e4ffc0fee6bf944236ff2a95f442bc691695
2650,2650,0,0a00fcffeeff10001000f2ff0c001c00daffcaff0c00f2fef4ff4000feff2e00,0200d4ff0c000c000000e2ff0a000a002400e2ff260006000c000c00dcffccff,0e001e001400e6ffdeff000004000400caffe8ff1c00feffeeff0000f6fff6ff,ceff00001600f8fffcff1e00e4fff4ffd4947242d669f495eebea26992fe4abf
2651,2651,0,fcff1a00eeff0000f2ffd2fffcff0c000c00cafffeff0c0030003000feff3e00,f4ff0200eafffaffe2fff2fffaff0a00f2ff04002600e8ffeafffaffdcff2c00,0e000e00f6ff0400100000001400e4ffe8ffcaff0c000c00100020000600f6ff,10000000cafff8ff4000ecffe4ff1400b0be186a26ff32bf9442e0fe76954c42
2652,2652,0,0a00ecff00000000e2fff2ff0c000c00fafffaff0c00eeffd4ff2200eeff2e00,120002000c00fafff2ffe2ffeafffaff14000400e8ff1600eaff1c000c000c00,0e000e00040014000000eeff040024002600f8fffefffeff00000000f6fff6ff,58001000daff1600fcffdcff24002400384118002496ae41566a5a95a2be1c6a
2653,2653,0,fcff2a0000000000f2fff2ff0c00ecff0c002c000c000c000200e4ff0e002e00,0200d4ffeafffafff2ffd4fffafffaffc0fff2ff06003600eaff1c00dcff0c00,dcfffcffe6ff0400eeffdeffd4fff4fff8ffe8ff1c001c00100000000600f6ff,eeffaeff4600f8fffcfffcff1400b4ff486a929534be366ab0ff7ebe9c417aff
2654,2654,0,fcff2a00eeffeeff10002000ecfffcffdaffdaffceffeefff4ff02000e000e00,f4ff0200fafffaffe2ff3e000a001a00f2ffe2fff8ffe8ff0c00eaff2c00ecff,fcff0e001400040010000000f4fff4fff8ff0600feff1c00eeffdefff6fff6ff,deff00000600daffdcff30001400e4ffe80030be2e419400aa9590417c6a7695
2655,2655,0,fcff2a00eeffdeff1000d2ffecff0c000c00faffeeffeeff0200f4ff0e00feff,12001200eafffaff3e000000eaff0a00e2ff0400e8ffd8ff0c00eaffecffecff,0e001e0022000400deffeefff4ff04000600f8ff1c002a00100010000600e6ff,ceff4800f8ffdaff0e001e00f4ffe4ffd295b840566a44965ebdc66aac00c2bd
2656,2656,0,fcff0a0000001000f2fff2ffecffecffdaff2c00eeffdeff0200f4ff0e002e00,120022001c00daffd4ffd4ff0a00eaff0400040026000600faffeaff0c00ecff,dcff0e0022000400eeffceff14000400d8ff26001c002a00deffeeff0600e6ff,00001000f8ff060030000e00d4ff340074bda86a240104bdf0407601e6951c41
2657,2657,0,fcfffcffeeff00000000f2ff0c00fcff0c000c00eeff0c00300002000e000e00,12001200fafffaff2e00d4ffeaffeaff0400040026004600eaff0c00dcffccff,ecfffcff040004000000eeffe4ffd4fff8ffcaff1c002a000000eefff6fff6ff,2000deffe8ff64001e00dcff140014005840680162966040a66aca95f2bcd86a
2658,2658,0,fcfffcff2000eeff0000f2ff0c00ecff0c000c00eeff0c00020012000e001e00,f4ffe4fffaff0c000000f2ff1a000a001400f2ff1600d8fffaff0c00fcffdcff,fcff9cff140004000000ceff140004000600e8fffeff2a001000eefff6ffe6ff,0000cefff8ff0600ecff1e0014000400986a6e9604bd966aa6014ebc52409c01
2659,2659,0,fcff0a00eeff0000f2ff10000c000c001c00eaff0c00deffd4ff12002e002e00,1200f4ffdafffaff2e002e000a001a00f2ffe2ff1600f8ff0c000c00ecff0c00,fcff1e00f6fff6ffdeffeeff1400140026001600eeff0c00eeff0000e6fff6ff,1000eeff1600dafffcff30004400f4ff5202c4bc7a3f6802ba96b040286b0696
2660,2660,0,0a000a0010000000f2ff10000c001c00caff0c000c000c000200f4ff2e003e00,02001200faff0c00e2ffe2ffeafffafff2fff2ff46002600faff0c00ccffecff,0e000e001400f6ff1000eeffd4ff0400e8ff26000c000c00eeffceffe6ffe6ff,deff68004600daff1e001e00e4ff0400d096923f766af096eebbe66b7c027abc
2661,2661,0,dcffdcff10001000f2fff2fffcff1c00eaffdaff1c00e2fe020030002e002e00,1200f4ff0c00fafff2fff2ff1a00fafff2fff2ff26000600eaff2c00fcfffcff,0e00dcfff6ff04000000000014001400f8fff8ff1c000c00eeff2000c6fff6ff,00001000f8ff16001e00fcffe4ff240080bbf86a160336bc6c3f7a0266963a3f
2662,2662,0,fcfffcff00002000f2fff2fffcff0c00caffdafffeff1c00f4ff12000e00eeff,e4ff3000daff0c002e00e2ffdaffeafff2ff1400460036000c000c00fcff0c00,0e000e00f6ff2200100010000400f4fff8ffe8ff0c00feffdeffcefff6ff0600,4800deffcaff16001e00fcff04000400d23e02036097023ff66b0a97babb386b
2663,2663,0,1a002a0000000000e2ff00001c00ecffdafffaff0c00eeff020012002e000e00,220012000c00caff3e00f2ff1a000a00f2ffd2ffd8ff46002c00fafffcff0c00,2e001e00e6fff6ffeeffeeff440024001600d8ff2a000c000000000006002600,2000eeff16000600ecff0e004400d4ff186b2097f6bab66a4a034cbb923e5803
2664,2664,0,fcfffcff1000000000001000dcfffcffdaff0c00eeffeeff120002000e00eeff,f4ff12000c001c000000d4ff0a000a00f2ff1400160016000c00fafffcffecff,fcff0e00140022000000000004001400e8ff16000c00feff000000001600e6ff,eeff10004600e8ffdcff3000e4ffe4ffc203e0ba423e66041a976c3e686bb696
2665,2665,0,fcff0a0000000000200010000c001c00faff0c001c00fefff4ff4000fefffeff,12001200faff0c0000003e000a000a000400d2ffc8ff1600faff1c001c000c00,0e00ecff04000400eeffdefff4ff1400caffd8ff0c00feff1000cefff6ff1600,deff10004600e8fffcff0e00e4ff24002097923e366b70977cbac66b5804e8ba
2666,2666,0,fcffecffeeff2000f2fff2ffdcfffcfffaffbaffeeff0c0002003000deff0e00,f4ff02000c00faff0000e2ffeaffeaffd2ff0400c8fff8ff2c00eaffdcfffcff,dcff0e00140004000000eeffe4ff0400baffd8fffeff2a0020001000d6ff2600,00001000f8ff06003000fcffd4ff4400a0ba186bc604d6ba6c3eac040e97d23d
2667,2667,0,0a00fcff00000000f2ff20001c001c00faff0c00eeffeeffe4ff02000e000e00,30000200eaffdaffe2ff3e000a00eafff2fff2ffd8fff8fffaff1c002c00ecff,1e001e00f6fff6ff0000eeff04000400f8fff8ff0c00feffeeff000016000600,4800eeffdaff16001e00dcfff4ff2400763d0805d097663d466c2a9758baa86b
2668,2668,0,fcfffcff00002000f2fff2fffcff0c00faff0c00eefffeff02004000feff0e00,12001200eaff0c00f2ffc4ff1a000a00e2ffe2fff8ffd8ff0c00faffdcff1c00,fcff1e00040004000000deffe4ff0400f8fff8ff1c000c00deffeeff16000600,0000defff8ff1600ecffdcff2400d4ff886b609766ba166b2c05c8b9923de004
2669,2669,0,fcff0a00eeff0000e2ffd2fffcff0c00faffeaffeeffeeffe4ff1200feffeeff,f4ff1200fafffafff2ff3e000a000a00f2fff2ffaaffe8ff0c000c000c00dcff,0e000e0004000400eeff100004000400e8ff06000c00feff000000000600f6ff,0000000046000600dcff1e000400f4ff340696b9c63c16056a97bc3dc86b5e97
2670,2670,0,fcff1a0000000000f2fff2ffdcffdcffbafffaffeeffe2fe3000e4ff2e000e00,f4ff1200fafffaff00001000eafffaffe2fff2ff2600b8ff2c000c00fcffdcff,0e000e00f6fff6ff0000eeff1400040016000600eeff0c00000010001600f6ff,ceff3000f8ffdaff0e000e00e4ffe4ffa097363d766b6098d8b8966cf005c8b9
2671,2671,0,1a00fcffeeff1000e2fff2fffcfffcff0c00faff1c00eeffc6fff4ff0e002e00,f4fff4ffeafffaffe2fff2ff0a000a000400f2ff2600d8ff0c002c00dcffecff,dcff0e00e6ffd8ff00001000f4ff04002600f8ff0c000c00deffeeff06002600,10001000e8ffe8ff0e00fcffe4ff240016b9a86b7206b0b9ac3c9c05be97b23c
2672,2672,0,fcfffcffeeff1000e2ffe2ff0c00fcfffaffcafffeff0c00e4ff0200eeff2e00,e4ff12001c00fafff2fff2fffaff0a001400360006003600eaff1c000c00fcff,0e000e001400140010001000e4ff04002600f8ffeeff1c0000000000e6ff1600,3000deffdaff64000e00ecff04000400203c24072098863cc66cda97f8b8f86b
2673,2673,0,fcff0a00300000000000f2fffcfffcffdafffaffe2fecefff4ffd4ff0e001e00,0200f4fffafffaff4c003e00eaff5a000400f2ffd8ffe8ff2c00faffecffecff,8cffdcff1400f6ffeeff000004001400d8ffd8ffeeff1c0020003000f6fff6ff,0000beff1600f8ffecff0e002400c4ffba6c36986ab8866b2a0708b9da3ba006
2674,2674,0,fcff0a0000000000f2ff0000ecfffcff1c000c00feff0c00f4ff02000e000e00,f4fff4ff0c000c00f2ffd4ff1a00eaffe2ffe2ff1600b8ff1c002c00fcff0c00,1e001e0004000400eeff1000f4ff0400caffd8ffeeff1c00deffeeff3600f6ff,deff00004600f8ffecff3000f4ffc4ffcc0746b8763be2067e98fa3aa06cce97
2675,2675,0,fcfffcffeeff10001000f2fffcff0c00faff0c001c00eeffe4ffd4ff0e00eeff,f4ffd4fffafffaff0000d4fffaffeaff0400f2fff8fff8ff0c001c00ccffdcff,1e001e0014000400eeffeeff04000400caffe8ff1c000c00eeffceffe6fff6ff,ceff3000e8ffdaff300030001400e4ff3698603b866bf098d4b7e66cf00746b8
2676,2676,0,ecfffcff0000eefff2fff2ff0c001c000c00daffeeff1c00e4ffe4fffeff0e00,0200e4fffafffaff2e000000eaff0a00f2ff2400360036000c000c00ecff0c00,dcff0e0014001400eeffeeff0400f4ff160006000c000c002000eeff0600e6ff,eeffeefff8ff06003000fcffe4ff140026b8aa6cc2071ab8ca3a6e084e984a3b
2677,2677,0,ecffdcff00001000200020000c000c00faffcaffe2fe2c00f4fff4ff0e000e00,020012000c00faffd4ffe2fffaff0a00e2ffd2ff36000600faff0c00dcfffcff,fcff1e0004001400eeffeeffd4ff0400f8fff8ff0c00feff2000eeff16000600,1000eeffdaff64000e00fcff1400e4ff323a6c08f098b63bc66cca9776b7806c
2678,2678,0,fcfffcffdeffeefff2ff0000fcff0c00caff0c001c000c00020022002e000e00,020012000c00faff0000f2fffaff1a001400d2ffb8ffe8ff2c000c00dcffdcff,1e000e00e6fff6ffeeffeeff14001400f8ffcaff0c001c000000200016001600,0000000006001600fcfffcff2400d4ffca6cc6987ab7166c7e0804b77e3ad208
2679,2679,0,dcfffcff000000001000f2ffdcff0c00faffcaff0c00eeff020002001e002e00,f4fff4fffaff0c00f2fff2ffeaff0a00f2ffe2ff54003600faff0c00fcfffcff,fcff0e0014001400eeff0000f4ffe4ffcaff16002a001c00eeffeefff6ff0600,ceffeeff4600f8ffdcff1e001400e4ffdc0860b7483a7208ae98fa3ad06cb098
2680,2680,0,fcffecff00001000f2ff00000c001c003c00fafff2feeeffe4ff12001e000e00,1200e4ffeaff0c00f2fff2ffeafffaff36000400160036001c000c000c000c00,1e000e001400f6ffceffeeff44000400260034006600feff0000100006000600,ceff30004600caff0e000e00d4ff0400e6989839666c009964b7166d920936b7
2681,2681,0,0a00fcff00003000f2ffd2ff1c000c00caff0c00eeff2c0002000200feffeeff,e4ffd4fffaff1c0000000000eaffeaffe2ffe2ff060036000c00eafffcfffcff,0e000e00140014000000deff14001400340026001c00eeffeeff2000f6ff0600,eeff0000cafff8ff1e00dcffd4ff1400e0b6fa6c20094ab796391e09e0989839
2682,2682,0,1a00fcff1000defff2ffe2ff2c000c00cafffafffeffeeffc6ff22004e00feff,12001200faffeaffc4fff2fffaff0a001400e2ff26002600faff2c001c00dcff,0e000e0014000400eeff0000040024002600f8ff0c000c00eeff00000600f6ff,58001000caff3600fcffecff240014003839060a3099e839266d1e99aeb6e06c
2683,2683,0,0a001a0000001000000020000c000c00cafffafffeff2c001200c6ffeeff3e00,e4ffe4ff0c001c00f2ffe2fffaff1a00f2ff040054003600fafffaffbcff0c00,dcff0e0004001400eeffeeff040014002600f8fffefffeffeeff0000f6ff0600,0000cefff8ff0600ecfffcff1400d4fffa6c5699bab6946c020a62b6e838520a
2684,2684,0,fcff0a0000001000f2ff2000fcff1c000c00fafffeffceff020022000e002e00,1200f4ffdaffeaffe2ff2e00faff0a000400e2ff36001600faff0c001c001c00,2e001e00f6fff6ff0000deff14000400e8fff8ff0c000c00deffdeff1600f6ff,000020001600caffdcff1e000400d4ffb60ab4b54239000a2e999638306d6099
2685,2685,0,ecfffcff200000005c00f2fffcffecfffaffcaffeeffeeff12001200eeff0e00,02000200faff0c00e2ffe2fffaffeafff2ff040006005400faffcaffacffecff,0e00dcff0400f6ff0000deff04000400f8ff26001c000c00200000001600f6ff,deff10000600caff0e000e000400f4ff56993838b46cbe9962b5366d360beeb5
2686,2686,0,fcffecffeeff00000000f2ff0c001c00eafffaff2c00eefff4ff22001e002e00,e4fff4ffeaffeaffb6ff4c00faffeafff2ff0400f8ff06000c00eafffcff1c00,ecff2e000400f6ffeeff000034003400caff34001c00eeffeeff00001600f6ff,eeff1000daffe8ff1e00fcfff4ffe4ff44b51a6dd80aceb57638f40bb0991638
2687,2687,0,fcfffcff200000000000e2fffcfffcfffafffaff2c000c001200e4ff0e00eeff,f4fff4fffafffaffd4ffe2ffeaff0a0014000400060054002c000c00dcff0c00,8cff0e00f6ff14001000eeff0400040016000600feff2a00eeffdeff0600f6ff,2000eeffdaff54003000cafff4fff4ff9237260b0e9a2c38566d4e994eb5406d
2688,2688,0,1a00fcff0000deff0000f2ff1c001c00daff2c000c001c00d4ffc6fffeff3e00,1200f4fffafffaff0000e2ff0a00eaff14001400060006002c000c00dcffecff,0e001e00f6ff1400eeff1000140014003400f8ffe0fffeff0000eefff6ff0600,2000defff8ff06000e000e000400e4ff9a6db6994eb5a46c620b32b44637c60b
2689,2689,0,dcffecffeeff1000e2fff2ffecfffcfffaff0c00eefffeff02003000feffeeff,02001200eaff0c002e00f2fffaff1a0024000400f8ff06000c000c00ecfffcff,fcff0e000400f6ffdeffdeff14001400e8ff2600feff0c00eeff0000e6fff6ff,deffdeff6400daffdcff1e000400f4ff120d04b5cc37760c629ad237706df099
2690,2690,0,0a001a001000200000000000ecff0c00faff0c00eeffdefff4ff0200feff4e00,f4ff0200eafffaff10001000eaff0a00f2ff0400360084001c001c00fcfffcff,fcffdcff04000400eeffdeff44001400f8ffe8ff0c00eeff000010000600f6ff,deff30001600caff0e000e00b4ffe4ff509a0237a46c4e9a52b4c86d860c80b4
2691,2691,0,1a00fcffeeff00001000f2ff0c000c002c00faff1c00e2fe30004000feffeeff,020002000c00daff0000d4fffaffeaff040004000600f8ff2c00eaffccffecff,1e00ccff1400f6ff0000eeff1400140016002600feff1c00eeffeefff6ff1600,00001000e8fff8ff4000dcff2400f4ff96b38a6d840ffeb49236820c409a8e36
2692,2692,0,1a00fcff2000eeff10001000fcfffcfffaff0c00e2fefeff4000e4fffeff1e00,d4ffd4ffdafffaffe2fff2ffeaffdaff1400f2ff540026000c000c000c00dcff,0e00fcff220004000000eeff04001400e8ffe8ff0c00feff0000eeff06001600,1000eeffdaff1600fcfffcff0400e4ff4236820ddc9a8c36e86d829ac0b3a06d
2693,2693,0,fcff1a0000001000f2ff1000ecff1c001c000c000c00e2fe020002002e000e00,1200e4ffdaffeafff2ff2e00dafffaff14004600260006000c002c00dcffecff,0e002e00d8ff0400200010002400e4ff060006000c000c00000000000600f6ff,30000000f8ff1600ecff0e000400d4ff266e909abeb4346db20de2b3ce35ae0d
2694,2694,0,dcfffcff10000000f2fff2ff0c00fcfffaff0c00feff0c00f4ff02002e000e00,f4ffe4ffdaff0c00f2ffd4ffeaffeafff2ffd2fff8ff2600faff0c00ecffecff,dcff0e001400f6ffeeffeeff0400040006001600eeff2a000000eeff0600e6ff,ceff00004600f8ffecff30002400c4ff7e0e36b3ee35940f629ac235e06d709a
2695,2695,0,0a00fcff0000ceffe2fff2ff1c00ecff1c000c00eeff0c00f4ffd4ff0e002e00,f4fff4fffaff0c00e2ff00001a00faff0400f2ff3600e8ff1c000c00fcffdcff,1e002e001400f6ff00002000040014002600d8ff0c000c00eeff200006001600,ceff2000f8ffcaff1e003000d4ff0400f09a7635546d8c9bb0b2186e320e40b3
2696,2696,0,fcffecff0000200000002000fcffecfffaff1c00deffdefff4ff1200eeff0e00,e4ff1200eafffafff2ffe2ffeaff1a000400040026004600fafffafffcff1c00,0e000e0004000400eeff0000a4fff4ff060006000c001c000000defff6fff6ff,00001000e8fff8ff4000fcffc4ff140066b2266e3410a0b11235120fb09a0e35
2697,2697,0,fcffbcff0000eeffe2ff0000fcffecff0c00fafffeffceffd4fff4ff1e00deff,0200e4ffdafffaffc4ff2e001a000a00f2ff04000600f8ffcaff0c003c000c00,2e00ecfff6ff1400eeffdeff0400340034005400fefffeffeeffeeff06001600,4000eeffdaff16000e00dcff0400f4ffc634300f9c9b5e35786ec29aa4b2f06d
2698,2698,0,1a00fcff200030000000e2ff0c00ecfffaff0c00deff1c0022000200eeff0e00,e4ff12000c00eaff2e00f2ff0a000a000400e2ff4600f8ff0c000c00ecffecff,fcfffcff040004000000000014001400caffe8ff1c000c00eeff0000e6fff6ff,eeffcefff8ff1600fcfffcff0400e4ff566e309b30b1746d520f9cb13634480f
2699,2699,0,0a000a00000000000000e2ff1c001c001c00faffeeffdeffd4fff4fffeff2e00,0200f4ffdaffeaffe2ffd4ff1a00eaffe2fff2ff3600e8ff0c000c002c00ccff,0e00fcff14000400eeff100004001400f8ff3400eeffe0ff0000eefff6fff6ff,0000eeff0600e8ffdcff40003400b4ff761026b2de342a11229bf234206e409b
2700,2700,0,ecff0a00eeff30001000f2ffecfffcff1c00daffdeffdeff1200e4ff2e000e00,f4fff4fffaff0c000000e2fffaffeafff2ffe2fff8ff0600faff2c00fcff1c00,ecffdcff14000400eeffcefff4ff2400aaff16000c000c00eeff000006000600,beff1000f8fff8ff1e000e00e4ff0400809be0331a6e4a9cacb1a86e681004b2
2701,2701,0,0a00fcffeeffeefff2ff2000fcfffcff2c000c002c00e2fe02001200fefffeff,0200e4fffaffeaffd4ff4c001a00fafff2ff0400f8fff8ffeaff1c001c000c00,2e000e00f6ff14000000deff040014002600f8fffeffe0ffeeff300006000600,0000eeffdafff8ff1e00ecffd4ff44005cb1866e6e1204b0f233b20f809b4633
2702,2702,0,ecfffcffeeff1000f2fff2ffecffdcfffaff1c001c003c00020012001e00feff,f4fff4fffaff0c00f2ffd4ff0a000a00e2ff1400260026000c00faffacffecff,1e000e00140004000000ceffe4ff0400260016000c00eeff0000defff6fff6ff,1000eeffcaff46001e00ecff0400f4ffb832d6103a9ce033786e049cb4b1406e
2703,2703,0,0a00fcff1000eeffd2fff2ff0c00fcfffafffaffeeffe2fef4ff30002e00feff,f4ff1200eafffaffe2ffe2ff0a00fafff2ffe2fff8ff06000c00fafffcffdcff,0e00dcfff6ffe6ffeeff000004000400f8ffe8fffefffeff0000000016001600,2000beffe8ff16000e001e001400c4ff966ed09b94afa46db6101cb18a32a211
2704,2704,0,ecffecff1000defff2fff2fffcffecffdafffaffeeffeeff12000200eefffeff,f4fff4fffaff1c00e2ffe2ff0a000a00d2ff14000600d8ff0c00eaffdcfffcff,fcfffcff140014000000deffb4ff1400d8ffe8fffeff0c001000ceff0600f6ff,deffeeff6400dafffcff0e001400f4ff5611ccb010331e13149c7032606e729c
2705,2705,0,fcff1a001000eeff5c002000fcfffcfffaff2c00eeff0c0002004000feffdeff,1200f4ff0c000c00f2ffe2ff1a00fafff2ffd2ff360046000c00faff0c00dcff,1e008cff0400f6ffeeff000024002400f8ff0600fefffeff2000000016001600,ceff30001600dafffcff1e00e4fff4ff009c2832a46d3a9c6cb0686ea211aab0
2706,2706,0,fcfffcff10002000f2ffd2ff0c000c00caffcaffcefffefff4ffe4ff2e00eeff,e4fff4ff1c00faff0000f2fffaff0a001400f2fff8ff0600faff1c00fcfffcff,dcff1e001400e6ffeeffdeff0400f4ff2600f8ff0c000c0010000000f6ff0600,eeff0000e8ff06004000dcfff4ff24007cb0866e8e13f4ae20322a12929c3a32
2707,2707,0,fcffdcff0000000010000000fcfffcff1c001c00feffeeffe4ff1200feff0e00,0200f4fffafffaff0000e2ff0a00eaff1400f2ff16003600eaff1c00fcfffcff,1e001e00040004000000100024001400cafff8fffeff1c000000000016000600,5800eeffbaff16001e00fcff040004005e318012fa9c7032886e149ce0af606e
2708,2708,0,ecfffcff0000eefff2ff1000fcfffcff2c000c002c00deff1200f4ffeeff0e00,f4ff1200fafffafff2fff2ff0a000a000400040006001600faff1c00dcffdcff,0e000e0004000400eeff000024000400e8ffe8ff1c00feff1000eeffd6ff1600,1000beff1600f8ffecff1e0044000400d66e6e9c04afa46d5a1258af8a319212
2709,2709,0,fcffecff000010000000d2fffcfffcfffafffaff1c001c00e4ff02002e00deff,e4fff4fffafffaffe2ffd4ff1a000a00f2fff2fff8ff16000c002c00ecffdcff,fcff2e0004000400eeffeeff2400f4fff8ffe8fffeff0c00eeff00000600f6ff,000000004600f8ffecff1e004400c4fff012ecaf30326e14b49c1032906efa9c
2710,2710,0,fcfffcff2000defff2ff0000ecfffcfffaffdaff0c000c000200f4fffefffeff,f4ff02000c00eaffe2fff2ffeafffaff0400f2ffe8ffc8fffaffeafffcff0c00,fcff0e00040004000000eeff04001400d8ff26000c00eeffdeff1000f6ffe6ff,eeff30001600cafffcff0e00f4ffe4ff729d5e306a6e1a9d38af186f7e13a0af
2711,2711,0,ecfffcffdeff100010000000dcff0c00daffdaffeefffeff0200e4ffceffeeff,f4fff4fffaff0c00e2ffe2ffeaff0a00d2fff2ff260026000c002c001c00fcff,fcff9cff0400f6ffeeff1000340024001600d8ff1c00feff0000eeff0600f6ff,20001000dafff8ff0e00ecffd4ff440026afd66efc14d6ad9c300a137a9d7a30
2712,2712,0,0a00fcff00000000f2ff00001c002c00daff0c000c00e2fe12000200deff2e00,12001200faffeaff0000d4fffafffaff04000400060016000c00faff1c00ecff,fcff1e0004001400eeffdeff14004400d8ffe8ffeeffe0ffeeff100006001600,eeffeefff8ff16003000fcff040034002e30cc14da9d4c31d86e989ea8ae906e
2713,2713,0,2a00fcff20002000f2fff2fffcfffcffdafffaffeefffeff0200c6ffeeff0e00,e4ffe4ff0c00daff20002e00faffeafff2fff2ff460026000c00eaffdcff2c00,ecff0e00f6ff14000000eeff04000400baff16000c00feffeeffceff06002600,1000ceff06004600fcff1e003400f4ffe66e509e58ad8a6e881408afda2f6e14
2714,2714,0,fcfffcff0000eeffe2ff2000fcfffcff0c001c00defffeff12000200feff4e00,2200e4fffafffaff0000e2fffafffafff2ff0400260016000c002c00ecffdcff,1e000e002200f6ffdeff10001400e4fff8ff0600feff0c00eeff30001600f6ff,eeff000006000600dcff0e001400f4ff8c15b6ae7c307c15989ee42e226fba9d
2715,2715,0,fcff1a00000030000000e2fffcff0c00cafffaff0c000c0030001200feff0e00,f4ff12000c000c000000d4fffaff0a00d2ff0400640054002c001c00fcff0c00,fcff1e00f6ff04001000deff04001400e8fff8ff1c000c002000eefff6fff6ff,beff2000f8ffdafffcff1e0004000400609e782f8a6e1a9e88aec86e361518ae
2716,2716,0,fcff2a0000000000d2ff00000c002c003c00faffeeffeefff4ffe4fffeff1e00,0200e4ffdafffaffd4ff3e000a000a00f2ffe2fff8fff8ff1c000c000c00fcff,1e009cff04000400eeff000034000400f8ffe8ff1c00feff00002000f6fff6ff,eeff0000f8fff8ff0e000e00e4ff240036ae366fda1608adc82e28162a9e5a2f
2717,2717,0,0a00ecff20000000f2ffc2fffcff0c00faff3c000c00eeff3000e4fffeff3e00,e4ff02000c00eaff0000c4fffaff0a00f2ff2400460006000c00cafffcff1c00,0e001e0004000400eeff000004001400e8fff8fffeff0c0020000000d6fff6ff,0000deffcaff46000e00dcffd4ff0400ec2d7c158a9ed62ff86eb89ea8ad126f
2718,2718,0,1a000a0000000000e2ff1000fcff0c00daff0c00feffe2fe020030002e000e00,f4ffd4fffafffaff20003e005a000a0014000400e8ff06000c001c00ecff1c00,0e000e00f6ff0400eeff000034000400f8fff8fffeffd0ff0000000046001600,2000deffcaff4600ecff0e002400e4ff166fd09eb8ac9a6ec81618adf82d1616
2719,2719,0,bcff0a0000000000f2fff2ffecff0c00aaff0c00feff0c00f4ff2200defffeff,d4ff12000c000c000000e2ffdaffeaffe2ff040036000600fafffaffecff0c00,0e002e00220014000000000004000400d8ffe8ff1c00feff0000000016000600,deffeeff4600f8ffdcffecff4400e4ffda164aad462fa817789f742d426f9a9e
2720,2720,0,fcffecffeeff1000e2ff00000c00ecfffaffcaffceffeeff020012002e000e00,f4ffe4fffafffafff2ff2e001a000a0024000400060016000c002c000c00ecff,2e000e0004000400eeff100004001400f8ffcaffeefffeff100020002600f6ff,eeff20004600daff0e000e00d4ff0400809f4c2daa6e369f48ad486fce1638ad
2721,2721,0,ecff0a001000100010000000ccff0c00faff0c00feffe2fee4ffe4ffdeffeeff,c6ff12000c000c002e00e2ff0a000a00d2ffe2ff360026000c00eaffecffecff,dcfffcff040004000000eeffe4ff04000600e8ffeeff6600200000000600f6ff,eeff2000060016000e00dcffd4ff040098ac466fa818d8aba42cf816229f282d
2722,2722,0,0a00ecffdeff1000f2ff20001c00ecff3c00faff0c00eeff02000200feff3e00,1200d4ffeaff0c00c4ff20000a00faff0400f2ffd8ff1600eaff0c002c00fcff,0e00ecfff6fff6ffeeffeeff2400f4ff0600d8ff0c000c00eeff200016001600,3000eeffbaff16003000dcff2400f4ff1a2d2018469f582e386f6ca0d8ac426f
2723,2723,0,fcff1a0000000000f2ffd2ffecffecff0c00daff2c002c002200f4ffeefffeff,c6ff12001c00fafff2ffd4fffafffaff040004002600b8ffeaff0c001c002c00,0e002e0004000400eeffceff04000400f8ff26000c00eeffeeffeeff26001600,1000eeff06001600ecff0e000400d4ff266f36a030abfa6e4c18e8ac302c1e18
2724,2724,0,0a00ecff0000ceff00000000ecff1c002c000c00eeff2c001200f4fffeffeeff,1200f4fffaff1c0020004c00fafffaff1400140006002600daff0c00ecff3c00,fcff1e00f6fff6ffeeffdeff140014002600d8fffeff0c00ceff0000f6ff2600,eeffeeff5400e8ffecff1e00440004009018c8ac382e40194ca0142c426f929f
2725,2725,0,fcff2a00200000000000f2fffcfffcff1c001c000c004800120002000e000e00,0200f4fffaff1c00f2ffd4ffeafffaffd2fff2ff26004600faff0c00fcffdcff,0e000e00f6ff0400deffdeff14001400caff0600eeff0c000000eefff6ffe6ff,ceff20001600e8ffdcff1e00f4ffd4ff06a08a2cda6ee69f28ac386fb01810ac
2726,2726,0,1a00ecff10001000000010000c00ccfffafffaffeeff0c0012002200eeffeeff,0200d4fffafffaffe2ff00001a00fafff2ff0400360006000c001c000c00dcff,0e001e0004001400eeffeeff1400a4fff8ffcaff0c00feffeeffeeff06000600,deff0000dafff8ff1e00ecfff4ffe4ffd4ab466f361a62aaa42b9c1912a0b02b
2727,2727,0,1a000a0000001000f2fff2fffcfffcff0c000c00eeff0c00f4ff1200fefffeff,1200e4ff1c000c00f2ffd4ff0a00faff0400140016003600eaff1c00fcff0c00,dcffecfff6ffe6ffeeffceff140024002600caff1c00feff0000eefff6ffe6ff,1000eeffdaff16000e00ecff04003400862ba01936a0882d386f6ca060ab926f
2728,2728,0,dcffecffeeff0000000020000c00fcfffaffdaff0c002a000200f4ff2e000e00,e4fff4ffeaffeaff000000000a00fafff2ff040036001600fafffaffdcfffcff,dcffdcff04000400eeff000014001400f8fff8ff0c001c00eeff20000600d6ff,0000defff8fff8fffcff0e000400c4ff666f66a0e2a91a6f201a88ab102ba019
2729,2729,0,1a001a0010001000f2fff2fffcffecfffaffcafff2fed0ff220012000e002e00,1200f4ffeaff0c0020002e00faff0a00f2fff2ff160054000c00fafffcff2c00,fcffecff0400f6ffdeffeeff140014002600f8fffeff0c002000defff6ff0600,eeff00005400daffecff1e002400f4ff2a1ad4aa882d141b1ca1942b926f52a0
2730,2730,0,ecff0a0010000000000010000c00fcff0c00fafffefffeff220002002e001e00,1200e4fffaff1c0020002e004a000a00f2ffe2ff060046000c002c001c00dcff,8cfffcffd8ff040000001000040004001600d8ffeeff0c0020000000f6ff0600,beff58000600caff30001e0004000400f6a05e2aea6e76a086aa886f201ad4aa
2731,2731,0,0a002a0010001000c2ffe2ff0c000c00caff0c00eeff2a00d4ffe4ff0e000e00,1200e4fffafffaffe2fff2ffdafffaff0400f2ffe8ffe8ffcafffaff0c003c00,fcffbcfff6fff6ffeeff000004001400f8ffe8ff0c000c0000001000f6ff1600,eeff1000e8fff8ff1e00fcffc4ff240084aabc6fe41b52a95029501ad4a0f429
2732,2732,0,fcff1a000000eeff2000f2ffdcff0c00fafffaff0c00e0ff4000f4ff0e00feff,f4ff02000c00eaffe2ff2e00faff0a00f2ff240006004600eafffaffdcff0c00,0e00fcfff6ff2200eeffdeff1400f4ffe8ffd8fffeff2a002000100006000600,0000deffdaff64003000ecff2400e4ff6429ea1a16a1882d686fdca134aab26f
2733,2733,0,1a00fcff1000eeffe2ff10000c00dcff3c000c001c00f2fe220012002e000e00,f4ff02000c000c002e000000eaffeaffe2fff2ffd8ff26001c00faff0c00fcff,fcff3e001400f6ffeeff100014001400e8ff0600eeff0c00100000000600f6ff,1000beff16004600fcff0e0014000400766f96a102a9ea6ee21b36aa3429a21b
2734,2734,0,0a000a00eeffdefff2ff00000c000c001c00daff0c00f2fe22001200eeff0e00,f4ff0200faff0c00f2fff2ff0a00faff0400e2ff16000600fafffafffcfffcff,fcffecff040004000000eeff2400f4ff160006000c00eeffeeffeeff1600f6ff,deffceff1600f8ffecff1e00240014005a1bdaa9fc27641c30a28028d26f54a1
2735,2735,0,fcfffcff100000001000f2ffdcff0c00faff0c00feff02ff020012003e000e00,f4ff1200eaffdaffe2ffe2ffeafffaff0400f2fff8ff0600eaff0c001c00fcff,fcff1e0004001400eeffeeff24002400f8fff8ff1c000c0020002000f6ff1600,eeff20006400dafffcff0e000400e4ffb6a1b4280a6fc6a1a2a9686fc21bd4a9
2736,2736,0,fcfffcffeeff10001000f2fffcffdcffdaffcaffe0fffeff30001200feffeeff,02001200fafffafff2ff3e000a00fafff2ff1400160006000c001c000c002c00,fcffecff04001400eeff10000400f4ffe8fff8fffeff0c0020000000f6ffe6ff,eeff1000daffe8ff4000ecfff4ff44001aa9666f341de2a83028f21cb4a1d428
2737,2737,0,1a00fcff30002000e2ff1000fcff1c001c000c00feffd0ff02001200feff3e00,f4ff0200eaffeaffe2fff2fffafffaff140004001600f8fffaffeaff0c00ecff,fcff0e00e6ffe6ff00000000240024000600cafffeffe0ff2000eeff26001600,48000000daff16003000ecff2400440004286c1dd6a1dc26886f60a274a9b26f
2738,2738,0,2a000a0010000000000010000c00dcfffafffaffe0ffeeff120002000e00eeff,f4fff4fffafffaff2e00d4ffeafffaff4600f2fff8ff2600eafffafffcff0c00,1e00ecff140004000000eeff04001400f8fff8ff1c00eeff00002000f6ff0600,4800defff8fff8fffcfffcff2400f4ffec6f40a2b2a80a6f221d62a8ea279a1d
2739,2739,0,fcff1a00100000001000f2fffcffecffdafffaff1c002a00e4ffe4ffeefffeff,120022001c00daff3e00e2fffafffaffe2ff140054003600cafffaffccffecff,0e001e0014001400eeffdefff4ff1400f8ffd8ff1c000c000000000006001600,eeff10004600f8ffdcff1e0004000400181ebaa8cc26401e10a35c27b26f54a2
2740,2740,0,ecff1a00eeffeefff2ffe2ff0c000c003c000c000c00feff0200f4ff1e00eeff,e4ff0200eaff0c00f2ff2000faff0a00f2ff04003600e8ff1c00faff0c00ecff,dcff1e0014001400100000001400d4ffcaff06000c000c00eeffdeff0600d6ff,deff10000600f8ff1e000e0004000400e0a27e26fa6ef4a282a8886fda1d7aa8
2741,2741,0,2a002a00eeff1000e2ffe2ffecff0c000c000c00fefff2fef4ff30000e00eeff,0200e4ffdaffeaffc4ff2e00faff0a00f2fff2ff2600d8ffcafffafffcffecff,0e000e00e6ff14001000100004001400f8fff8ffeefffeff20000000f6ff1600,00001000daffdaff4000fcffb4ff24004aa81c70101fa4a77c26521d94a25a27
2742,2742,0,2a00fcff100010000000e2fffcfffcfffaffdafff2fed0ff02001200feff2e00,02001200daffeaffe2ff2000faff0a00240014002600f8ffeafffaffdcffecff,0e00fcff14000400deffeeff14001400d8fff8ff0c00feffeeff0000f6ffe6ff,20000000caff54001e00dcff140014002e26ca1ef4a2f025a86f90a31aa8e26f
2743,2743,0,0a00fcff2000eeffd2ffe2fffcfffcfffafffaff2a000c001200e4ffeeffeeff,020002000c00faff3e00d4fffaff0a001400140016001600eafffafffcffecff,fcff0e0004001400eeff000004002400f8ffd8ff1c00feff0000eeffe6ffe6ff,1000eeff54001600ecffdcff2400c4ffcc6f30a394a77a6f921ec2a82826aa1e
2744,2744,0,fcfffcff1000eeff100010001c00fcfffafffaff0c00fefff4ff12000e00feff,d4fff4ffdaff0c002e00f2fffaffdafff2ffd2ff36001600eaff1c00fcffdcff,fcffdcfff6ff0400100010002400f4fff8ffd8ff0c00feffeeff00000600f6ff,0000deff16001600dcff0e001400b4ff8a1f74a70025b01f02a40e25e26f40a3
2745,2745,0,fcfffcff20000000f2fff2ffecffecff2c001c000c00f2fe020050000e00eeff,0200f4ff0c00faffe2ffd4fffaff1a000400f2fff8fff8fffaffeaff0c001c00,fcff0e00e6ffd8ffeeff10002400140026001600feff2a00deff300006001600,deff20001600e8ffecff1e00c4ff140090a370252a6f34a38ea7b86f521feaa7
2746,2746,0,2a000a00eeff10000000e2ff1c00fcff1c00fafff2fee0ff300012002e001e00,0200e4ffdaffeafff2ff2e000a00faffe2ff0400d8fff8ffcaffbaffdcffecff,ecffdcff1400f6ffdeffeeff04001400d8ff06000c000c0000000000f6fff6ff,00002000dafff8ff1e00dcffd4ff140034a71c70102066a6de249620c0a38825
2747,2747,0,0a000a00100010001000f2ffecff0c00eafffaffd0ff0c00e4ff0200feff0e00,d4ff2200fafffaffe2fff2fffaff0a00040004001600e8fffafffaffdcff0c00,fcff1e0014001400ceffceff14000400e8fff8ff1c006600deffceffe6ff1600,1000defff8ff4600fcffecff0400240050245020e8a37024c86f02a4c8a6e26f
2748,2748,0,1a00ecff1000eefff2ff00000c00ecff0c00bafffeff1c00120022002e00feff,1200e4ffdaffdaffe2fff2ff0a00fafff2ffe2ff06001600faff0c00ecffdcff,1e008cffe6ff0400ceff00002400f4fff8ffd8ffe0fffeff200020001600f6ff,eeffceffdaff64001e000e003400f4ffdc6f90a316a61a6fa6201ea7a8240220
2749,2749,0,0a00fcff1000000000000000fcfffcffdaff1c00f2fe02ff020002002e000e00,e4ff12000c000c00d4ffe2ff0a001a00f2ff0400160006000c00faffecff2c00,0e00dcff14000400ceffdeff24002400e8ffe8ff1c00feffceffdeff16001600,deffeefff8ffbaffecff1e004400d4ffe020c4a6e023ee20eea42c24e26f60a4
2750,2750,0,2a001a0000000000f2ffe2ffecfffcffeafffaffe2fe0c00120030002e00eeff,f4ffe4ffdaffeaffd4ff2e000a000a00f2ff0400260016000c000c002c00bcff,1e001e0004001400eeffdeff44001400e8ffd8ff1c002a00000010000600f6ff,ceff30000600dafffcff3000040014007ea43a233a6f58a4eea6886f442178a6
2751,2751,0,0a002a00eeff10001000e2ffccfffcffdafffaffe2feeeff1200f4ffdeff0e00,d4ff12000c000c00e2ffc4fffaffeaff14000400360006000c00faffccff1c00,fcff4e0004001400eeff0000e4ff04009cffd8ff1c0048001000eeffd6fff6ff,00001000e8ff16001e00ecffd4ff240034a61c703222e6a53a23f620e8a4c023
2752,2752,0,2a00fcff0000eeff000010001c00fcff0c00faffdeffe2fe300022000e002e00,f4ffe4ffcaff0c003e00e2ff0a00caffe2ff0400f8fff8ff3c00faff0c00fcff,fcffccffe6fff6ff00000000040004001600e8ffeeff0c00000020001600f6ff,3000beffbaff54004000fcfff4ffe4fffa225021e8a4c222c86fcea538a6e26f
2753,2753,0,fcff1a0020000000f2ffd2ffecfffcfffaff1c000c000c00120002005e000e00,020012000c00eafff2ffd4ff0a00faff2400f2fff8ffb8fffaffaafffcffdcff,ecffdcfff6ff1400deffdeff04002400160006000c00eeff1000defff6ff1600,0000deff06000600ecff0e0044000400dc6fdea436a52a6fb6218ea6a4222422
2754,2754,0,3a001a00eeff0000f2fff2ff1c00fcff1c00daffceffdeff300002001e000e00,1200f4ffeaff1c00e2ff20000a000a000400f2ffc8ff06002c00faffecffccff,0e000e00f6ffe6ffeeff200004001400e8ffe8fffefffeffdeff400016001600,000010004600f8ffbaff1e00140004008a2276a5822262224ea5b621f26f68a5
2755,2755,0,fcff1a00000010000000e2ffecffecffdaff1c001c001c000200e4fffeff0e00,d4ff02004c000c000000e2ffcafffaff040014000600f8fffaffeaffccffecff,dcff0e00f6ff14001000eeff04000400d8ffd8ff2a000c0020001000d6fff6ff,beff00001600daff0e00fcffe4ff0400a8a56a223a6f96a5eea5c86f942288a5
2756,2756,0,2a001a00000000004e00e2fffcfffcffdaffdaffeeffeefff4ff30000e00ceff,f4ffe4ffeafffaffd4ff3e000a00eaff0400b0ffd8ff0600faff2c00acffccff,1e00dcffe6fff6ffeeff52002400f4ff0600baffd0ffe0ff000030003600f6ff,0000eeffcaffdaff40000e00e4ff340036a5cc6f1223f8a46621cc23d8a5e421
2757,2757,0,fcff1a0010002000f2ffd2ffccffecfffaff1c001c01eeff02000200deff2e00,f4ffe4fffaff1c00d4ff3e00faff0a00e2ff040026005400fafffaff1c00fcff,2e002e001400e6ffeeffeeff04002400e8ff06000c00feffeeffdeffe6ff0600,2000eeffe8ff06001e00ecffc4ff040050210a2386a53c21d86f5ea658a51270
2758,2758,0,fcff0a001000eeffe2ff10000c00fcff0c00fafffeff1c0012001200eeffeeff,d4ff12001c000c00c4ff4c001a001a00f2ffe2ffe8ffe8ff0c00eaffdcffdcff,0e000e00040014000000eeff0400f4ffd8ffcafffeffeeff0000deff1600f6ff,6800befff8ff1600ecfffcff1400c4ffcc6f94a608a4fa6eec231ea584213023
2759,2759,0,1a00fcffeeff10001000f2fffcff0c00baff1c000c00eeff02001200eeff0e00,e4ffe4fffaff1c00e2ff0000dafffafff2ff140016000600aaffeaffdcfffcff,dcff1e002200f6ff1000defff4ff1400baffe8fffeff0c00eeff1000d6ff1600,eeffeeff7200f8fffcff0e002400e4ffba2320a42c21a024dea63621e26f48a6
2760,2760,0,0a00fcff0000eeff0000f2ff0c001c000c00daff1c00eeff120012003e000e00,f4fff4ff0c00faff10003e002a00eaff0400f2ff1600f8ff2c001c000c00ecff,0e000e00e6ff04000000200014000400f8fff8fffeffd0ffdeff000006000600,deff0000f8ffe8ff1e004000e4ff2400e4a670205a6f66a6fea4a86f402490a4
2761,2761,0,0a000a0000000000f2ffc2ff0c00fcffdafffaffeeffeeff1200f4ff0e00feff,e4ff1200faff0c00d4ff2e00faff0a00d2ff040016004600eafffaffecff0c00,fcff0e0022001400deffceff04003400d8ff0600fefffeffeeffdeffe6ff1600,00001000f8fff8ff0e00fcffd4ff6400c0a31c70402528a41620ec23a8a6ba20
2762,2762,0,1a00fcff00000000f2ff10001c00ecfffaff0c000c00feffe4ffe4ffeefffeff,0200f4fffaff0c00f2fff2fffaff0a000400e2ff36002600caff0c00ecffdcff,1e001e00e6ff1400eeff00001400f4fff8ffe8fffeff0c0030001000f6fff6ff,3000deffdaff06003000caffe4ff0400e01f1025c4a6f81f3c70bea7f0a3e26f
2763,2763,0,dcff0a00000000000000f2fffcfffcffcaff0c00e2fe0c00220002000e000e00,e4ff02000c000c003e00d4fffaff1a0004002400360036001c000c00dcfffcff,9cffdcff0400040000000000f4ff1400f8ff06000c001c000000eefff6ff0600,eeffeeff06001600fcfffcff0400d4ffdc6f14a788a32a6f0e25dea4621f3825
2764,2764,0,0a00fcff0000eefff2ff00000c00fcff1c00faffeeff0c00120040001e00beff,f4ffe4fffaffeaffd4ff2e001a00eaff0400c0ffe8ffd8ff1c002c00dcffecff,1e002e00e6ff0400deff000014001400e8ffd8fffeff0c0000000000e6ffe6ff,0000deff1600f8ffecff30004400d4ff5e2620a3701ed025aea7d21ef26f90a7
2765,2765,0,fcff0a00000000001000f2fffcffdcffeaffdaffeeffeeff1200e4ff1e002e00,d4ff0200faff0c0000001000faff0a000400040006003600faff0c000c00dcff,0e001e00f6fff6ff1000deff040014000600f8ff0c00feff0000eeffe6ffe6ff,ceff68001600daffdcff0e00e4ff1400a4a7ea1e4a6f84a73ea4986f9825b0a3
2766,2766,0,0a002a0020001000f2ffd2ffecfffcfffafffaffceffeeffd4ff0200feff0e00,12002200faffeaffe2ff2e00faff1a001400040046001600caff0c000c00dcff,1e000e00e6fff6ff2000000004000400f8ff06001c00feffeeffdefff6ffe6ff,00003000e8ff46001e00ecfff4ff240000a3cc6f2c26d8a2d21eac26c0a7421f
2767,2767,0,fcfffcff0000100020001000ecfffcffdaff0c00eeff1c00f4ff0200eeff2e00,d4ff02000c001c000000e2ffeaff0a00e2ff1400160006000c00faffecffdcff,ecff0e00040004002000eeff04001400f8ff0600feff1c003000deff2600e6ff,0000deffdaff64003000dcff0400e4ff4a1ebe26c4a7801e786f22a8f4a2e26f
2768,2768,0,1a00fcff2000000000001000dcfffcfffaff0c00eeffeefff4ff02000e003e00,f4ff0200eaffeaffe2fff2fffaff1a0004000400d8fff8fffaff0c00dcffecff,2e001e000400f6ffceff000014002400f8ffcafffefffeffceffeefff6ff0600,2000ceff06000600fcff3000440004001c709aa834a22a6f3c279ea39a1d2a27
2769,2769,0,0a002a00eeffdeffd2ffe2ff0c00fcffdafffaffeeffe2fe02001200fefffeff,f4fff4ffeaff0c00e2fff2ff0a001a00d2ff1400060036000c000c00bcffecff,1e001e00140004000000deff0400140006001600eeff1c00eeffeeffd6ffe6ff,deff10005400e8ffdcff1e0024000400b427a0a2821d4c27c2a8f21de26f6aa8
2770,2770,0,fcff1a002000eeffd2ffe2fffcff0c00eaffdaff2c00eeffe4ff02003e008c00,12001200eaff0c00f2fff2fffaff0a00e2ff140036005400cafffaff0c001c00,0e000e0004000400deff1000040014000600f8ff1c00eeffdeff300016001600,ceff30000600baffecff0e001400f4ff1aa95c1dfa6e72a8c0a2686ffa27b4a2
2771,2771,0,fcffdcff000020001000f2ff0c00fcfffaffcaffe2fefeff0200f4ffeeffeeff,d4ffe4ff0c000c000000f2ff1a00eaffe2ffe2ff360036000c00eaffdcfffcff,0e008cff040004001000100004001400e8ffe8ffeefffeff00001000e6ffe6ff,deff2000e8ff060030000e00e4ff040030a2866fcc27c8a2621c8c2754a91a1d
2772,2772,0,dcff0a0020000000e2fff2ff1c001c00faff0c00eeff0c00f4ff12002e00feff,f4ff22001c00faffd4ff3e001a00faff1400f2ff46000600fafffafffcff0c00,ecfffcffd8ffd8ffeeff100004003400060006000c000c002000300016002600,2000deffdaff16000e00ecfff4ff2400181c542832a9441c886f36aa14a2c26f
2773,2773,0,fcffecff0000eefff2ffe2ffecffecff0c00faffeeff1c0030000200feff0e00,c6ff0200faff0c000000e2ff0a00eafff2ff0400160026000c000c000c001c00,ecff0e00e6ff0400eeff00000400f4ff1600f8ff2a000c000000ceffe6ff2600,4800eeff0600f8ffecfffcff24002400866fcaa9b6a1fa6eb02848a1e21be428
2774,2774,0,fcff0a0000000000f2ffe2fffcffecffcafffaffe2fee2fee4ff0200feffeeff,f4fff4ff1c000c00e2fff2ff1a000a0004001400160006000c00faffecffacff,ecfffcff22000400eeffdeffd4ff0400e8ffd8ff2a00feffeeff0000f6fff6ff,eeff00006400e8ffdcff3000f4fff4ff142976a1341cfc2882a9301ba26f84a9
2775,2775,0,ecff0a00eeff000020000000fcfffcfffaffcaff0c001c0012001200eeffeeff,f4ffe4ffeaff0c00f2fff2fffaffeaffd2fff2ff060016000c00cafffcfffcff,ecffdcffe6ff14002000000004000400caffe8fffeff1c00000000000600e6ff,eeff0000e8ffcafffcff4000d4ffe4ff7aa9a81b0a6f72a940a2a86f4429b4a1
2776,2776,0,fcfffcffeeffeeff0000f2ff0c001c000c00faffe2feeeff3000f4ff2e00feff,f4ff12000c00fafff2ffe2ff0a000a00f2ffe2ff26001600faff1c000c00fcff,fcffecffe6ffe6ffeeff0000040014000600f8ff0c00eeffdeffeefff6fff6ff,eeff1000caffe8ff0e000e00f4ff040056a1766f6a2926a1101b342a04aab21b
2777,2777,0,2a00fcff0000eeff0000f2ff1c00ecff0c001c00eeffeeffe4fff4ff0e000e00,f4fff4ff0c000c002e00f2ff0a00fafff2ff040016002600faff0c00fcffecff,0e001e000400f6ff1000eeff04002400e8fff8fffeff1c00eeffeefff6fff6ff,3000eefff8ff1600ecffecff040014009a1a0e2a82a9f41a786f26aa24a1b26f
2778,2778,0,0a00fcff0000eeffe2ff0000dcff0c00cafffaff1c00eeff020002002e001e00,02000200faffeaff3e00d4fffaff1a00f2ff140016004600faff0c00dcff1c00,0e00ecff14001400eeff000004001400f8fff8ff76000c000000eeffe6ffe6ff,1000cefff8ff1600dcffdcff2400d4ffbc6fb4aa66a02a6fc42ac8a0301a342a
2779,2779,0,0a00fcffeeff000010001000fcffecfffaffdaffeefffeff12001200defffeff,2200d4fffaff0c000000e2ff1a00faff1400e2fff8ff06001c000c00dcffdcff,0e008cfff6ff0400eeffdeff24000400e8ffd8ffeeff580000000000f6ffd6ff,deff000016000600dcff1e00e4fff4ff8e2aa6a0561a1a2ad6aac01a826f74aa
2780,2780,0,dcff0a00eeff10000000f2fffcffdcff0c00faffeefffeff1200d4ff2e00feff,f4fff4ffdaff1c00f2ffe2ff0a000a001400f2ff260016000c000c00dcff0c00,fcff0e0004000400deff100004002400caffd8fffefffeffeeffeefff6ff2600,ceff58000600dafffcff0e00d4fff4ffd4aa0a1ada6e42aa88a0586fe02aa4a0
2781,2781,0,fcff1a001000eefff2ff00001c000c000c00eaff0c002c00120040000e002e00,1200f4fffaff0c0020002e001a000a0004002400460046002c001c00fcfffcff,0e000e00f6ff0400eeffceffe4ff04000600d8fffeff1c00deffdeffe6fff6ff,eeff2000daffe8ff4000ecffb4ff240076a0266ff22a86a05c19542a10ab9019
2782,2782,0,fcfffcff00002000f2ffe2ff0c001c000c00daff0c002c00020002002e000e00,f4ffe4ff0c00fafff2ffd4ffeaff1a00e2ffe2ff26004600eaffcaffdcffdcff,dcfffcff04001400eeffeeff1400f4ffe8ff0600feffeeff1000eefff6ff0600,0000eeffdaff16003000caff04004400b0182e2b42aab019786f48ac22a0826f
2783,2783,0,fcff0a0010001000e2ffe2ffecfffcfffaffdaff1c00feff220022001e002e00,f4fff4ff0c000c00f2ff20000a00eaff0400d2ffd8fff8ffeaff0c00fcffbcff,dcfffcff04000400deff100014000400e8ffcafffeff0c0010002000f6ff0600,1000ceffe8ff46001e000e004400e4ff266f84aba69fba6e782cc49fc018e02b
2784,2784,0,ecfffcff100020004e00f2ff0c000c00fafffaff0c00e2fe020030003e004e00,0200f4ffeaffeaff0000f2fffaff0a00f2ff14005400f8fffaffeafffcff0c00,0e000e000400f6ffdeffdeff1400e4ff2600caff0c000c00eeffeeff16001600,eeff10000600f8ffecff30002400c4ff4c2cc09f9018382e98acfc16726fd0ab
2785,2785,0,fcff1a0030001000e2fff2ff0c000c001c001c00eeff2c00220002000e001e00,020012000c00daff0000e2ffeaffeaffe2fff2ff540054000c00eafffcffdcff,0e001e00040014001000eeff0400e4ffe8ff06000c001c000000100016001600,deff30001600dafffcff1e00d4ff0400c8ac3018da6e50ab449f586f6e2c929f
2786,2786,0,ecfffcff0000100020000000fcffecfffaffbaffeeffeeff12001200feffeeff,f4fff4ff0c00faffe2ff0000faff5a000400e2ff3600e8ff0c001c00ecffdcff,ecfffcff04000400eeff0000f4ffe4ff0600baff0c001c0030001000e6ff0600,deff2000e8ffdaff3000ecffd4ff2400709f166fb82e969f0c17082e70ac0e18
2787,2787,0,fcfffcffeeffceffe2fff2fffcff1c00daff0c00feffe2fe400002002e000e00,f4ff02000c000c000000e2fffaff0a00f2fff2fff8ff3600eaff1c001c00fcff,0e000e00f6ff140000001000e4ff0400d8ff06001c000c00eeff00002600f6ff,58000000baff54000e00caff140024005a17f02ca0abba17686fb8ac529f726f
2788,2788,0,2a00fcff1000eefff2fff2fffcffecff2c00faff1c00eeff02001200eeff0e00,f4fff4fffaff0c00e2ffe2ff4a00faff14000400460046001c002c000c00fcff,fcfffcfff6ffe6ff1000100014001400d8ff26000c000c000000eefff6fff6ff,1000cefff8ff36000e00dcff2400f4ff166ff8ac569f6a6e482de49e3e17362d
2789,2789,0,ecff0a0000001000f2ff00000c001c00daffcaff0c00f2fe020012001e00beff,f4ffe4fffaff0c0000000000eafffaff1400f2fff8ff0600faff1c00ecff2c00,1e000e002200040010002000f4fff4ffd8ff2600feff0c00ceff0000f6fff6ff,eeffeeff1600f8ffdcff0e000400e4ff4e2ef09eba16662fb8ad9c16426fe8ac
2790,2790,0,1a001a0000000000f2ff00000c000c000c00faffe2fefeff020012000e00feff,0200f4fffafffafff2ffe2ff0a00dafff2ffe2ff2600d8fffafffaffecffacff,dcff0e00040004000000100004003400e8ffe8ff0c00e0ffeeff0000f6ffd6ff,ceff30000600daffecff1e00d4ff04009aad68168a6e60ac949ed86efa2dda9e
2791,2791,0,fcfffcff1000eefff2fff2ffecff0c00fafffafffeff0c00220030001e00feff,e4ffd4ff1c000c004c003e00faff0a00d2fff2fff8ff06002c00eaffdcfffcff,0e000e00140022000000eeff14002400f8ffd8ff1c00feff00002000e6ff0600,00001000f8ff06004000fcffb4fff4ffd09e066f962f6a9e6c15a82e58adf615
2792,2792,0,fcffecff00000000f2ff00000c00fcff2c000c00eeff0c00f4ff30003e000e00,22000200eaff0c00f2ff2e000a000a00140014002600f8ff0c001c00ecfffcff,0e000e000400f6ffeeff00000400f4fff8ffd8ff0c001c002000eeff16000600,30002000daff16000e00dcffe4ff140028168e2e18ad4a16d86ec8ae9a9e426f
2793,2793,0,0a00fcffdeffeeff0000e2fffcffdcffdaff1c000c00cefff4ff30000e000e00,f4ff02000c000c002e00e2ffeafffaff2400f2ff060016001c00faffccfffcff,0e002e000400040000002000f4ff0400f8ffe8ff0c002a00eeff000016001600,1000cefff8ff4600ecfffcff1400f4ffd66e36ae6a9e6a6eb82fb49e7615f02e
2794,2794,0,fcff2a0000000000d2ff4e002c00fcff0c00faffe2feeeff020002003e00feff,1200f4ff0c00faffd4ff2000eafffafff2fff2fff8fff8ff0c00faffecffbcff,2e00fcfff6ff2200deff30000400e4fff8ffe8ff0c000c00000000000600e6ff,deffcefff8ff0600dcff1e003400e4ffee2e409edc15ec30a8ae0c14426f48ae
2795,2795,0,ecfffcff1000eefff2ff0000dcfffcffdaffdafffeff0c001200f4ff2e000e00,e4ff0200fafffaff0000e2ffeaffeaff36002400060054001c002c001c00fcff,fcffdcff0400140010000000f4ff0400caffe8ff1c00feff0000defff6fff6ff,eeff10001600f8fffcfffcfff4fff4ff96aeac14aa6e36ae849d086fb02fda9d
2796,2796,0,ecffdcffdeff00000000f2ffecff2c00faff0c00feffdeffe4ff02001e003e00,1200e4fffafffaffd4ffe2ff0a001a00f2ff1400160016000c00eaff0c001c00,9cff1e00f6ffe6ff00002000140024002600e8ff1c000c00eeffdeff06001600,300010000600f8ff0e00fcff04002400c29df66e4c31ea9d1c14fc3078ae8e14
2797,2797,0,0a00fcffeeffeeffe2ff2000ecff0c000c001c00eeffe2fef4ffe4ffeeff0e00,f4ff2200faff0c003e00e2ffeafffaffd2ff1400060026001c000c00acfffcff,0e001e0004001400eeffdeffe4fff4ffe8fff8ff0c000c00eeffdeffe6ff0600,10000000caff16001e00caffd4ff140008146e3056ae8c14e86ee8ae9a9d126f
2798,2798,0,1a001a001000eefff2ff00001c000c00faff0c00f2fee2fe22001200feffeeff,12002200eafffafff2ff10005a000a001400e2ff3600f8ff0c000c001c000c00,0e000e00f6fff6ffdeffeeff0400f4ff1600f8ff1c00feffeeffeeffe6ffe6ff,10000000f8ff1600fcffecff0400e4ffc66ea6afba9d5a6eec30949cae133030
2799,2799,0,bcffecff0000100010000000ecfffcffeafffaffe2fe0c00f4ff0200feff0e00,e4ff1200eaff0c000000f2fffaffeaff14001400540016001c00fafffcff0c00,8cfffcff140014000000eefff4ffe4ffe8fff8ffeeff2a001000eefff6fff6ff,deffeeff1600f8fffcff1e002400f4ffee30429d7e13b03288af1a13e26ec8ae
2800,2800,0,fcfffcff1000eeff2000f2fffcff0c000c00fafffeffe2fe0200e4ff0e00feff,12001200daffeaffd4ff3e000a00faffe2fff2ff3600f8ffeaff2c00fcffccff,2e001e00f6fff6ffeeffceff1400340006000600fefffeffeeffeeff1600f6ff,deff20001600baffecff40002400f4ffecafe0124a6e46ae849cc86e9a315a9d
2801,2801,0,fcffdcff0000000010000000fcfffcff1c00caff3c010c003000e4ff0e002e00,1200f4fffafffaff4c00e2fffafffaffe2ffe2fff8ff26000c00caffecffdcff,fcff9cff1400320010000000e4ff0400f8ffcafffeff0c000000deffd6ffe6ff,000020000600f8ff4000dcffc4ff2400029db66ea0322a9d7a124c31b0af0e13
2802,2802,0,1a00fcff00000000e2ff00001c002c00faff0c00deff0c001200f4ff0e000e00,12000200eaffdaffe2fff2ff0a001a000400f2ffe8ffd8ffeaffeafffcffdcff,1e000e000400e6ffeeff000014001400e8fff8ff1c00feff10000000e6ff2600,58001000dafff8ff0e00dcff040004003012ae3104afde12b86ebcb0fa9c806e
2803,2803,0,fcffecff00001000f2ff1000fcffecffbafffafffeffeeff30000200eefffeff,e4ff0200cafffaffe2fff2ff0a00daff04000400e8ff26000c002c000c00bcff,dcff0e00040014001000eeff14000400e8ffd8ff0c001c002000eefff6ff0600,1000cefff8ff24001e00ecff14000400866e5cb0da9c2a6e8032a49c3212ca31
2804,2804,0,fcfffcff00000000f2ff20000c001c00dafffaffe2fee2fef4ff12000e000e00,12000200fafffafff2ffe2ff1a001a0014000400f8ffe8ffcaffaaff2c00fcff,2e001e000400e6ffeeff000014001400d8ff26002a00e0ff0000deff16000600,2000eeff1600caffcaff1e00040004007832029dae1220339cb0a610806eb0b0
2805,2805,0,ecff0a0020002000f2fff2fffcffecff0c001c00feffeeffe4ff0200feff2e00,d4ffe4ff0c000c002e00e2ffeaffeaffe2fff2ffe8ff06000c002c00fcff0c00,0e000e00f6ff14001000000004001400e8ffe8fffeff0c00200000000600e6ff,eeff20005400f8ffecfffcff04000400ccb07611ea6db4af349cd86e7a32629c
2806,2806,0,0a00fcff200000001000e2fffcff1c000c001c00fefffeff020012000e00feff,1200f4fffaff0c00e2ffe2fffafffaff1400140036001600fafffaffdcff0c00,ecffecff14000400eeffeefff4ff1400d8fff8ff0c000c00eeff000006000600,deff2000f8fff8ff30000e00e4ff2400c09b666e40343a9c961012343ab17211
2807,2807,0,0a000a002000000010003000fcff0c00faffbaffeefffeff30002200feff0e00,d4ff02000c003c000000f2fffaffeaffd2ff0400f8ff26001c000c00fcffecff,0e001e00f6ff14000000eeff0400e4ffd8ffcaffe0fffeff000000000600f6ff,1000deffdaff46003000dcffe4ffe4ff6610183304b09a11486e1cb1429c406e
2808,2808,0,fcff2a0010000000f2fff2fffcfffcff0c000c001c00e2fef4fff4ffeeff0e00,120012000c00faffe2fff2fffafffaff1400e2ffaaff54001c00eaff3c000c00,fcff0e000400f6ffeeff100004003400d8ffbaff0c00feffdeffeeff16000600,1000defff8fff8ffdcffecff44000400466e16b2dc9bda6de233229b98109633
2809,2809,0,fcff2a00eeff100010000000fcff0c00cafffaffdeff0c00400002000e003e00,1200f4ff2c000c002e00f2fffaff0a00f2ff04000600f8fffaff1c00ecffecff,8cffdcfff6ff22001000100004002400caffd8ffe0ff76001000000006002600,eeffeeff6400f8ff0e000e00e4ffe4ffb833509bea10fe34bcb11610106ebab1
2810,2810,0,ecfffcff0000000010001000fcfffcff2c00fafffefffeffe4ff3000feff2e00,f4fff4ff0c00eaffe2ffe2ffdafffaff1400040016002600caffeaffdcff0c00,2e000e0004000400deff2000f4ff0400f8ffe8ff0c00feff2000100006001600,eeff20006400cafffcff4000f4ffc4ff46b21610246de2b0129b286e1634f29b
2811,2811,0,fcffecffdeff1000000010001c00fcff0c00dafffefffeff3000d4ffeeff1e00,1200d4ff0c000c002e003e001a00eaff1400e2ff4600f8ff0c000c00fcfffcff,0e00fcfff6ff14001000100004000400e8fff8fffeff2a00eeff0000f6ff0600,00001000daffe8ff50000e0004000400109b666e5e357c9b820e62343ab2b80f
2812,2812,0,fcff2a0000001000f2fff2fffcffecff0c00faff1c000c003000f4ff0e000e00,020012000c00faffc4ff1000eaff0a001400f2fff8ffe8ffeaffeaff0c00dcff,2e00fcff140014000000eeff1400240006000600feffeeffdeffbefff6ff1600,2000eeffe8ff16000e00dcfff4ff4400ee0e263532b15410386ea0b2c29b106e
2813,2813,0,fcfffcffdeffeeff1000f2ffecffecffdafffaffeeff1c00d4ff02001e00feff,e4ffe4ffeaff0c002e00e2ff0a00eafff2fff2ff060036000c00fafffcff0c00,fcff0e00f6ff32000000eeff14000400f8fff8ff0c001c0000000000f6ff1600,1000eeffe8ff4600fcffecff04001400266eb6b26c9b146df234b29af80e0e35
2814,2814,0,fcfffcff10002000d2ffe2ffecff0c00daff1c00eefffefff4ffe4fffefffeff,f4fff4ff1c00eaffe2ffd4fffaff0a00040036003600f8ff0c00fafffcff3c00,0e000e000400f6ff0000000004001400caffe8ffeeff1c00eeff000006000600,eeffdeff4600f8ffecff0e002400e4ffa635f09a840f5c3640b3620dd06d46b3
2815,2815,0,fcfffcff0000deff2000f2ffecffecff1c00faffeeffeeffe4fff4ff3e00feff,120002000c002c00000000000a00eaffe2fff2ff160036002c002c00ccffccff,fcff8cffe6ff040010001000240014002600d8ffe0fffeff000010000600e6ff,eeff10000600cafffcff1e00e4fff4ff56b3b20d046d86b2d29a186ebe35a09a
2816,2816,0,fcffecff3000000020000000ecff0c000c001c002c001c0012004000feffeeff,0200f4ff1c002c002e00e2ff0a000a00f2ffe2fff8fff8ff1c002c00ecff1c00,fcff0e002200f6ff0000000014001400d8ffe8ff1c000c000000defff6ff1600,eeff20001600f8ff1e00fcffd4ff2400809a266e1c37dc9a320d3237a6b3e20d
2817,2817,0,fcffecffeeffeefff2fff2ff0c000c001c00fafffeff0c00300030004e00deff,f4ff02000c00fafff2ffe2ffeaff0a00140014000600f8fffafffaffecffecff,0e009cfff6ff0400eeff00002400040006000600fefffeffdeffdeff3600d6ff,00001000e8ff64001e00dcffe4ff1400720d823696b2760ed86d50b3b09ab06d
2818,2818,0,1a001a0010002000f2fff2ff0c001c00daff1c001c00eeff120002000e00feff,020022001c000c000000d4ffeafffafff2ff2400060036000c00baffecff0c00,8cff0e00140004000000deff14000400caff060084001c0000000000f6ff0600,eeffbeff06000600ecffdcff1400f4ffaa6d76b3769a246dd236de99200d0e36
2819,2819,0,0a00fcff00000000000000001c00ecfffaff1c00feff1c0030004000feff0e00,f4ffe4ff0c00eaffe2ff4c005a00eafff2ffe2fff8ff3600faff0c001c00ccff,1e000e00f6ff1400eeff000024000400f8ff0600eeffeeff0000eeff26000600,eeffceff1600e8ffecff40004400f4ff6237c699d60d2a3842b4d20ca06df6b3
2820,2820,0,ecff1a001000000010000000fcfffcfffaffeaff0c00feff020050002e002e00,e4ff02001c000c00e2ffe2ffeafffafff2ff040074003600eafffafffcfffcff,1e000e001400e6ffceffeefff4ff14002600f8ff2a00feff0000defff6ff0600,ceff30004600daffdcff0e000400040084b4920cc46c2eb58e99666d1637109a
2821,2821,0,0a00bcffeeff00002000f2ff0c001c000c00fafffefffeff220002002e000e00,f4ff02000c00eaff2e0000004a00faff1400d2fff8ff16000c000c001c001c00,2e009cff040004000000eeff3400f4ffd8ffe8ff0c00feffeeff0000e6ff0600,00002000daffdaff0e00fcff04006400b6998a6d4c38369a120c5237feb4080c
2822,2822,0,fcfffcff30000000d2fff2ffdcffecfffaff2c000c000c0022000200eeffeeff,f4ff12000c001c00e2ffd4ffeaffdaff0400f2ff2600f8ff0c000c001c00fcff,fcff3e00140004000000eeff240034000600e8fffeff1c002000defff6ff1600,1000eeffdaff54001e00dcff14002400be0b1838ceb5e209666d62b5a099306d
2823,2823,0,fcfffcff10000000f2ff20000c00dcff1c002c000c00e2fef4ff12000e00feff,f4ffd4ffeafffaff2e0020000a00eafff2ffe2ff36002600eaff1c002c00ecff,0e00dcffe6fff6ffeeffeeff24000400f8ff1600feff0c002000200016000600,0000ceffcaff06001e00fcff2400e4ff6a6d84b54e99566c66385e99780be637
2824,2824,0,0a000a001000eefff2fff2ff0c000c001c00faff0c00ceffe4fff4ff0e00feff,f4ff1200fafffaffd4ff1000faff0a000400040026002600faff0c002c000c00,0e001e001400f6ffeeffeeff04004400d8ff06000c00feff20000000f6fff6ff,000010006400e8ffdcff1e000400d4ff78389699f209623992b51e09406deeb5
2825,2825,0,0a00fcff0000000010001000ecff0c00fafffaff0c00f2fe12000200fefffeff,e4ffe4fffaff1c002e003e00fafffaffe2ffe2fff8ff36000c002c00fcff0c00,1e00dcffe6fff6ff1000eeff0400e4ff1600f8ffeeff0c0010003000f6ffe6ff,deff00000600dafffcff30000400e4ff50b6fe0a466cdab63e99466dc8388099
2826,2826,0,fcff1a00000010001000e2ff0c000c00dafffaff0c000c000200f4ff0e00feff,f4fff4ff0c00fafff2ffe2ff0a001a00f2ff040006002600cafffaff1c000c00,dcfffcff140004001000000014001400caffe8fffeff0c0020001000f6ff0600,eeff1000060006001e00ecff0400340006992a6d583a7e99120a1a3aceb50c0a
2827,2827,0,1a00fcffeeff0000f2ff00001c00dcff1c00faff0c000c00120050000e000e00,f4fff4fffafffaff2e003e00daffeafff2fff2ff3600e8ff2c000c00fcfffcff,0e000e00e6ff140010002000240014000600bafffefffeffeeff2000e6ffe6ff,4000deffacff16004000fcfff4fff4ffb4095839fab68208266d82b65099106d
2828,2828,0,fcff0a001000eefff2ff0000ecff0c000c000c001a01feffd4fff4fffefffeff,120002000c00eaff0000d4ff0a000a00140014002600f8ff0c00faff3c00ecff,fcff0e002200d8ffdeffdeff04002400e8ffe8ff1c000c0010000000e6ff1600,0000defff8ff0600fcffecff2400f4ffea6cf0b64099266c1a3a9e985c09c839
2829,2829,0,2a000a00100010000000e2ff0c00fcff1c00faff0c00d0ffe4ffe4ff0e000e00,f4fff4ffeaff1c002000f2ff0a000a0024001400d8fff8ff1c001c00ecfffcff,ecff0e00f6ff04000000000034001400f8ffe8fffeff1c0010000000f6ffe6ff,deffceff5400e8ffdcff1e000400c4ff323ad6982208b63a04b7de08006d9eb6
2830,2830,0,fcff2a0020001000f2ff1000dcff0c001c000c00fefff2fe1200d4ffeefffeff,020012001c000c002e00e2fffaff0a00f2ff140006003600eaffdaffecffecff,fcff0e00040014001000deff04002400baffd8ff1c00feff1000000006002600,ceff10001600cafffcff1e00e4ffd4ff50b78408266cdab7ae98166dd839e098
2831,2831,0,1a00ecffdeffeeffe2ff0000dcffdcfffafffaffe0ffeeffe4ff1200eeff0e00,e4fff4fffaff1c002e0010000a00fafff2ff0400d8ff26002c000c00fcffecff,0e00fcfff6ffe6ff00000000240004002600caffe0ffeeffeeff00000600f6ff,eeff2000dafff8ff1e00fcffd4ff140056988a6c763be098ba075a3ae6b79208
2832,2832,0,1a00fcffeeff000010000000dcffecfffaff0c00d0ffeeff020002000e00eeff,120022000c00faffe2ff2000eafffaff040004003600e8ff0c00eaffecff0c00,fcff9cff1400f6ffeeff100004000400f8ff06001c001c0000000000f6ff3600,30000000f8ff16001e00caffd4ff24002408c23abab88207c66c88b84e98b06c
2833,2833,0,ecff2a000000eeff00000000ecffdcfffaffdaff0c00eeff3000f4ffeefffeff,020002000c00eaff2e00f2ff0a00eaffe2ffe2ffd8ff06002c002c00ccfffcff,dcffdcfff6ff1400000000002400f4ffd8ffd8ff0c00eeff2000100006000600,2000deffe8ff6400dcfffcff2400e4ffca6c56b8d098d66b0a3b4e98d207683a
2834,2834,0,ecff0a00000010000000e2ffdcffecff0c00faffeefffeff12000200feffeeff,f4ffe4ff0c00faff20002000fafffaffd2ffe2ff060006000c00faff0c000c00,dcfffcfff6ff1400eeffeefff4ff1400d8ff2600feffeeff2000eeff06000600,0000eeff46000600fcff30001400d4ff123b36986206463c88b89a06a06c26b8
2835,2835,0,1a00ecff0000deff00001000fcfffcff1c000c00eeffeeff0200f4fffefffeff,12000200faffdaff0000e2fffaffeaff1400f2fff8ff06001c000c00ccffdcff,dcfffcfff6ff0400eeff10000400040026001600feff1c002000200016001600,eeff0000f8ffdafffcff3000f4ff0400d6b8c406666b1ab99a97e66cda3bde97
2836,2836,0,fcff1a0000000000f2ffd2fffcff0c001c00faffe0ff0c0002000200eeff0e00,120012000c00eaff0000f2ff0a00eaff24000400060046000c00fafffcfffcff,fcfffcffe6fff6ff1000defff4fff4ffe8ff2600feff0c00eeffdeffe6ff0600,deff0000f8ffcaff0e00ecfff4ff04003698ba6cd63c60984a065c3c18b94207
2837,2837,0,0a00fcff000000000000f2ff1c00ecffdaff0c00fefffeff220012000e00eeff,e4ff02000c000c00f2ffd4fffaff0a00f2ff0400160006000c000c00dcffecff,0e000e000400f6ffeeffeeff4400a4ffd8ffe8ffeeff1c00eeffeeff0600c6ff,00000000caff160040000e00e4ff34001406863c98b98605666c48b8de97806c
2838,2838,0,fcff0a000000100000000000fcffecff1c00faff0c000c0050002200eefffeff,120002001c000c00f2ff2e00eafffaff1400d2ffe8ff16001c00faffecff1c00,0e00fcff04000400200010001400f4ffe8ff1600fefffeff200000000600f6ff,5800ceffdaff46001e00dcff2400c4ff066c46b91098966bac3c5a971006923c
2839,2839,0,fcfffcff0000100030000000ccff0c00faff1c000c00d0ff0200f4fffeff0e00,f4ffe4fffaff0c002e002e00fafffaffd2fff2ff2600e8fffaff2c000c00bcff,1e000e00f6ffd8ff0000eeff1400240026003400eefffeffdeff300036000600,0000deff1600dafffcff40001400e4ff663d90971605463d98b9ea05f86b98b9
2840,2840,0,fcff0a0010001000f2ff0000fcfffcffeaffeaff0c002a00f4ff3000eeff0e00,22001200faffeaff0000d4fffaff0a0004001400d8ff06001c000c003c00ecff,fcff0e00040004000000eeff14001400f8ff16000c000c00eeff0000e6ff0600,beff58001600dafffcff1e001400d4ff30ba6805366bb6ba2a97166c623dbe97
2841,2841,0,1a000a00eeff10000000f2fffcff0c00faff1c002a002a00e4fff4ff2e000e00,02001200faff0c002000e2fffaff1a00f2ffe2ff0600f8ff0c00faff1c000c00,fcff0e000400f6ff0000eeff24002400caffd8ffeeffeeff000020000600e6ff,eeff2000160006004000fcffb4ff14002097786b623e10986c041c3dd8b9b004
2842,2842,0,fcfffcff00001000f2ff0000fcffdcff0c000c00eeff2a00e4fff4fffefffeff,98ffd4ff1c000c0020002000faffcaffe2fff2ffe8ff54000c001c000c000c00,0e001e00bafff6ff1000520004000400aaffaaffe0fffeff200020001600e6ff,1000beffcaff16000e00fcff04002400e804963d16bba604366c9cba5e97c86b
2843,2843,0,fcfffcffeeff0000f2ff0000fcfffcff1c00faff0c00eeffe4ff0200feff2e00,02003000fafffaff2e00f2ff0a00fafff2ffe2ff460026000c00fafffcff1c00,1e001e00e6fff6ff1000000024000400d8ffd8fffefffeff0000eeff16000600,2000deffdaff0600fcff0e0024000400186bc0ba6097066b2c3e0a97b004a23d
2844,2844,0,1a001a00eeff20001000e2fffcff0c00faff1c000c000c00020022000e00feff,f4ff0200faffeaff4c00e2ffeaff0a00e2ffe2ffe8ff0600eafffaff2c00ecff,1e000e00f6ff04001000000004000400d8ffd8fffefffeffeeffeeff0600e6ff,deffdeff1600f8ffdcff0e000400f4ff923e00972603b23e0cbbea02a86ba8ba
2845,2845,0,fcff1a00000010000000f2ffecffecfffaff1c002a00eefff4ff02000e00feff,02001200faff0c00f2ffe2fffaff0a00040024000600f8ff0c000c000c00ecff,2e002e00f6fff6ffeeffeeff040014001600f8ff0c00e0ffeeffeefff6fff6ff,ceff00001600daff0e000e00e4fff4ff00bbf202e66ae6bbda96e66b623ee696
2846,2846,0,fcffecff000010001000f2ffdcfffcffcaffdafffeff2a00300012001e00eeff,f4ffe4fffaff1c00f2ff3e00faffeafff2ffe2ff160006001c002c001c000c00,0e00ecffe6ffe6ff0000eefff4ff1400e8ffbaffe0ff1c0000001000f6ff1600,deff0000dafff8ff4000fcffd4ff2400f096f86a723f9097ca022c3f28bbe803
2847,2847,0,1a00fcffeeffeeffe2fff2ff0c000c00daff0c000c00feff0200f4ff0e001e00,020012000c00eaff0000f2ff0a001a00140004002600c8ff2c003c00fcffdcff,2e000e001400e6ffceff1000140004002600f8ffe0fffeffeeffdeff1600f6ff,2000ceffdaff06003000ecff14005400a202f23eb4bc2603f66b4cbba696986b
2848,2848,0,fcfffcff10000000f2ff0000fcff0c00fafffaff1c001c000200f4ff0e000e00,d4ffe4fffaff0c002000e2fffafffafff2ff040006003600faff1c001c00dcff,fcfffcff040004000000eeff14000400e8fff8ff0c000c00300010000600d6ff,3000beffdaff5400fcffecffe4ffe4ff186bb0bb1097c66a0c3f3a965c025a3f
2849,2849,0,fcffecff000010001000e2ffecff0c002c003c00ceff0c00e4ff1200ceff3e00,0200f4fffaffeaffe2ff2000fafffafff2ff0400e8ff36001c001c000c00ecff,1e00dcff22000400eeff00001400f4ff1600f8ff0c000c0000002000f6fff6ff,eeffeeff16000600dcff1e00f4ffe4ffe83ff096920152403ebc8a02086b3abc
2850,2850,0,1a00fcff1000defff2ff1000ccfffcffdaff1c00eeffe2fe2200f4ff0e00feff,f4ff1200daff0c00d4ff0000faffeaff0400f2ff1600d8ff1c001c001c00fcff,fcfffcff040004004200000014002400d8ffe8fffeff0c0030000000f6fff6ff,ceff10000600f8ff1e003000e4ffd4ff40bc6801a66a44bd9a95766bca3f5696
2851,2851,0,0a000a00eeff00000000f2ffdcffecff2c00eaff1c00eeff020012002e001e00,f4fff4ffeaffdaff2e003e000a00eafff2fff2ffe8fff8ff2c002c003c001c00,2e001e00f6fff6ff00000000040024000600cafffeffeeffeeffeeffd6ff0600,eeff0000f8ffdaff30000e00a4ff44008096a86a0e418296d600404042bd6c01
2852,2852,0,fcfffcff10001000f2fff2fffcfffcfffaff0c002c001c00020002000e00feff,e4ff12000c00fafff2ffd4ff0a000a00f2ff0400f8ff16001c00faff2c002c00,0e000e0004001400eeffdeffe4ff1400d8fff8ffeeff0c001000eeffe6ffd6ff,20000000daff16001e00caffd4ff340008019840b4bd1201966b5ebdf695e86a
2853,2853,0,2a00fcff00000000f2ff2000ecffecfffaffeaffeeffeeff12001200eeffeeff,0200e4fffafffaffe2ff3e00daff0a00f2ffd2ff160016001c001c00ecfffcff,0e000e0014000400100000000400e4ffbaffaaff0c001c00eeff000016000600,3000befff8ff1600fcffecfff4ffe4ff886a94bd9296766af0409a953c011c41
2854,2854,0,1a00fcff00000000f2ffe2fffcffecfffaff0c002c002c00020012002e000e00,1200f4fffaff0c00f2fff2ffeaffdaffe2ff0400f8ff06000c00baffecfffcff,dcfffcff140014001000200014000400e8ffcaff0c00feff00000000f6ff0600,000000001600f8fffcff1e001400f4ff3841e295a6ff8e41bebd16008c6ac2bd
2855,2855,0,fcff0a00eeff100010002000ecff0c00faff1c001c000c00400012000e00feff,0200f4fffaffeafff2ff0000fafffaff1400f2ff260006000c00faffecff0c00,fcff1e001400f6ffceff000044000400e8ffe8ffeefffeff30001000f6ff0600,ceff10001600daffdcff1e000400f4ff80be1800366a14be5a95a66b9c41b695
2856,2856,0,fcfffcff0000000020001000fcfffcff1c000c00eeffeeff0200e4fffeff1e00,120012000c00eafff2fff2ff0a00faff040004004600e8ffeaff0c001c000c00,1e000e00f6ff04000000deff0400f4ffe8ffe8ff76002a000000200006000600,eeff00000600f8ff1e00dcffe4ff2400a295286a5442629650ff744202bebaff
2857,2857,0,0a00ecff000010000000e2ff0c00fcfffafffaffeeff0c0012001200eeff1e00,1200e4ff0c000c002e002e00eaff0a000400d2ff060026004c001c00ecffdcff,4e00fcfff6fff6ff30000000040004000600e8fffefffeff300000001600e6ff,1000eeffcaff46001e00ecffe4ff1400e0fe2242c2be36ff566bdebe96953c6a
2858,2858,0,fcff1a0010000000f2ff00000c00fcfffafffafff2fe0c00e4ffd4ffeeff0e00,f4ff30001c00eaffd4ff20000a003a00f2ff0400f8ff26001c001c002c001c00,fcff1e00e6fff6ff0000eeff14001400f8ffd8ffeeffd0ff000010000600f6ff,1000ceffcaff4600fcffecff140014009e6920bf149672696442fa941aff7c42
2859,2859,0,0a00fcff00002000f2ff0000fcffecfffafffaff4c002c004000e4fffefffeff,0200f4ffeaff0c003e00f2ff0a00eaffe2fff2fff8ffc8ff2c000c00fcffdcff,1e000e0004001400ceff100014001400f8fff8fffeffeeffeeff10000600f6ff,10000000f8fff8ffdcff1e0024002400e242d49476fec442cebe00fffc693abf
2860,2860,0,0a00ecff10002000f2fff2ffecff0c000c000c001c000c00f4ffe4ffdefffeff,e4ff02001c001c00f2ffe2fffaff4a00e2ffe2ff1600aafffaff1c000c001c00,0e002e0014000400eeffeeff14002400d8fff8ff0c000c00eeffeeff0600f6ff,eeff20005400caffdcff30001400140080bfe0fec669e0bf0a9582699c425695
2861,2861,0,1a00fcff000000001000f2ffdcffecff1c00daffeeff1c00020012000e00deff,e4ffe4ffdaff0c0020003e00fafffaffd2ffd2fff8ff16003c000c00acfffcff,0e00dcffd8fff6ff00000000f4ffe4fff8ff0600eefffeff10002000e6ffe6ff,ceff30000600e8ff1e000e00d4ff340072955c697443c495f0fdb442babf12fe
2862,2862,0,2a003a0010000000e2ffe2ff0c00fcff1c000c00fefffeff22000200feff0e00,d4fff4fffaff1c00f2ffe2fffaff1a00f2fff2fff8ff26002c002c00ccff1c00,1e002e00e6ffe6ffdeff0000a4ff2400cafff8ff0c00eeffeeff0000e6fff6ff,10000000f8fff8ff3000fcfff4ff040074fd124330c0a8fd266a52c04695ec69
2863,2863,0,fcfffcff0000deffe2ff20001c00fcff0c000c00defffeffe4ff12004e00eeff,e4ffe4fffaff0c00e2ff3e00eafffaff04001400f8ff06001c00faff1c00ecff,0e00fcfff6ff0400eeffeeff04000400caffcaffeefffeff0000deff0600e6ff,0000ceffdaff1600ecfffcff240044003c6976c08495f268d643ca9432fdb843
2864,2864,0,fcff0a002000eefff2ff0000ecfffcff0c001c00eeffeeffe4fff4ff0e000e00,120012002c000c00f2ffe2ffdafffaff1400f2ff16004600faff2c00ecff0c00,1e001e0014000400deffeefff4ff14003400caff0c000c00ceff2000f6ff0600,100000005400f8ffdcff0e003400e4ff9a442694eafcb24382c060fc8c698cc0
2865,2865,0,1a00fcff100020001000e2ffecfffcff1c00aafffeffdeff3000f4fffefffeff,e4ffd4ffeaff0c002e003e001a00faffd2ffe2ff0600f8ff0c001c00fcffdcff,9cff0e00f6ff22001000eeff1400140006000600e0ff1c00200020000600f6ff,beff10001600caff0e001e000400f4ff16c174fcf268c0c07a94a2691844ae94
2866,2866,0,fcfffcff2000200010001000fcfffcfffaff0c00defffeff30000200feff2e00,0200f4ff0c00eaffe2fff2ff1a000a00e2ff04001600d8ffeafffaff2c000c00,2e001e00f6fff6ff0000100024002400e8ff34002a00eeff0000deff06000600,deff20000600daff1e00fcffb4ff240016944c694244349590fce644fcc05afc
2867,2867,0,fcffdcffeeffdeff0000f2ff1c000c001c00daffeeff0c00e4ff12002e00feff,e4ffe4ff1c001c002e00e2ffeaffeaff0400f2ff260016001c00caff1c00fcff,0e000e00d8ff0400eeffceff0400f4fff8fff8fffeff2a001000200006002600,0000deffdaff16001e00cafff4ff1400c0fbca44c0c1dafb426912c16e945c69
2868,2868,0,0a001a00200000001000e2ff0c00fcff0c00eaff0c00fefff4ff1200eeff0e00,f4fff4ff1c001c00e2fff2ffeafffaffe2ff2400f8fff8fffaff0c00ecfffcff,0e002e0004000400deffdefff4ff1400caffe8ff1c000c00deffceffe6ff0600,1000ceffcaff5400fcffdcfff4ff0400ec68a6c1f49492680645fa937afb2045
2869,2869,0,0a001a00100000000000f2fffcfffcffdaffeaff2c001c00120012000e002e00,020002000c001c00f2ff00000a00eaff0400e2ff3600d8ff1c00cafffcff0c00,2e00fcff040004000000eeff0400f4ffcaffe8ff0c000c00200010001600e6ff,0000deff64000600ecff1e001400b4ff8a4506947afb924516c210fca268dcc1
2870,2870,0,fcffecff100000000000e2ffecfffcff0c003c00ceff1c002200e4ff2e00feff,020022000c00faff10002000fafffaffe2fff2ff4600f8ff0c001c00fcffecff,1e000e001400f6ffeeff100014002400caffcafffeffe0ffceffeeff1600f6ff,beff58004600daffdcff1e000400040080c2a2fa20687ec23a94626860465e94
2871,2871,0,fcff0a0020002000f2ff0000ecffecff0c001c00eeff0c002200e4ff2e000e00,f4fff4ffeafffaff20002e00faffeafff2fff2fff8ff26000c000c00dcff4c00,0e00fcfff6ff0400100010000400a4ff2600e8fffeffeeffeeffeefff6fff6ff,beff2000f8ffe8ff3000ecffc4ff1400b6938c68b245f4948efa26459cc278fa
2872,2872,0,fcff0a0000002000e2ff10000c001c00eafffaffdeffceff120002001e00feff,e4fff4fffaff1c00d4ffd4ffeaff0a00e2fff2ffe8ff3600faff2c001c002c00,0e000e0014001400deff1000e4fff4fff8ffe8ff0c001c001000eeff2600f6ff,00000000060006003000ecffe4ff240022fa86469ec23afa7268e4c3ee93dc68
2873,2873,0,0a00fcff000010000000f2fffcffdcffdaff0c00eeff0c0002003000feff3e00,f4fff4ff0c000c000000f2fffafffaffd2ffc0ffe8ff2600faff0c00fcff2c00,fcfffcff040004000000eeff14001400e8ffd8ff0c001c00000020001600f6ff,1000ceffcaff06000e000e00440024004c6810c394945268c4460a94f8f91046
2874,2874,0,fcff2a00eeff00001000e2fffcff0c00faffcaffdeff2c00300040001e000e00,f4fff4fffaff1c000000e2fffaff0a00e2fff2ff160016000c000c00ecfffcff,1e00dcfff6ff0400ceff0000f4ff1400e8fff8ff0c00feffeeff2000f6fff6ff,100000001600f8ff0e001e0044000400d646569376f9be4644c4baf8426858c3
2875,2875,0,ecff1a0000000000f2ff0000ecff1c000c00daff0c00eefff4ff1200eeff2e00,020012001c00eaff0000d4ff0a000a00f2ffd2ffe8ff06000c00eaff1c00ecff,fcff0e000400140000000000f4ff1400d8ffd8fffeff1c00eeff100026000600,deff30001600daffdcff3000f4ffe4ffa0c398f85067f2c3589342685247ce93
2876,2876,0,1a001a00eeff00003000e2ffecffdcff0c00daffeeff0c0030004000eeffeeff,e4ff0200faff1c00e2ff3e00eaff1a00d2ffe2ffc8ff06000c001c000c001c00,1e001e00040014001000eeff0400f4ff0600e8ff0c001c001000eefff6ff0600,eeff20000600f8ff1e001e00c4ff140036931c683e4714945af8b447f8c308f9
2877,2877,0,fcff1a0010000000f2ff0000ecff0c000c00faff0c002c00e4ff3000ceffeeff,f4ff02000c00faff20003e000a000a00e2fff2ff360026001c000c00fcff3c00,0e00fcff1400e6ff0000100014001400f8ffcaff0c000c002000eefff6ff0600,0000eeffcaff06000e00ecffd4ff140036f8364732c4d6f84e6744c4ae930268
2878,2878,0,fcfffcff1000deff10001000dcffdcfffafffaffe2feeeff12000200fefffeff,02001200faff0c002e002000faff0a00f2ffb0ff2600e8ff2c00eaff0c000c00,0e00dcfff6ff1400100010001400f4ff2600e8ff0c00feff10002000f6ff1600,2000eeffdaff16000e00fcff24001400cc6780c41494406718480893d6f7d247
2879,2879,0,fcff0a002000000030001000fcfffcffeafffaff0c00e2fe12003000ceff2e00,1200f4fffaff0c0020002000faff0a0004001400360006002c003c001c002c00,1e000e00220014000000000024001400160026000c00feff00000000f6ffe6ff,eeff00004600f8ffbaff0e000400e4ff0c48269310f8ee4770c57af8a26720c5
2880,2880,0,fcff0a00eeff1000f2ffe2ffecff0c002c000c00feffdeff02000200feff0e00,12000200daff0c002e00f2ff5a00eafff2ff0400e8ff2600faff0c00fcff1c00,1e00fcffd8fff6ffeeffdeff1400e4ff1600baff2a001c0010000000f6ffd6ff,000000001600e8ffdcff0e00e4fff4ff78c540f7106702c558932e6762486e93
2881,2881,0,0a00fcff200010002000f2fffcfffcffdafffaffdeffdeff30005000feffeeff,f4ff2200eaff1c00e2ffd4fffafffaff0400f2ff160016002c000c00dcfffcff,dcff0e00f6ffe6ff1000defff4ff1400caffcaff1c001c000000200016001600,deff1000f8ffdaff1e00fcffb4ffe4fff69276678e48149446f7984870c556f7
2882,2882,0,1a000a000000eeffd2fff2ff0c00fcfffafffaffdeffe2fe12001200defffeff,f4fff4fffafffafff2ff1000eaffeaff0400e2ffd8fff8ff0c000c002c00ecff,dcffdcffe6ffe6ff100010001400f4ff0600baff0c000c00eeff200026001600,10000000dafff8ff1e00ecff34001400b0f6ec48c0c55ef71e6780c63e938267
2883,2883,0,2a002a0010001000e2fff2ff0c001c00dafffaff0c000c00e4ff1200aeff2e00,02001200fafffafff2ffe2ff0a001a00e2fff2ff4600f8ffeafffaff1c000c00,ecff1e00140014002000000004002400d8ffe8ff2a002a001000cefff6ff1600,00000000f8ff1600fcffecff0400e4ff16678cc6c493c066d848a892fef50c49
2884,2884,0,fcffecff0000eefff2ff0000ecfffcff0c00faffe2fecefff4ff0200feffeeff,1200e4ffeafffafff2fff2ff2a00fafff2ffd2fff8ff16001c000c00dcffecff,2e000e00e6fff6ff000000002400e4ff1600d8fffeff0c000000300026000600,0000defff8fff8ffecff30002400b4ff3c49f692a0f6fe48c0c6e6f5326790c6
2885,2885,0,fcff0a00000020001000e2fffcffecfffaffdafffeffeeff2200f4ff0e000e00,f4ff1200eaff0c00f2fff2ff0a000a000400e2ff060006000c00faffecff0c00,1e000e00f6fff6ff0000ceff14001400e8ffe8fffefffeff1000eeffe6fff6ff,beff10001600dafffcff0e001400f4fffcc674f58266eec6e892de668a49f292
2886,2886,0,2a00fcffceff00000000f2ff1c000c00fafffaffe2fefeff0200e4fffeffeeff,2200f4fffafffaff00000000fafffafff2fff2ff2600d8fffafffaff0c000c00,0e000e000400f6ff0000000034001400caffe8ff1c00eeffeeff30000600f6ff,eeff0000f8ffbaff3000fcffd4ff2400e692b666d449e493c6f52e4ae8c67ef5
2887,2887,0,1a002a0010001000f2ff10003c00ecfffafffaffcefffeff30000200eeff2e00,e4ff1200eafffaffd4ffe2ffdaff0a0004000400f8ffd8fffaff0c00fcff2c00,dcff0e00140014001000ceff040014000600f8ff1c000c000000eefff6fff6ff,0000eeffcaff6400fcffbafff4ff2400f4f4fc495ec732f56e6640c7c292a266
2888,2888,0,ecff2a00deffceffe2fff2ff1c00fcfffaffdaffe2fee2fed4ff02000e00feff,f4ffe4fffafffaff2e00f2ff0a000a00f2fff2fff8ff54000c002c000c001c00,0e002e00d8ff0400eeffeeff14000400f8ff06001c00feffeeff00000600e6ff,2000ceffdaff5400fcff0e000400040086669cc7749342660e4a9892fef43a4a
2889,2889,0,0a00fcff000030000000f2fffcfffcffcaff0c003c00e2fe02000200fefffeff,e4ff0200faff0c00e2ffd4ffeaffdaffa0ff0400460016000c001c000c001c00,fcfffcff04001400eeffeeff04000400d8fff8ff2a002a00eeff0000d6fff6ff,eeff000046001600ecff0e001400b4ff964a8692c2f4d44984c816f5b26698c7
2890,2890,0,1a00fcff10000000e2ffe2ffdcff0c000c001c002c002c01f4ff02001e000e00,f4ffe4fffafffafff2ffe2ff0a00fafff2ff0400f8ff16001c00faff2c00dcff,0e00fcfff6ffe6ffeeff1000f4ff1400f8ffe8ff2a00eeffeeff30001600f6ff,ceff00005400daffecff400014000400c2c884f402660ec88892fe651e4ba292
2891,2891,0,fcff2a00eeff10002000f2ffecff0c00dafffaff1c000c00e4ffe4fffeff2e00,d4fff4ff1c000c00e2ff3e00faff0a00f2fff2ff260054000c000c000c001c00,dcff2e000400220000001000f4ff1400d8ff26001c001c001000eeffd6ff0600,ceff1000daffdaff1e000e00c4ff240036922666c44a569364f38e4aa2c886f3
2892,2892,0,2a00fcffdeff00000000e2ff1c001c00fafffaffe2feeeffd4ff02000e00eeff,f4ff0200daffeaffe2ff0000eafffaff0400e2ffd8ff26000c001c00fcff2c00,0e002e001400e6ffeeff0000f4fff4ff0600f8ffe0ff1c00eeff20001600e6ff,30000000daff16001e00dcff24002400f8f2e84b0ec814f4fe6518caa292e065
2893,2893,0,ecfffcff00000000e2fff2ff0c00dcfffaff0c00eeffeeff12001200eeff0e00,f4ff02000c00faff0000e2ff0a000a00d2ff0400360046000c00eaffecff0c00,0e00ecff04001400eeff00000400f4ffe8fff8fffeff660030000000f6fff6ff,0000ceffdaff46000e00dcff240014008a6552c9669374651e4c889236f3ae4b
2894,2894,0,fcff0a00ceff0000f2ffe2fffcff0c002c000c003c00e2fe0200f4ff0e000e00,020002000c00eaffe2ff00001a00faff0400f2ffe8ff06000c000c000c00dcff,2e001e00f6ff0400deff100024000400d8ffe8fffeffeeffbeff000006002600,0000eeff5400f8ffecff40000400d4ff484c4692cef0144b74c954f290657cc9
2895,2895,0,fcff1a000000100010000000fcfffcff0c000c00e2fe1c000200f4ff0e00eeff,f4ff0200fafffaffe2fff2ffdaff0a0004001400060016000c000c000c001c00,0e00fcff040004000000eefff4ff04000600e8fffeff0c002000eeffe6ffe6ff,deff20005400e8fffcff0e00f4ffd4ff5cca48f2b464acc9c291de65fe4b7292
2896,2896,0,fcfffcff1000eeffe2ffd2fffcff3c00faff0c00ceffdeff1200f4ffdeff3e00,0200f4ff0c00faffd4ffe2ff0a001a00f2fff2ff260006000c00fafffcff2c00,dcfffcff22000400eeff1000f4fff4ffcafff8fffefffeff1000200006000600,beff6800f8ffe8ff1e000e00f4ff14000c923a65624c269354f2de4c0ccad4f1
2897,2897,0,1a001a00eeff0000200010001c00ecff2c00faffeeffeeff02003000eeff0e00,0200d4fffaff1c0020000000fafffafff2ff0400260026000c00eaffecfffcff,ecff1e00f6ff1400000000000400f4ffcaffe8fffeff0c001000eefff6ff3600,00000000caff54001e00dcffd4ff04000ef10c4dfcc918f0d06448ca22923065
2898,2898,0,1a000a00000000000000e2ff0c001c00faff1c00eeffdeff02001200eeff0e00,12001200eafffaffe2ffd4ff0a000a001400e2ff06000600faff0c000c000c00,0e001e001400f6ff000000000400140034001600fefffeff1000eeff16001600,3000deffcaff4600fcffbaff5400f4fffa64acca06939464be4cb29184f1d64c
2899,2899,0,fcff2a0020001000000000000c00ecff0c00faffdeffe2fe3000f4fffefffeff,f4fff4ffeafffafff2fff2ffeaffeaffd2fff2ff360026002c000c000c001c00,fcfffcfff6ff04001000eeff1400f4fff8ff06000c002a0000000000f6ffe6ff,0000eeff460006000e001e001400c4ff9c4d9c91f0eec24c38cb10f10065bcca
2900,2900,0,2a000a0000001000f2fff2fffcff0c000c001c00eeff1c00e4ff0200eefffeff,f4fff4fffaffeafff2ffe2fffaff0a00f2ff040036001600eaff0c001c00ecff,1e00fcff040004001000100004000400e8ff1600eeff0c00200010001600f6ff,eeff20001600baffecff1e002400e4ff6ecb9cf0a4648ccaa2912064aa4d0292
2901,2901,0,1a000a00deff0000f2ff0000fcffdcff1c00faffeeff0c000200f4ff2e00eeff,d4ff02000c00fafff2fff2ff0a000a00d2ffd2ff160064000c000c00fcff0c00,0e001e00f6ffe6ffeeff000024001400e8ff06000c002a00eeff2000f6ff1600,deff3000daffdaff3000fcffe4ff1400ac91da64024d9092ccef1e4de8cb2af0
2902,2902,0,fcfffcffdeff2000200000000c00fcff0c00faffe2feeeff020002001e002e00,f4ff22000c00eaffe2ffd4fffaff0a00f2ff04000600d8fffaff0c00dcfffcff,0e001e00f6ff0400eeffdeff04000400e8ffe8ff0c001c00ceffcefff6fff6ff,20000000daff0600fcffecfff4ff2400ccefa84e9acb14ee20642acdd2919064
2903,2903,0,0a002a0000000000f2fff2fffcfffcfffaffeaffeeff0c0002000200fefffeff,1200f4ffeaff0c0020004c000a000a00f2ff1400160016000c000c00fcffecff,1e00fcfff6fff6ff2000100014001400d8ff06000c000c0010000000f6ffe6ff,0000deffe8ff46000e00ecff2400f4ff0664c2cc709204643e4e829198ee2a4e
2904,2904,0,ecfffcff20001000f2fff2ff1c00fcff0c00faff0c002c00f4ff0200feff0e00,d4fff4ff0c000c000000d4ffeafffaff140004000600f8fffaffeaff3c00ecff,0e003e00f6ff0400eeffeeff1400e4ff2600f8fffeff1c00000020001600e6ff,0000deff06000600ecff1e001400b4ffd84e7c91c4ed004efacc9cee1864b0cc
2905,2905,0,1a000a00eeffeeff00000000fcff1c00faff1c000c002c00d4ffe4ff0e000e00,1200d4fffaffeafff2ffe2ff1a00faff1400d2ff160026001c000c00fcfffcff,fcffecff040004000000ceff34001400f8fff8ffeefffeff100030001600f6ff,ceffeeff1600caffdcff0e00f4ff0400e2ccf6ee366372cc52916064e04ed291
2906,2906,0,ecff0a00100000000000f2ffecfffcfffaff0c00f2fe1c00e4ff0200fefffeff,f4ff02001c000c000000f2ffeafffaffe2ffe2ff160016000c000c001c000c00,ecfffcff14000400deffeeff0400140006003400feff0c0000002000e6fff6ff,deff1000f8ffdaff0e000e00040014007c91c663804e60928cee0e4f20cd00ef
2907,2907,0,fcffecff10000000f2ff1000fcfffcfffaff0c00eefffeff1200b6fffefffeff,f4fff4ff0c001c00d4fff2fffafffafff2ff0400360026001c001c005c000c00,dcff1e00e6ffe6ffdeffeeff14000400cafff8fffefffeff200020000600f6ff,00000000f8ff06000e00cafff4ff240056ee784fd2cc44ed2e63eacd82919863
2908,2908,0,fcfffcff1000000010000000ecffecff0c000c00ceffdeff2200f4fffeff0e00,d4ff0200fafffaff3e00f2fffaffeafff2fff2fff8ff26001c001c00ecfffcff,0e00dcff14002200eeffeeff14002400f8ff0600eeff0c0000000000e6ff0600,2000beffdaff5400fcfffcff1400d4ffe462a2cd609256636e4f3291b8ed904f
2909,2909,0,fcff1a0000000000100000001c001c002c000c00eeffdeffe4ff12000e002e00,1200f4ffeafffaffd4ff20000a00eaff1400d2fff8ffe8ff0c00faff1c000c00,fcffdcfff6fff6ffdeff100014002400d8fff8ffeeff0c00eeff0000f6ff2600,1000deff6400e8ffcaff30001400f4ff2e507c91f4eb184f3ace2cee9863f0cd
2910,2910,0,fcff1a0000000000100000000c00ecffbaffdaff2c000c0030000200cefffeff,f4ff22000c000c002e00f2ffeaff0a000400e2ffe8ff16001c001c000c001c00,0e001e0022001400ceffdefff4ff1400e8ff26000c000c0000001000d6fff6ff,deff10004600dafffcff0e001400b4ffbece8aedf662a2cd1291fe62c04f9291
2911,2911,0,ecff1a0010000000f2fff2ff1c00fcfffafffaff0c000c001200f4ffdeffdeff,220012000c000c00f2fff2ff0a000a00d2ff14003600f8ff0c00faff0c002c00,fcff0e0014000400eeffeeff14003400f8fff8ff0c000c0000000000f6fff6ff,eeff10004600caff1e000e00f4ff04003c91c4625e5120926cedbe4f18cf38ed
2912,2912,0,dcffdcffdeffeeffe2fff2fffcfffcffdaffdafffefffefff4ff1200deff0e00,12000200fafffafff2ffd4ffeafffafff2ffd2fff8fff8ff1c00eaffecff0c00,0e00fcff040022001000deff24000400e8ffaaff0c000c00000010001600e6ff,1000eeffcaff06003000fcffd4ff0400ceeb5e507ecea4ebae62bacf72910863
2913,2913,0,0a001a0000001000f2fff2ff1c001c000c00dafffeffeeff0200f4ff2e003e00,0200e4fffaff0c00f2ff1000faff0a00e2fff2ff3600e8fffaff2c002c00fcff,0e00fcfff6ff0400deff000014000400f8ff0600eeff0c00eeff100016000600,1000deffdaff1600fcff1e001400140074625ecf309286629250d29080ec2050
2914,2914,0,fcff0a000000eeff000000002c000c00faff0c00eeffeeff2200e4ff0e00feff,f4fff4ff1c000c00f2ffe2fffaff0a00e2fff2ffe8ff0600caffeaffccfffcff,1e002e0004000400bcffdefff4ff1400e8fff8fffefffeff20000000f6ffe6ff,1000deff46001600baff1e0034000400de501c91d6eae64f8acfdceb9c6278cf
2915,2915,0,0a00ecff0000100010000000ecff0c00fafffaff1c000c00f4ff1200deff0e00,e4ff02002c000c002e00e2ff1a000a00e2ff24003600c8fffaff1c000c009cff,0e000e000400e6ff0000eeff1400f4ffe8fff8ff2a000c00eeffdefff6ffd6ff,aeff00007200e8ffecff0e001400d4ff44d06eea36624ecf0291be627a515291
2916,2916,0,1a00fcffeeff0000f2ff0000fcffecff1c000c00deffeeff12001200feff0e00,f4ffd4fffaff1c00200020001a000a00f2fff2ff26002600faff0c000c00dcff,0e00ecff1400f6ffeeffeeff04000400d8fff8ffeeff2a00300000001600e6ff,eeff1000daffcaff1e00fcffe4ff3400fc902462b2521092aceb825142d0c4ea
2917,2917,0,fcfffcffeeff0000f2fff2ff0c00ecfffaffeaffeeffe2fec6fff4fffefffeff,0200f4ff1c001c000000e2ffeaff0a00d2ff0400d8ff0600faff4c00ecff1c00,1e000e00f6ff04000000000014002400e8ffe8fffeffeeffeeff000026000600,10001000caff16001e00dcfff4ff14006eea2e51cecf8ee99a613ed008912c62
2918,2918,0,fcff0a00000000001000f2ff1c00ecff0c00daffceffeeffd4ffe4fffeff0e00,1200f4fffafffaffe2fff2fffaff0a001400f2ffd8ffd8ff1c000c000c00ecff,0e000e00f6ff0400eeffeefff4ff2400f8ffe8ff84001c002000deff06001600,6800eefff8ff16001e00fcff2400e4ff9861e4d0f09146625251c29074ea0a52
2919,2919,0,0a000a002000000010000000dcff0c00baff0c00eeffeefff4ff1200deffdeff,e4fff4ff2c001c00e2fff2ffeaff0a000400f2ffe8ffe8ff0c000c00dcffdcff,0e00dcff0400f6ff1000defff4ff0400f8ffd8fffeff2a0000000000f6fff6ff,1000eeff1600f8ffecff1e000400d4ff28521c911ee952538ed1bceb7c61d2d0
2920,2920,0,0a00ecff1000ceff10002000fcfffcfffaffdaffe2fee2fed4fff4fffeffeeff,0200f4ffeafffaff20003e004a00eafff2ff0400f8fff8ff2c00faffecff0c00,2e00fcffe6ff0400deff1000240004000600e8ffeeffe0ff0000eeff06003600,ceff10004600e8ffecff1e000400e4ffc4d102e960610cd192901a61ba52f890
2921,2921,0,fcff0a000000eeff0000f2ff0c001c00dafffaffeeffeefff4ff2200deffeeff,f4ff02000c001c00e2ff10000a000a0014001400360036001c00fafffcff1c00,fcff0e00f6ffd8ff0000ceff14001400baffe8fffeffe0ff20000000f6ff1600,deff6800f8ffbaff0e000e000400f4ffcc90e860d253109286e99a52ecd134e9
2922,2922,0,fcff0a00200020000000f2ff1c001c00daffcaffdeffeeffd4ffe4fffeffeeff,120002000c00faffe2ff2e00fafffaff0400f2ffe8ffd8ffeaff1c002c00ecff,1e00dcfff6ff2200eeffeeff04000400bafff8ff0c00eeff2000200036001600,10000000caff16000e00ecffe4ff2400e2e878529ad100e8fa60a2d222914c61
2923,2923,0,fcfffcff00003000f2fff2fffcffdcff1c00faffeeff0c00020002002e00eeff,e4fff4fffaff1c002e00d4ff0a00eaffd2ff1400f8ff26000c00faff0c00fcff,0e000e00140014002000deff040014000600e8ff1c003a00eeff200006000600,0000eeff060024003000fcff1400d4ffd8607ed2009200614a53b290bae82653
2924,2924,0,fcfffcff00000000f2ff20000c00fcfffaff0c00feffceff020030001e00eeff,1200e4fffaff0c00e2ff2e001a00eaffe2ff0400260036003c001c001c003c00,ecfffcff040004000000200024000400f8ffd8fffeff0c00deff200006003600,eeffeeff06000600dcff3000340004000a53ac90c0e75254b2d258e72c61acd2
2925,2925,0,1a000a00eeff0000f2ff1000fcff0c00cafffaffeeffe2fef4ffe4ff2e00feff,f4ff02000c001c00f2fff2fffaff0a003600140026003600faff1c001c003c00,dcfffcfff6fff6ffeeff0000140014002600d8ff1c00d0ff0000deff06000600,deff10005400caffdcff1e00e4ff040010d312e8006180d28290ca608653b890
2926,2926,0,ecffecff00000000e2ffe2fffcfffcff1c000c00eeffe2fed4fff4ff0e00feff,120012001c001c00d4ff00000a000a001400f2ff2600f8ff0c000c00dcff1c00,fcff0e0014001400eeffeeff24001400eafffafffefffeff00002000f6ff1600,deff2000f8ffdaff0e00fcfff4ff3400cc9078602055b09198e79c547ed34ae8
2927,2927,0,0a001a00000020001000f2ffccfffcffeafffaffe2fe1c00f4ffc6ff2e00feff,f4ff12000c00faff2000d4fffaffdafff2ff0400060006000c001c00ecff1c00,dcfffcfff6ff14000000eeff0400f4fffaffbcff0c001c00000010001600f6ff,0000eeffdaff6400fcfffcffe4ff24000ce79a5300d3a0e64a6022d398905260
2928,2928,0,fcfffcff00001000200010000c00fcffdaff0c00f2fee2fe020012002e000e00,f4fff4ff0c00fafff2ffe2ff5a000a000400e2ff2600d8ff1c001c002c00fcff,1e000e00e6ff0400eeff1000f4ff24002800eaffeeff1c000000000006002600,2000deffe8ff0600fcfffcff040004002860a0d3c09152606c544290b8e6e653
2929,2929,0,fcfffcff1000ceffe2fff2ff0c00ecfffaff2c00eeffdeffe4ffe4ffceff1e00,f4ff12001c00faff3e00f2fffaff0a00f2fff2fff8ff5400fafffaff0c00fcff,1e00ecfff6ff0400eeffeeff04000400ccfffaff1c000c00100000000600f6ff,2000eeff0600f8ffdcfffcff34001400f6548c9022e6905584d4c8e6da5feed3
2930,2930,0,fcff0a000000100000000000dcff1c001c000c00eefffeff1200d4fffeff1e00,0200f4fffafffafff2ffd4fffaff0a0004001400e8ff0600faff1c002c001c00,0e001e0014001400eeffeeff04001400dafffaff0c001c000000000006002600,deff20002400dafffcff1e000400f4ff1cd53ce6dc5f50d69290165fce54c890
2931,2931,0,ecffecffeeff0000d2ff10000c000c00cafffafff2fee2fe02000200feff0e00,f4ffd4ffeafffaffd4ff0000fafffaffe2ff04001600e8ff0c00faff1c00fcff,fcff0e00140004001000100014000400eaff08000c001c0000002000f6fff6ff,eeff1000f8ffdaff40001e00e4ff24008c90625fb055b0911ae58c5446d528e6
2932,2932,0,fcff0a00eeffdeffe2fff2fffcff0c002c002c00eeff2c00c6ff12000e00eeff,020012000c00faffd4ff4c001a00fafff2ff0400d8fff8ff0c000c001c00fcff,0e00ecfff6fff6ff0000ceff24003400eafffafffeff0c00deff10000600f6ff,20000000daff06005000ecff1400040060e5f654bed6c2e5865f44d578907a5f
2933,2933,0,1a00fcff10000000000010000c000c000c00daffceffeeffd4ffb6ff1e000e00,0200f4ff1c00daffe2ff2e001a000a0004002400060006000c000c000c00ecff,0e001e00f6fff6ff0000000004002400faff08001c00feff00000000f6ff1600,3000eeffcafff8ff0e00caff14002400e25e8cd5a091545fdc55429058e50e55
2934,2934,0,fcff2a0000000000e2ff0000ecffecff0c00faffeeffeeffd4ffc6ff3e000e00,2200f4ff2c000c00f2fff2fffaff0a001400f2ffc8ffe8fffaff0c000c00fcff,fcff0e0014003200deffceff04002400eaffdafffefffeffdeffdefff6fff6ff,1000deff1600f8ffdcff1e001400d4ffc6558c9024e47e5694d61ae40a5fd6d5
2935,2935,0,1a000a002000100000000000ecfffcffdaffdaffdeffdeff1200c6fffeffeeff,0200f4fffafffafff2ff20001a004a00e2fff2ff060026000c000c00fcff0c00,0e001e00f6ff0400000000001400f4ffeafffaffeeffeeffeeffeeffe6ffe6ff,ceff30000600daffecff40002400c4ffd8d690e4a45e3cd77290365fae556890
2936,2936,0,0a001a00deff2000f2ff20000c001c001c001c00feffceff2200f4ffeeff2e00,f4ffe4fffaff0c002e002e00faff0a00d2fff2ffd8ffd8ff1c000c00fcffecff,fcff1e00040014000000eeff04001400eaffeafffeffeeffeeff000006000600,eeff3000e8ffcaff1e000e00f4ff04004c90c25eee5690911ae4bc56b6d650e4
2937,2937,0,0a001a002000eeffd2fff2ff1c000c00faff3c000c00eefff4ff0200eeff0e00,1200e4fffaff0c000000d4fffaffeaff04001400d8ffe8ff2c001c00ecffecff,fcff0e0004001400eeff000024001400faffeaffeeff1c00eeffdefff6ff0600,00000000f8ffe8ff1e00dcff1400240080e452560cd8e4e3b65ea4d66890925e
2938,2938,0,ecfffcff00002000f2fff2fffcff1c001c00daff0c000c000200e4ff1e00eeff,1200f4ff0c00fafff2ffe2ffeafffaffe2ff040026000600faff0c00ccfffcff,0e000e00040032000000eeff14000400eaffccff0c000c001000defff6fff6ff,2000deffdaff0600fcffecff0400d4ff525e78d76091c45e7c56329000e44e56
2939,2939,0,1a002a00000010001000f2ff1c000c00fafffaff1c000c00f4ff12002e002e00,120002001c001c00d4ffe2fffafffaffe2ff2400c8ff0600faff2c00dcfffcff,fcfffcff14000400200010000400e4ffeaffdaffeefffeff000020000600f6ff,eeffdeff1600f8fffcff0e0014000400e2565c9004e34e57c4d708e3e25d4ed7
2940,2940,0,fcfffcffeeffeeff10002000ccff1c00faff0c00e2feeeff02000200eeff0e00,0200e4ff1c00fafff2ff3e000a00fafff2ff04005400aafffafffaff0c00fcff,0e000e00140004001000000024001400eaffdafffeff0c000000eeff1600e6ff,ceff0000f8ffcafffcff0e00140014005ed84ae2c85d9cd88290165eae566890
2941,2941,0,0a00ecffeeffeefff2ff0000ecff0c001c00faffeeffe2fef4ff40000e00feff,e4ff0200fafffafff2ff00000a00faff1400f2ff3600d8ffeaff0c00fcff2c00,1e002e000400f6ffeeffdeff14002400eafffaff0c000c00eeff0000e6ff3600,eeff10000600daff30000e00f4ff14006c90b65d3e581a91c4e1cc5690d860e3
2942,2942,0,0a000a0020000000e2fff2ffecff1c00eafffaffdeffe2fe300012002e000e00,e4ff02001c001c004c00e2fffafffaffd2fff2ffe8ff36000c000c00ecff2c00,0e00ecff040014000000eeff04002400acffdaff0c00feffeeffeeffe6fff6ff,0000eeffdaff1600fcffecffe4ff04008ee112575cd9c0e1c65d48d94890625d
2943,2943,0,fcff3a0010000000f2fff2fffcffecfffaffeaffd2fedeff3000c6ff0e00eeff,e4fff4ff0c000c00f2ff20000a00fafff2ffe2ffd8ff36003c000c00dcff1c00,dcff0e000400f6ff0000300004001400fafffaffeefffeff00001000f6fff6ff,1000deffbaff06000e000e000400f4ff565deed86091485dcc573290e4e13657
2944,2944,0,2a00dcff0000eefff2ff00000c000c00faff0c00eefffeff300002000e002e00,f4ffe4fffaff0c00d4fff2fffaff0a00f2fff2ff540006000c00eafffcffecff,fcff0e0014001400deff0000140014002800dafffefffeffceff1000f6fff6ff,1000defff8fff8ffcaff30002400e4ff82574c90b0e1645858d9c4e0025d60d9
2945,2945,0,0a000a00eeff000010000000fcff1c00fafffafffeffeefff4ff30000e001e00,f4ff12001c00faff2000e2ff0a000a0004001400260006000c00eaff0c000c00,0e001e0004001400ceffdefff4fff4ffdaffeaff1c00feff1000000006000600,ceff20002400cafffcff0e00040004008ed9cee0185ddad95290565da6574890
2946,2946,0,1a001a00eeff00000000e2ff0c00fcff2c00cafffefffeff020002002e00feff,0200e4ff0c000c00e2ff2000fafffafff2fff2ff060026002c001c00dcff0c00,0e00fcff040014000000300024000400fafffaff1c001c00400000000600f6ff,deff4000e8fff8ff1e0030000400f4ff3c90d65cf458609194e0d058d0d9c4e0
2947,2947,0,fcff0a0020001000f2ff00000c00fcffcafffaff0c00fefff4fff4ffdeff1e00,f4ff02002c00faff0000e2ffeaff0a00040014002600d8ff1c00faff0c000c00,dcff1e00140014001000eeff14002400eaffeafffeffe0ff0000000016001600,1000eeffdaff54000e00dcff14003400dee02858c8da72e0f65c98d95890e25c
2948,2948,0,1a00dcffeeff1000f2ff00000c000c002c000c00e2feceff400012002e00eeff,1200e4ff0c000c00f2ff0000eaffeaffd2ff1400f8fff8ff0c000c00fcff1c00,0e00ecff04001400eeff000004001400faffeafffeff0c00deffeeff1600f6ff,5800eefff8ff1600fcfffcff24000400965c38dada90985ce058329084e07858
2949,2949,0,dcff2a0000001000f2ff0000ecff0c001c003c00eeff0c00f4ffe4ff0e002e00,f4fff4ff1c00faffe2ffe2fffafffaff3600e2ff26001600fafffafffcff0c00,1e001e0014000400eeffeefff4ff2400acfffaffeeffeeff00000000d6fff6ff,0000defff8ff1600ecff0e005400e4ff98583c9094df5459ccda64e00a5c60da
2950,2950,0,ecffdcff0000eeff0000e2ffdcff0c000c00faffe2fedeff02000200feff3e00,1200d4fffaff1c003e00d4ff0a000a000400140026002600faff0c00ecff9cff,1e000e000400f6ff0000deff0400f4fffafffaffe0ffeeffdeff10000600d6ff,ceff00002400e8ffbaff1e000400e4fffada78df585ca8dbbe8f065c08594890
2951,2951,0,fcfffcff0000000020000000ccffdcff1c00faffeeff0c001200e4fffeff1e00,d4ff1200eafffafff2ffe2ff0a000a00e2ff1400f8ff06001c00eaff2c000c00,fcff0e0004001400deffeeff24000400eaff0800eeffeeffeeffeeff06001600,deff10001600caff30000e00f4ff44007c90225c0a5ada9020dfd05820dbe2df
2952,2952,0,ecffdcff00000000100000001c00fcfffaff0c00feffe2fe1200f4ff2e002e00,e4fff4ffeaff0c00f2ff3e001a00eaff14000400aaff06003c002c000c00fcff,1e00dcff04001400deffceff140004000800fafffeff0c00ceff0000e6ff0600,10000000caff06003000fcfff4ff640088de085938dcd4de745b20dc3890aa5b
2953,2953,0,fcfffcff100010002000f2fffcffdcfffafffaffeeffe2fef4ff0200feff0e00,120012000c00faffe2fff2fffaff1a00e2ff04000600c8fffaffeaffecff4c00,0e001e00220022001000defff4ff2400daffeaff1c00feff2000deffd6ff1600,1000defff8ff46000e00ecff04000400725bccdcfa90685b6059ce8f9ade6859
2954,2954,0,fcffecff1000eeff000000000c001c00fafffaffeeffdeffe4ff02002e00eeff,e4ff0200faff0c00e2fff2fffaffeafff2fff2ffd8ff36002c001c00dcffecff,dcff1e00f6ff0400eeffdeff140004003600ccffeeffeeff000010001600f6ff,1000defff8ff1600ecff30002400f4ff18593c90d6dd9a5a30dcf0dd2a5b42dc
2955,2955,0,fcff0a000000eeff20002000ecfffcff1c00eafffefffeffd4ff02000e00feff,e4ffd4fffaff1c003e00f2ffeafffaff0400040016000600faffcaff0c00fcff,0e00fcff1400d8ffeeff1000f4ff4400eaffeaff0c000c00eeff100016001600,deff10001600caffecff3000d4ffd4ffbcdc48deca5a06dd6290345bd8594890
2956,2956,0,ecfffcffeeffeefff2fff2ff1c000c001c001c002c000c003000c6ff2e003e00,e4fff4ffeaff0c00f2ffd4fffaff1a001400f2ffd8ffe8ff1c00fafffcffecff,1e00dcfff6fff6ff0000000014002400daffeaffeeffeeffeeffdeff06000600,00001000f8ffdaff1e003000d4ff04003c90525aaa5afa90c0dd945afadcaadd
2957,2957,0,fcfffcff100000001000d2ffecff1c000c00faffeefff2fe2200e4fffeff2e00,f4ff12000c00eaffe2ffd4ffeafffaff0400040016000600faff0c00ecff0c00,1e001e00040014000000defff4ff2400faff2800feffeeff0000deffe6ff0600,10000000daff16000e00dcffe4ff24000cdd525ac6dd66ddc45a10dd3890be5a
2958,2958,0,1a00fcff20000000f2ff00001c00ecffeafffaffdeffeefff4ff0200eeff0e00,f4ffd4ffeafffaff4c00f2ff0a00eaff0400d2ffd8fff8ff0c000c000c00bcff,dcffecff1400f6ff0000000014001400ccffdaffeeffeeffdeff0000f6ffd6ff,2000eefff8ff54000e00dcff0400e4ffb85938deea909a5af45a32906add285a
2959,2959,0,bcfffcff00000000f2ff00000c000c000c00faffe2fefeff0200e4fffeff0e00,e4fff4fffafffafff2ffe2ffeaffeaff04000400060036000c00faff1c00fcff,0e002e0004001400eeffeeff04001400ccff1800fefffeffeeff0000f6ffe6ff,0000deff5400f8ffdcff0e000400c4ff845a6c9006dd985b80ded0dc3e5a1ade
2960,2960,0,1a000a001000eeffe2ff10001c000c001c00daffe2feeeffe4ff3000eefffeff,0200e4ff0c00faff0000e2ff0a00eaff24000400f8fff8ffeafffaff0c00dcff,0e00fcfff6fff6ffdeffceff140014000800ccffeeffeeffdeff0000f6ff0600,eeff00001600caffecff40002400e4ffa8de8cdc6a5a94dece8f145abe5a2890
2961,2961,0,fcfffcff000020000000e2ff0c000c00fafffaffeeffe2fe2200f4fffeffdeff,e4ff12001c000c002e00e2ffdafffaff04000400260046003c000c00ecffecff,dcff1e0014000400eeffdeff04001400ccffdafffefffeffeeffdeffe6fff6ff,deff30001600daff3000fcffe4ff34003c903859a85bba90d0dbf45acade02dc
2962,2962,0,fcfffcffeeff0000f2fff2ff1c001c00cafffafff2fed2fe020012002e000e00,e4ff0200fafffaff2e00e2ff0a00eafff2fff2ff3600d8ff2c002c00dcffccff,2e008cfff6ff1400eeff000024001400eafffafffefffeffdeff10001600f6ff,00000000baff16003000fcffe4ff24000adb245bc2dfb8db305990df3890b859
2963,2963,0,fcfffcff1000eeff2000f2ff1c001c00eafffaffeefffeff0200f4fffeff0e00,02001200eaffeaff200010000a000a002400e2ff260036002c000c00dcffecff,0e00ecfff6ff14001000eeff04000400faffdafffefffeffeeff000016003600,0000beffdaff4600fcffecff24000400285958df0a91da59745b329072db9a5b
2964,2964,0,1a002a000000eefff2ffe2ff0c00fcfffaff0c00e2fefeff300012000e001e00,1200f4fffaff1c00c4ff2000eafffafff2ff040006001600eaff1c00ccfffcff,0e00dcfff6ff1400deffeeff240014000800eafffeffeeffeeff0000f6ff1600,0000ceff16000600fcff0e002400f4ffe25b3c9068db585c50df7cda385942df
2965,2965,0,1a000a00100030000000e2fffcff1c00fafffaffdeffe2fe020012000e002e00,d4ff0200fafffaff2e002e00eaff0a0014001400e8ff06000c00faffccfffcff,dcff2e0004000400eeff000014000400eaff0800fefffeff0000000006001600,eeff20004600e8fffcff4000040004004ee048da645912e052906059ba5b1890
2966,2966,0,0a000a00eeff00002000f2ffecffecfffaff3c00d2feeeff1200e4ff4e00feff,1200e4fffafffaffe2ff3e002a001a00d2ff1400160006001c000c00fcfffcff,1e00dcfff6fff6ff0000000014001400180036001c00feffceff200016000600,00002000f8ffdaff30000e00e4ff14004c907858a85c40912cda765ce4e050da
2967,2967,0,0a00bcff20000000e2ff20002c000c00dafffaff0c00f2fe30000200feff1e00,02000200eaffeaffd4ff2e00eaff0a0014000400f8ff2600eafffaff3c00dcff,0e00dcfff6ff1400eeff0000e4ff0400faff1800eeff0c000000000006001600,00000000f8ff16000e00ecffe4ff440028daa65cc2e002da705864e008909858
2968,2968,0,fcfffcff10001000f2ff1000ecff0c00fafffaffe2fe0c001200f4ffdeff2e00,020012000c00faffe2ffe2fffafffaff14002400060036002c000c00ecff0c00,0e00fcfff6ffe6ff100000001400140008002800feffeeff0000eefff6ff0600,2000eeffe8ff16001e00caff0400f4ff3858aee00a91d458c65c729030da5a5c
2969,2969,0,fcff0a001000200010001000fcffecffdaffdaff1c000c003000f4ff1e00eeff,f4ff98ffeaff0c0020002e000a00eaff0400e2ff540016002c002c000c000c00,fcff0e00140004000000deff0400e4ff2800fafffefffeff200010000600e6ff,eeffdefff8ff1600dcff1e006400d4ffa65c3c90b4d9d85c54e13cdae657f4e0
2970,2970,0,1a002a0000001000f2fff2ff0c000c00daff1c00eeffeeff3000f4ff0e00feff,d4fff4fffaffeaffe2ffd4ff1a000a00e2ffd2ff360006002c002c00fcfffcff,fcff0e00f6ff0400eeff200024002400faff28002a00eeffdeffeeff16002600,ceff10006400daffecff30003400e4ff9ee12ed9b45862e1fe8f9c57225d5890
2971,2971,0,2a000a00000020001000f2ff0c00ecff1c000c000c004c00f4ff30000e00eeff,e4ffd4ffeafffafff2fff2fffafffaff14000400360036002c00faff0c000c00,1e002e0014001400deffeefff4fff4fffaffeaff0c002a00eeffeefff6ffe6ff,deff5800f8ffbafffcff1e00e4ff04003c909257285d6091d8d8f65c24e250d9
2972,2972,0,0a000a000000eefff2ff10000c000c00fafffaff1c001c005e0012000e000e00,d4fff4ff1c000c000000f2fffafffaff04001400e8ff26000c002c001c001c00,1e003e00140004002000ceffd4ff1400eaff0800e0fffeff1000deff0600f6ff,10001000baff06003000dcff040034007ed8065d12e234d99c57c8e268907657
2973,2973,0,fcfffcff00000000000010000c00ecff1c00caffeeff1c00220012001e00deff,d4fff4fffaffeaff3e00e2ffeaff0a0004001400260046004c000c00ecffdcff,fcffecff0400f6ffeeff0000140004001800eafffeffeeff1000eeff0600f6ff,5800beffcaff16003000fcff440004006257bae2ea901e58e65dae8f18d8725d
2974,2974,0,fcff2a00100010000000f2fffcfffcfffaff0c00eeff1c00120030002e000e00,f4fff4ff0c00faffe2ffe2ff0a001a00d2ff1400f8fff8ff0c000c000c00fcff,1e002e0004002200eeffeeffe4ff1400faff08002a00eeffceffdeff06001600,1000eeff1600f8ffecff30000400f4ffb65d5c904cd8e85d68e224d72657d4e2
2975,2975,0,fcfffcff000000000000e2ffdcfffcff0c00daff480002ff300012002e000e00,f4ff0200daff1c00f2ffc4ff0a000a002400f2fff8ff26000c00fafffcffdcff,fcff0e00f6ff1400ceff0000240014002800eafffefffeff0000defff6fff6ff,eeff0000f8fff8fffcff40004400c4ff5ae388d7105714e3ee8fcc56d25d7890
2976,2976,0,0a000a001000eeff0000e2ffecffdcff0c000c00feffeeff0200a6fffeff0e00,e4ffd4ff0c000c00e2ff00000a00faff040014004600d8ff1c00faffbcffecff,0e001e00140014000000eeff04001400faff18001c000c00eeff20001600e6ff,deff2000f8ffe8ff30001e00d4ff34005c90c256545e3091e4d6965e70e388d7
2977,2977,0,ecffecff0000eeff1000f2fffcfffcfffaff0c001c001c00300002000e001e00,0200f4fffafffaff0000f2fffaffeaff1400f2ff060016002c001c00fcfffcff,2e00fcfff6fff6ffdeff1000040014000800faffeefffeff100010001600f6ff,deffeeffdaff06000e00ecffa4ff4400d8d6325ee4e31cd77c56f8e278907e56
2978,2978,0,0a000a0010000000e2ff3000fcffecff1c001c000c000c00020012002e00ceff,f4ff12000c00fafff2ffe2fffaff1a0014001400160036000c00faff0c000c00,0e003e000400f6ff0000deff240014002800daff0c00eeff20003000f6ff0600,2000ceffdaff16000e00ecfff4ff14004256eae38091be56965e5290a0d6725e
2979,2979,0,fcfffcff100000000000f2ff0c00ecfffaff1c00fefffeff2200e4ff0e000e00,02000200eaff2c00e2ff4c00fafffafff2ff1400160016000c00faffccfffcff,0e001e00f6fff6ffdeff000014001400faff0800feff1c0020000000f6ffe6ff,100000000600f8ffdcff40004400e4ffa25e6c9010d6545e32e514d6be55f8e4
2980,2980,0,fcfffcff0000000010002000dcfffcfffafffaff1c001c00120012000e00deff,f4fff4ff2c00fafff2fff2ff0a00eaffd2ffe2ff060036000c001c00ecfffcff,1e002e00220004001000eeff0400140018001800feff0c00000000001600e6ff,deff00005400e8ff1e000e002400d4ff40e528d65e56f4e4de8fcc55fa5e7890
2981,2981,0,0a00fcff1000eeff00003000ecfffcff0c00faffeeffeeff020022003e000e00,e4fff4ff0c001c00e2fff2ff0a00faff0400d2fff8ff36000c000c00fcfffcff,fcff2e00f6ffe6ff00000000140014000800eaff0c00eeff0000000006000600,ceff20000600caff30001e00f4ff24009c90a655345f7091b4d5b65e58e5a0d5
2982,2982,0,2a00fcff00000000f2ff0000ecff0c000c001c00f2fefefff4ff0200feffeeff,f4ffe4ffeaff0c000000f2ffeaff1a000400f2ff540026000c000c00ecffccff,1e002e00f6ff1400eeff0000140014002800faffeeff0c003000eeff06001600,eeff6800e8ff06000e00ecffc4ff54001cd5225f64e550d55c55c2e678901e55
2983,2983,0,0a000a0000000000f2ff0000fcffecfffaff0c00eeffeeff0200d4ffceff1e00,f4ff1200fafffaff10003e001a00faff0400f2ff260036000c001c00acfffcff,ccff0e00f6ff14000000eeff14001400faff2800eeff0c00100000000600f6ff,1000deffdaff16001e00fcff240004002655b0e580917055465f729050d53a5f
2984,2984,0,fcfffcff0000eeff2000e2ffecff0c00faff0c00feff1c00e4ff12000e000e00,f4fff4fffafffaff0000e2fffaff0a0004002400160026002c00faffecffdcff,1e000e0014001400eeff200004000400faffdaff1c00feff000020000600e6ff,0000ceff06001600fcff1e000400d4ff825f8c9030d5a45f92e644d40e5538e6
2985,2985,0,dcfffcffdeff000000001000fcffdcffcaffdaff0c00feff300002000e000e00,d4ffe4ff0c00eaff20003e001a00eaffd2ffe2ff060036000c002c00ecffecff,fcffdcfff6fff6ff00001000f4ff14000800eafffefffeff000010002600f6ff,deff10004600baffecff40000400f4fffce6a0d3f25490e6b2905854aa5f9890
2986,2986,0,1a00fcffdeffdefff2ffe2fffcff0c002c001c00eeffeeff02000200deff0e00,e4fff4fffafffaff200020001a000a000400f2ff2600f8ff0c000c00ecff0c00,fcff1e0004000400eeff0000f4fff4ff180018000c00feffdeff200016000600,deff5800f8ffcaff0e00fcffd4ff2400ac9096540460c091c4d35a6010e758d4
2987,2987,0,ecff0a0000001000200000000c00fcfffaff0c00eeff1c001200f4ffceff0e00,e4ff12000c001c000000e2ff0a000a00f2ff04001600f8fffaff2c00fcffdcff,0e00ecff040014000000eeff04001400faff08001c001c0000000000f6ffe6ff,10000000e8ff16003000dcfff4ff140000d3286090e7b0d4f85342e7c8902654
2988,2988,0,ecfffcff10001000000000001c000c003c00daffe0ffeefff4ffb6ffdeffceff,d4ffe4fffaffeafff2fff2fffaff1a00f2ff0400360046002c001c00fcff1c00,1e000e0004001400200000000400f4fffaff0800e0ffeeff2000000016002600,2000deffcaff46001e000e0014002400125402e89091c2548a60b290a8d31a60
2989,2989,0,fcfffcff0000100010002000ecfffcffeaff0c00e0ffeeffe4ff0200feff0e00,e4fff4fffafffafff2ffe2fffaff0a00f2ff04000600d8ff0c004c00dcffdcff,fcff0e0004000400eeffdefff4ff1400faff2800fefffeffeeff00001600e6ff,0000eeff16000600dcfffcff44001400a860ac90d2d33c6086e8c4d3d653fae7
2990,2990,0,0a000a000000deff2000f2ffecff1c00daff2c00f2feeeff1200f4ffeeffeeff,020002000c00faffe2ffd4ff0a00fafff2ff040036000600faff1c000c000c00,0e000e000400f6ffeeffeeff2400f4fffafffaff0c000c00000020003600f6ff,000000005400daffecff30000400f4ffa2e8aed2b25380e8a2907652ec60d890
2991,2991,0,1a00fcff10001000e2fff2fffcffecff0c00faff0c00eefff4ff02000e00feff,020012000c003c002e00f2ff0a000a000400f2ff060016000c001c00ccffecff,fcfffcffe6ff1400eeffdeff0400a4ffeaffdaff1c002a0030000000f6fff6ff,deff10000600caff1e00fcffc4ff1400bc9082530061f09172d2da606ae83cd2
2992,2992,0,fcffecffeeff0000f2ff4e000c00fcff0c00fafffeff0c00020030002e001e00,1200d4ff0c000c000000f2ff0a00faff04000400e8ff0600faff2c00dcffccff,9cffecff04001400eeffeeff340014002800faffeeff1c0020001000f6ff1600,00000000baff16003000ecff140054001ed2c860dee832d346525aeae890ca52
2993,2993,0,fcffecff1000eefff2ff2000fcff1c00fafffaff0c00eefff4ff02003e00feff,e4ff0200eaff0c00200000001a00faff04000400e8fff8ff2c000c00fcffdcff,0e001e00f6fff6ffeeffdeff040044002800eaff0c000c00eeff00000600f6ff,6800ceffcafff8ff1e00ecff04002400885242e9909142531a61c290acd1fc60
2994,2994,0,dcfffcff0000defff2ff2000ecff0c00fafffaff2a001c00020030000e00feff,e4fff4fffafffafff2ffe2fffafffafff2ff040036002600fafffaff1c00ccff,2e000e001400f6ffeeffdeff0400240028002800eeff0c00eeff000016002600,1000defff8ff0600dcfffcff0400e4ff3861fc909ecf40616aea3ed15a5214ea
2995,2995,0,ecffecff00000000f2fff2ffecfffcfffaff1c001c001c000200f4ffeeffeeff,e4ff02001c00fafff2ffe2ff0a000a000400f2ff0600f8fffafffafffcfffcff,fcff1e000400e6ff0000eeffe4fff4ffdafffaff0c00feff0000eeff2600e6ff,deffeeff4600f8ffdcff0e002400c4ff2eea04d14253bee9f29036528c61e890
2996,2996,0,ecfffcffeeff1000e2ff0000fcff0c00eaff0c001c00fefff4ff30000e00eeff,d4ffd4fffafffaffe2ff2000faff0a00f2ff040016000600faff0c00fcff1c00,1e001e00f6ff22001000100014001400eaffdaff0c002a000000eeff06000600,ceff10000600baff40001e00f4ff2400fc909e51e6619091bed00e6244ea3cd1
2997,2997,0,0a00ecff00000000f2fff2fffcfffcfffafffafff2fe1c0002000200eeff3e00,e4ffe4ff0c00faff2e0000000a00faff1400f2ff460006000c002c000c00ecff,fcff2e000400f6ff0000000014002400daffdaff2a002a00eeffeeff06000600,10000000caff06000e00dcfff4ff2400b4d078619eeaa6cf52514aea22919a51
2998,2998,0,ecfffcffeeff0000e2ff10001c00fcfffaff0c000c00f2fef4fff4ff0e00feff,e4ff02001c00fafff2ffd4fffafffafff2ff1400360006000c00faff2c00fcff,1e001e002200e6ffdeffeeff14001400eafffaff1c002a001000eefff6fff6ff,4800deffdaff16000e00fcff240014005e51eeead091a252ba61e290e2cfbc61
2999,2999,0,ecfffcff000000002000e2ffecff0c001c000c00fefff2fe4000f4ff0e000e00,e4ffe4ff0c000c0000000000faff0a0004000400060006000c000c00ecff2c00,0e001e0014001400000010002400040008000800eeff0c002000eeffe6ffe6ff,eeffbeff06001600ecff1e001400d4ff24620c917ece46622aeb6ed05a5160eb
3000,3000,0,ecff0a00000000000000e2ff0c001c000c000c00e2fee2fe12003000befffeff,e4ff02000c00eaffd4ffe2ff0a000a00f2ff0400f8ffe8fffaff0c00ecffdcff,0e000e00f6ff0400eeffeeff1400f4ff080008001c00eeffeeffdeff16001600,eeff00000600caffdcff0e002400e4ff6eeb5ecf24521eeb429122505c62d890
3001,3001,0,fcffecff1000eefff2ff0000fcff1c000c000c00eeffeeff120030000e00eeff,f4fff4fffaff0c00d4ff2e000a000a00d2ff1400e8fff8ff0c002c001c002c00,1e001e000400d8ffdeffeeff040044003600eaff0c00eeffeeff10000600f6ff,ceff5800f8ffcafffcfffcffe4ff24000c91be5086621092eace7e6260ec28cf
3002,3002,0,0a001a0000001000e2fff2fffcff0c00caff0c00eeffe2fe1200e4ff0e00eeff,d4ff0200eaff0c00e2ffe2fffafffafff2ff0400e8ff16002c000c001c00fcff,fcff1e00f6ff04001000eeff0400f4ff080046000c00feff0000deffe6ffe6ff,10001000caff06000e00dcffd4ff14000ecf846294ecf2cdce4f5ced4291c050
3003,3003,0,0a00ecff1000ceffe2ff10000c00fcff1c002c00eeff2c00020002001e00feff,f4fff4ffeafffaff10002e00faff4a0036000400160006000c000c000c001c00,dcfffcfff6fff6ff0000000004001400faff1800feff0c000000eeff06002600,3000ceffdaff06000e000e00f4ff14002e508cec1092ce51fe621291a0ce7c62
3004,3004,0,fcff0a00eeff00001000f2ff0c000c00cafffaffeeff1c00f4ff02005e000e00,e4ffe4fffafffaff2e0020000a000a00e2ffe2ff160046001c00faffdcff0c00,1e000e00f6ff14000000eeff24000400fafffaff1c00feff1000eeff1600f6ff,0000eeff1600f8ffdcff0e001400e4ffd4620c91e2cce662dced2ace305006ed
3005,3005,0,1a00fcffeeffeeff00001000fcff1c001c00faff1c00f2fe1200f4ff0e004e00,0200f4ffeafffaffe2fff2fffaff1a0024000400360036000c00faff0c00fcff,0e002e00f6ff1400ceff1000e4ff140018004600feff1c0000000000f6ffd6ff,eeff10001600daffdcff0e002400f4ffccec6eceee5004ed22919e4f18636291
3006,3006,0,ecff1a00eeff10000000f2fffcfffcfffafffaff0c00e2fef4ff0200eeff0e00,e4fff4ff1c000c003e000000eaffeafff2ff0400f8ff36002c000c00fcff0c00,dcfffcff040014000000eeff14000400faff28002a000c001000eeffe6ff0600,eeff10000600daff1e00fcffb4ff14001c91684f366310920ace6e63a6ede0cd
3007,3007,0,fcffdcff0000deffe2ff20000c000c00faff0c00feffe2fef4ff12000e000e00,e4fff4ff0c00faff2000e2ffdaffeaffe2ff04001600e8ff1c002c00ecffecff,2e001e00f6fff6ff30001000f4ff0400daff2800eefffeff0000eefff6fff6ff,eeffeeffe8ff16001e00ecffb4ff240062cd546384ed22cc3e4f5ceeb291904f
3008,3008,0,fcffecff00000000f2fff2ffecfffcff0c001c002c00ceffe4ff12000e00feff,f4ffe4ffeafffaff200020000a000a000400e2fff8ff46002c00fafffcffdcff,0e00fcff0400f6ffeeffeeff04001400faffdaff0c00eeff00002000f6ff1600,1000deffcaff06001e00ecff2400e4ffe84e5cee30928e50f063629160cd6863
3009,3009,0,0a00fcff0000eefff2fff2fffcfffcffdaff2c00eeff1c00f4ff1200eeff0e00,020002000c00faff200010001a001a001400f2ff360036002c001c00fcff3c00,1e001e001400f6ffbcff000014000400daffdaff0c001c00eeffdeffe6fff6ff,1000deff1600e8ffdcff1e002400f4ffe6636c91b2cb56631cef0acdd04ee0ee
3010,3010,0,dcff0a00100000004e00f2ff0c00fcffcaff0c00eefff2fee4ff0200eeffdeff,f4fff4ff1c002c001000d4ff0a00eaff0400f2ff160016001c00faffdcffecff,0e002e00f6ff04000000eefff4ff0400ccffdafffefffeff00002000f6ffd6ff,ceff00001600f8fffcff1e00e4ffa4ffbceee2ccf84fa0ee82911e4ee863b291
3011,3011,0,fcfffcffceffdeff1000e2ff0c00ecff0c00faff0c002c000200e4ffeeff0e00,f4ffe4ff0c000c00f2ff4c000a00fafff2ff0400c8ffe8ff0c000c00ecffecff,fcff1e00140004001000eeff0400f4ff2800eaff1c00feff000000000600f6ff,deff1000f8ffdaff0e003000c4ff04009c91d84e346460929acc7e63a0efc0cc
3012,3012,0,fcffecffceff0000e2ff2000ecfffcffdafffaff0c00f2fe1200e4fffeff0e00,020012001c00faff2e00f2ff1a000a0014001400060016001c001c00ecffecff,0e001e00f6fff6ffceffeeff34002400180036000c00feffeeff0000f6ff0600,00000000daff46000e00fcfff4ff0400decb8a6430eff4cabe4d90f0d2914a4e
3013,3013,0,fcffecff10000000f2ff1000fcfffcfffaff1c001c001c00f4ff0200eefffeff,02002200fafffaff200010000a001a00140004002600e8ff0c000c00fcfffcff,0e001e000400e6ffeeffceff24001400280018000c000c00ceffdeffe6ff0600,1000eeffdaff16000e00aaff24002400cc4d62f0e692d24c70640291c8cb4864
3014,3014,0,fcfffcff0000100010000000ecfffcff1c002c000c001c00020012002e000e00,f4ffe4ff1c000c00f2ffd4ff0a00faffe2fff2fff8ffd8ff0c00faffdcffdcff,dcffecff040004000000ceff0400f4fffaff2800feff0c00deff1000f6ffd6ff,eeffceff16000600ecfffcfff4ffd4ff9a649c91fcc9546480f09acbe04d20f0
3015,3015,0,fcffecffeeff1000200000000c000c00faffdaff1c01deff020002002e00feff,e4ffe4ffeaff0c00d4ff3e00fafffaff0400f2ffe8ffc8ff0c002c000c00fcff,9cff0e00f6ff04001000eeff04001400eaff36000c00eeffeeff00000600e6ff,beffeeff4600daffcaff30002400f4ff3ef18ccaa24c40f082914e4db0641292
3016,3016,0,ecfffcff10001000f2ffe2ff0c00ecff0c000c00feff0c0002003000feff2e00,e4fff4ff1c000c00e2ffd4ff1a000a00d2ff1400e8fff8ff2c001c00ecffccff,0e00fcfff6ffe6ff1000deff140014004600faff1c002a00deffceffd6ff1600,deff10000600caffdcff0e00d4ff4400dc916c4da464169338cac064aaf158cb
3017,3017,0,1a001a0020003000e2ff0000fcff0c000c000c002c00ceff0200f4fffeffdeff,d4ff12000c001c00f2ffd4ffeafffafff2ff1400540016000c000c00ecff1c00,fcff0e00f6ff140010000000f4ffd4fffaff36000c000c00deffeeff1600f6ff,10001000e8ff06001e00caffe4ff24007ccafa64c0f05cc9ce4c30f12292e04c
3018,3018,0,fcfffcff00001000f2ff0000fcffecfffafffaff0c000c001200e4ffeeffeeff,f4ffe4ffeafffafff2ff2e00eafffaffe2fff2fff8ff26002c00faffdcffecff,0e001e000400f6ff000010002400f4ff36001800feff0c0020001000f6ff0600,1000ceffdaff16000e00dcff04000400dc4c8ef1f692f44bd06436924ccaf064
3019,3019,0,dcffdcff10000000f2ffe2fffcfffcfffafffaffeeff0c002200f4ff0e00feff,f4ffd4ff0c00eaffd4ff2e00eaff0a00f2ffe2ff0600f8ff1c002c00fcffccff,0e00fcff1400f6ff1000000004000400fafffaff0c00eeff0000defff6ffe6ff,0000defff8ff1600ecff40005400f4ff7a65dc911ec80465a4f238cac04c0af2
3020,3020,0,1a00fcffceffdefff2ff1000ecfffcff0c000c000c00e2fe0200f4ffeeff0e00,02001200faffeaffd4ff2e005a00faff140024000600e8ff0c000c00ecffdcff,fcfffcffe6ffd8ffeeff1000f4ff0400faff36000c000c00eeffdeff16000600,eeff10001600caffdcff30002400c4fff8f282c9e44adcf1d291be4b60650292
3021,3021,0,2a003a0000000000f2ffe2ff0c00dcff0c000c002c001c003000e4ffeefffeff,d4ff02000c00eaff3e00d4ffeaffcaff1400240036005400faffeaffacfffcff,8cff0e0004000400eeffeeffe4ff0400eafffaff1c002a00eeffeeffe6ffe6ff,deff20000600e8ff0e001e00f4ff44005692284c5465169394c9406506f3ecc8
3022,3022,0,fcffecffdeff0000000010001c000c001c00faffeeffeefff4ff1200feff0e00,0200f4ffeaffeafff2fff2ff1a00faffd2ff04001600e8ff3c00faffdcffdcff,0e001e0014000400100020001400040036000800fefffeff0000100016000600,10001000daff54003000fcffe4ff1400d2c8aa6592f2fec7ce4be6f37292c84b
3023,3023,0,0a00dcffeeff0000000010002c000c000c00eafffeffe2fe1200f4ff1e002e00,e4ffc6fffaff0c002e002000faff1a001400f2fff8ff26001c002c00ccffecff,fcff0e00f6ff0400eeffeeff34005400eaff2800feff0c00eeff2000f6ff1600,0000deffdaff1600ecffecff04004400684b88f36693a44a4e66d29172c8e065
3024,3024,0,fcfffcffeeffeeffe2fff2ff0c001c00faff0c00eeffeeff02001200deff0e00,f4ffe4ffeaffdaffd4ff20000a001a001400f2ff46002600faff0c000c00ecff,0e00ecff0400f6ffdeffeeff140014002800dafffeff0c00ceffeeffe6ff3600,0000000016000600dcff0e0034002400466676925ec7646566f490c7184b76f4
3025,3025,0,fcff0a0010000000f2fff2ffecffecfffaff0c000c00feff2200f4ffeeffeeff,e4ffe4ff1c001c00f2ffd4ff0a000a00f2ff2400060036001c00cafffcffccff,0e00fcfff6ff2200eeffeeffe4ff0400faff08002a002a00000000000600f6ff,beff00006400daffecff1e0004000400e4f492c8044a22f54892ae4b10669292
3026,3026,0,fcfffcff10002000f2ff0000ecff2c000c00fafffeff0c00220002000e000e00,e4ffd4ff0c000c002e00f2ff0a00faff0400f2ff3600f8ff2c00eaffecff0c00,0e000e00f6ff1400000010002400f4fffafffafffeffeeffdeffdeffe6ff1600,deff0000f8ffcaff1e00fcff040004007692364b3266749324c88e66fef402c8
3027,3027,0,fcffecffeeffdeff100020000c00fcfffaff0c001c000c00300012000e000e00,0200f4ffeaff1c002e00e2fffafffaff0400f2ff3600f8ff4c00eaffdcfffcff,fcff0e00f6ff14000000100004002400faffeafffeff1c00eeff000006002600,00000000daff16001e00caff040024006cc7466680f67ec61e4a76f4e2922c4a
3028,3028,0,fcfffcff20000000e2ffe2ff0c000c000c001c001c00eefff4ffe4ff0e008c00,02001200daffcafff2ffd4fffaff1a00f2ff14002600f8ff1c001c00fcff1c00,1e000e0004001400eeffdeff14001400280036001c000c00ceffeeff16002600,6800deff06004600ecffdcff14002400fc49c4f584933049ae66889218c71267
3029,3029,0,fcfffcff20002000f2ff00000c00ecffdafffaff1c01eeff120012000e00feff,e4ff02000c002c000000f2ffeafffaff04001400160026002c00faffdcff0c00,fcfffcfff6ff14000000eeff04001400faff28000c002a002000defff6fff6ff,0000ceff36004600dcff1e001400e4ffe666e692d0c5826646f6e0c6cc499ef5
3030,3030,0,fcffecffeeff100000000000ecfffcff1c00eaff2c00eeff3000f4ffeeff0e00,0200e4ffdafffaff2e000000faff0a00f2ffe2ff060026001c000c000c000c00,0e000e000400f6ff000020002400140008001800feff0c0020000000e6ff0600,beff00004600daffdcff1e001400d4ffb0f6dcc6c048e0f688922a492267c292
3031,3031,0,0a000a00ceff00000000f2ff1c00fcff0c000c00eeff0c0002001200eefffeff,1200f4fffafffafff2ff2e00eafffafff2ff0400360046000c000c00ecfffcff,0e000e00e6ffe6ff0000deff24002400eafffaff0c000c000000eeff1600f6ff,ceff3000f8ffdaff0e000e00e4ff0400e6925c49c066b49358c5de66bef650c6
3032,3032,0,0a00fcff0000eeffe2ff0000fcff0c00faffdaffeeff1c0030005000eeffdeff,1200d4fffafffaffd4ff2e00daff0a0014000400260026000c000c001c00fcff,1e002e00f6fff6ffeeffeeff140004002800eaff1c00eeffeeff0000f6ff1600,00002000cafff8ff3000dcff04006400d0c5f666aef770c5b8483af85e932c49
3033,3033,0,ecfffcffeeff0000100000000c00dcff0c00faff1c00eeff40000200eeff1e00,e4ffe4ff0c000c002e002000eaff0a00f2ff1400260064000c000c00ecff0c00,1e001e001400f6ff0000000004001400eafffaff1c002a002000200026000600,2000ceff060054003000caff0400f4ff9c4830f7b4930e487e67089390c58267
3034,3034,0,fcffecff000000000000e2ff0c00ecffdafffaffdefffeff400040001e00ceff,0200f4ffeaff0c00e2ff20000a00eaffd2ffe2ffe8ff26001c002c00acfffcff,0e00fcfff6ff04000000eeff1400f4ff0800daff0c001c00eeffeeff0600e6ff,0000eeff1600daffdcff1e005400f4ff76673693b2c4e066b6f708c4324886f7
3035,3035,0,dcfffcff0000cefff2fff2ff1c00fcffdaff0c001c00eeffc6ff50002e001e00,1200f4ffdaffdaff20003e00faff1a00f2ff0400060016000c000c00fcff1c00,1e00fcff0400f6ff0000eeff040024000800eafffeffeeff000000001600d6ff,deff00004600cafffcff1e002400040016f860c53e476ef80893c44792676e93
3036,3036,0,0a002a001000100000001000dcfffcff2c006c00deff1c0012000200cefffeff,020012000c00fafff2ffe2ff0a00faff1400f2ff460036000c00faffccffecff,0e000e000400e6ff0000000004001400280008000c000c000000000016001600,ceff68000600caffecff0e00e4fff4ff56936c485067149408c4be67c8f830c5
3037,3037,0,1a00fcff000010002000f2ff0c000c000c001c00feff2c0050003000aeffeeff,e4ff12000c000c000000f2ffeafffaffe2ffe2ff460016001c00eafffcffecff,fcff1e0014001400deff0000140004001800fafffefffeffeeffceff0600e6ff,10001000daff16001e00ecffc4ff2400f0c4bc67a6f922c444473af89e93c247
3038,3038,0,fcfffcff00000000100030001c00ecfffaff0c000c00eeff22002200feff2e00,f4ffe4fffaffdaff2000f2ffeaffeafff2ff1400360016000c000c00fcffdcff,dcff1e00f6ff04001000eeff240014000800fafffeff0c00eeff20001600f6ff,5800eeffdaff16001e00fcff140014007647d8f84494de46ce67789338c4f267
3039,3039,0,0a00ecffdeffeeff00000000ecff1c000c00faffeeff0c00f4fff4ff1e00ceff,12000200faffcaffe2ffe2ff0a000a00f2ffd2ff260036000c000c00ccfffcff,0e000e00e6ff04000000100014001400180028000c000c00eeff00000600e6ff,1000cefff8ffe8ffecff0e00440004001c68669332c370676af918c4f24638f9
3040,3040,0,2a00fcff10000000f2ffc2fffcff1c00faff1c002c00eeff220002002e00feff,f4ff1200eaff1c00f2ff3e000a001a00f2ff040036002600fafffaffdcff0c00,0e002e0014000400eeff000004001400fafffaff1c000c00deff0000e6fff6ff,ceff00004600caffdcff1e00f4ff340022fad0c210463afa489334465268ce93
3041,3041,0,0a00ecffdeff00001000e2fffcff0c002c00daffceff2c000200e4ff2e00eeff,f4fff4fffafffaff20002e00eaff0a00d2fff2ff060036002c000c00dcffccff,0e00fcff0400f6ff000020001400f4ff180036000c002a00eeff00000600f6ff,deff2000e8ffcaff1e001e00e4ffe4ffb693a6463068049566c2226818fa68c3
3042,3042,0,dcffecffeeff0000100010000c000c00eaff0c00feffeefff4ff1200fefffeff,120012002c000c002e00f2ffeafffaffe2fff2ff060026000c000c00fcfffcff,0e00fcff04000400eeffdeff24002400faff18000c001c000000deff2600f6ff,0000eeffdaff16001e00ecff0400340060c25c684afb72c21446befaee93c246
3043,3043,0,fcfffcff00000000f2ff10002c001c00fafffaff4c00e2fed4ff5e001e000e00,0200e4ffeaff0c000000e2ffeaffeaff1400f2ff360006000c001c00fcfffcff,3e000e000400f6ff1000eeff24000400faff2800eeff1c00eeff00000600f6ff,3000ceffcaff1600fcffecfff4ff24004646c2fae4942245526898938cc29268
3044,3044,0,0a000a0000001000f2fff2fffcff0c001c000c002c000c0002001200feffceff,12000200eafffaff0000f2fffaff5a00140004003600e8fffafffaffccffecff,fcff2e00040014002000eeff14001400280056000c00feffeeffeeff0600e6ff,0000eeff2400f8ffdcff1e002400b4ffac68b69370c12068eefa52c18045a8fa
3045,3045,0,fcfffcff2000eeff0000f2ffecff0c00fafffafffeff0c0050004000eeffeeff,0200f4ff1c003c0020002e000a00faff0400e2ff3600e8fffafffaffecffacff,1e002e00f6ff04001000eeff2400f4ff2800eaff0c00feff300000000600d6ff,ceffeeff1600daffecff30001400e4fff2fa10c2f2440afcda930446cc683e94
3046,3046,0,ecffecff0000eeff1000f2fffcfffcff0c000c000c000c0012004000eeff0e00,f4ffe4ffeafffaffe2ffe2ff0a000a001400f2ff0600f8fffaff1c00dcff0c00,0e000e00f6fff6ff00001000040024002800faffe0fffeffeeff0000f6fff6ff,ceff10000600daff1e000e0014002400f6938a452269d494c2c0f268cafbecc1
3047,3047,0,1a00bcff0000eeff1000e2ff0c00ecff0c000c00deff0c0030005000eeffeeff,120002000c00faff00000000faff5a000400f2ff1600f8ff2c000c00ecffdcff,fcff1e00e6fff6ff2000eefff4ff0400daffdaff1c00eeffeeffdeffe6fff6ff,00001000daffe8ff1e00ecff14003400e6c0dc6828fdd0c0b6448efb5e941045
3048,3048,0,1a00fcff00000000e2ffe2fffcfffcfffaff0c000c00fefff4ff0200deffeeff,e4ff12001c00faffe2ffd4ffeaff1a00f2ff140026000600faffeaffdcffacff,1e000e00f6ff2200eeffeeff140004000800faff1c001c00eeffeeff0600e6ff,1000eeffdaff4600fcffcaff24000400aa44b4fc54952244e2687a943cc14c69
3049,3049,0,0a00fcff0000000000000000fcfffcffcaff0c00c2fe0c00020002000e000e00,1200f4ffeafffaff0000f2fffafffafff2ffe2fff8ff0600eaff1c00ecff0c00,0e001e00f6ff14001000000014002400faff0800feff0c00deff2000f6ffe6ff,1000deff06001600ecff1e00440004002c69169480c0126910fd82c068448afc
3050,3050,0,fcfffcff000010000000f2fffcfffcff2c001c00feffe2fe1200f4ff0e002e00,1200f4fffaffeaffd4ff4c00fafffaffd2ff040026005400faff0c00dcffacff,0e000e00f6fff6ffeeff100014001400180018000c00eeff0000eeffe6fff6ff,beff00000600baffecff30001400040044fde6c0744348fd8a94c6435c69e694
3051,3051,0,0a00fcff00000000f2ff10001c00dcff0c000c00eeffeeffe4fff4ff1e00feff,02000200faffdaff2e000000eafffafff2fff2ff360054000c001c00fcff1c00,2e000e00140014001000100034003400daffdaff0c000c00deff0000e6fff6ff,00003000f8ffdafffcff0e00e4ff1400749432430269a49562c0526962fdacc0
3052,3052,0,1a001a0000000000e2fff2fffcff0c00fafffaff1c002c0030003000eeff2e00,30002200eaff2c002e00d4ffdafffafff2fff2ff0600f8ff0c000c00ccffccff,fcff3e0014001400000000001400f4ff080036002a001c0000001000f6ff1600,deff1000daff06001e00ecffd4ff240016c08e6918fe70bfd442b0fe1695b843
3053,3053,0,0a00ecff0000eefff2fff2fffcffdcff0c00eaffeeff0c0012002200eefffeff,f4ffd4ff1c00eaff2000f2ffdafffaffe2ffe2ff360026002c000c000c00ecff,0e00dcfff6ff040020000000f4ff140028003600feff0c002000eeffd6ff0600,1000deff060006003000ecff24004400e24260fea495f44272699a947abfbc69
3054,3054,0,fcfffcffdeff00001000e2fffcffecffcafffaffe2fe0c0012002200eefffeff,f4fff4ffeaff1c00e2ff2000faff0a000400040036000600faff0c000c000c00,dcff0e00e6ff0400deff00002400f4ff36004600d0fffeffceffceff06000600,ceffeeffe8ffe8fffcff40004400f4ff8e69d494d2be5269f0fefebebc4202fe
3055,3055,0,0a001a00eeff00000000f2fffcfffcfffaffdaff0c00eeffe4ff1200feffeeff,e4fff4ff0c00faff3e00f2ff0a00faff040004000600f8ffcaff1c00dcfffcff,0e003e00f6ff14001000deff14000400eaffdaff1c001c00eeff00001600f6ff,eeff00000600f8ffecff1e002400e4ff50ff50bf244266ffda94b4421c6a4695
3056,3056,0,ecffecff00001000000000001c000c000c00fafffeffeeff12000200ceff0e00,f4ffe4ff0c000c00f2ff2000eaff0a00f2ffd2ff360026002c002c00ccff0c00,0e00fcfff6ff0400ceff100024002400eaffccff0c00feff00001000e6ff1600,ceff58000600cafffcfffcff04001400c4942242c66914961ebe366a7aff2abf
3057,3057,0,1a000a00ceffeefff2ff0000fcfffcfffaff0c00eeffdeff40002200eeffceff,e4ff1200fafffaff2000d4ffeaff0a00f2ffd2ffd8ff06000c000c00fcff0c00,0e00fcffe6ffe6ffeeff000004001400080028002a000c0010002000f6fff6ff,00000000caffe8ff1e00ecffd4ff440050be186a0400c2beb04100ff76959c42
3058,3058,0,1a00fcffeeffeefff2fff2ff1c00ecff0c000c00deffceff020002000e00eeff,1200d4ff1c00eaff200020001a000a000400d2ff360026000c00eaff0c00bcff,1e001e000400e6ff000000000400f4ff0800eaffeeff1c000000200006002600,2000ceffcaff46001e00ecff04001400124218003496e441366a5a95a2be1c6a
3059,3059,0,0a000a0000000000f2fff2ff0c000c000c000c002c002c001200e4ffceff2e00,e4ff12000c001c00e2ffe2ff0a002a0004000400460036000c001c00fcffdcff,1e002e000400f6ff0000000004001400daff08000c001c00eeff30001600f6ff,1000defff8ff0600baff0e00f4ffd4ff186aa29514bef66986006ebe8c41eaff
3060,3060,0,0a00fcff00000000e2fff2ffdcff0c000c001c00deffeeff02001200deff1e00,d4fff4ffeaffeaffd4ff2e001a000a00e2ffe2ff36005400faff0c000c00fcff,0e00fcff0400f6ffdeff000004000400faff08002a00feffdeffdeff06002600,deff10004600cafffcff5000f4ffc4ffb800b4bdfe40e4004a9580409c6ad695
3061,3061,0,bcfffcffeeff000020000000fcff1c00daff1c000c00cefff4ff3000feffeeff,e4fff4ff0c001c00000010001a000a00e2fff2ff260006000c003c001c00dcff,1e002e00040014000000eeff0400040018003600eeff1c00eeffeefff6ff2600,deff10001600f8ff0e001e00e4ff14003e960841766a6296febc466acc00d2bd
3062,3062,0,fcfffcffeeff00001000f2ffecffecff0c002c00e2fedeff02001200eeff0e00,f4ffe4fffafffaffe2ff00000a000a00f2ff0400460036000c000c00dcffecff,2e00fcff040004000000deff14001400eaff28000c000c000000eeff2600f6ff,eeff1000f8fff8ff3000ecfff4ff240034bd486a540174bd9040b601d695a240
3063,3063,0,fcffdcff2000defff2fff2fffcfffcff0c000c001c00eeff12003000fefffeff,e4fff4ff0c00eaff2e00f2fffaff0a0014000400460026002c00faffecff1c00,0e000e001400f6ff0000eefff4ff0400bcff0800fefffeff2000eeff1600f6ff,1000ceffe8ff16000e00ecfff4fff4ff1840a80182961a40b66a7a95f2bcd86a
3064,3064,0,fcffecff00000000e2ffe2ffecffdcff0c000c00eeffeeff12002200eefffeff,e4ff1200faff0c002e00e2ff0a000a0014001400f8ffd8ffeafffafffcfffcff,2e009cff04000400eeff0000140004001800faffeefffeff00002000f6fff6ff,0000ceff0600f8ffdcfffcff3400d4ffe86a4e9636bc766a2a023ebcda3fec01
3065,3065,0,fcff0a000000befff2fff2ffdcff1c000c00faff0c00feff12002200ceff2e00,020012000c00eaffd4ffd4ff1a001a00e2ff1400160006000c000c000c00dcff,fcff1e000400f6ffeeffdefff4ff1400360028000c00feffeeff30001600e6ff,deff10005400f8ffecff1e00040004005202b4bcea3fb802aa96ac3f186b2696
3066,3066,0,fcfffcffeeffeeffe2ffe2fffcfffcff0c001c000c00cefff4ff1200eefffeff,e4fff4ff0c000c00f2ffd4ff0a000a00f2ffe2ff360026001c002c00ccffccff,0e00dcff040004000000000004001400280008000c001c00eeff0000f6ffc6ff,ceff4800f8ffe8ff1e00fcffd4ff14009096923fa66a10973ebc066c3c023abc
3067,3067,0,fcff0a0010001000000000000c000c000c000c00eefffeff0200f4ff2e001e00,1200f4fffafffaff20002e000a00fafff2fff2ff160006000c000c00fcffccff,0e00fcff0400f6ff1000defff4fff4ff0800faff0c00e0ff00000000f6fff6ff,eeff1000daff06000e00dcffe4ff340070bbd86a260306bcac3f2a0266965a3f
3068,3068,0,fcfffcffeeff0000e2ff0000fcff0c00faff1c00e2feeeff020040000e00feff,f4ff1200eafffaffe2ffe2ff0a00fafff2fff2ff060046000c00faffdcfffcff,fcff0e000400f6ff0000000014000400eaffccfffeff1c00eeffeefff6ff1600,1000eeff160024000e00ecff34002400123fb2020097c23ee66bba96fabb286b
3069,3069,0,ecff0a000000eeff0000f2ff0c000c000c00eaff1c00feffc6ff12001e002e00,1200e4ff1c001c002e00f2ff0a000a001400360036001600eaff1c001c00ecff,1e00fcfff6ff14000000000004002400faff3600fefffeffeeff00000600f6ff,1000ceffe8fff8ffdcff0e001400f4ff386bf09666bbd66a5a034cbb723e7803
3070,3070,0,0a000a00deff00004e000000fcfffcfffafffaffeeffeeff12003000feffbeff,f4fff4fffaff0c002e00e2fffaff0a00e2ff04003600f8ff1c001c00ecffccff,0e001e00f6ff14000000deff24000400faffbcff0c002a0000001000f6ffe6ff,eeffeeff4600daffecff0e000400e4ffc203f0ba323e0604aa960c3e886bb696
3071,3071,0,fcfffcffeeff10000000e2fffcffecff0c00daff0c00eeff02001200feffeeff,e4ffd4ff0c00daff2e00f2ff0a000a000400240026001600eafffaffecff1c00,1e00dcfff6fff6ffeeffeefff4ff04002800eafffefffeff10000000f6ffe6ff,ceff2000f8ffcaff0e001e00f4ff2400f096b23ed66a70975cba066c2804c8ba
3072,3072,0,0a00ecff00001000000020000c000c00fafffaffceffeeff0200f4ffeefffeff,e4ff0200faff0c002e00d4ff0a00faffd2ff1400260026002c000c00dcffdcff,1e002e0004000400eeffeeff04002400eaffeaff1c00eeff200000000600e6ff,10001000dafff8ff1e00fcff0400140070ba186bf604c6baec3d3c05e696923e
3073,3073,0,1a000a00eeffeefff2ff10001c00fcfffaff0c000c00eeff02000200eeffeeff,22000200fafffaffe2ff20001a000a00f2ff2400160016000c002c00fcffecff,0e000e00f6ff0400deffeeff140004000800faff1c00feffeeffeefff6fff6ff,5800eeffcaff46000e00baff2400f4ff263d1805b097463d266c0a9738bab86b
3074,3074,0,fcfffcff00000000f2ffd2ffecfffcfffaff2c000c000c0012003000ceffeeff,f4ff0200fafffaff3e00e2fffaff0a000400d2ff460046000c00eafffcffdcff,dcfffcff0400f6ff1000eeff1400140008003600feff1c002000eeffe6fff6ff,eeffceff06001600fcff0e000400f4ff686b609730ba266b3c0538b9423df004
3075,3075,0,fcffbcffeeff0000f2ff0000ecfffcff0c00daffe2fefeff3000f4ffdeffeeff,f4fff4ffeaffeaff2e00d4ff0a000a00e2ff0400060064000c00fafffcff0c00,1e00fcfff6ff0400eeff00001400e4fffaffeaff0c00eeffdeff200016000600,eeffeefff8ffdaffbaff1e001400e4ff240676b9263d86058a975c3df86b4e97
3076,3076,0,ecff0a00eeff1000e2fff2ffecffecfffafffaff1c004c0030000200eeff2e00,d4ff0200fafffaff2e00e2ffeaff1a00d2ff14003600d8ffeafffafffcfffcff,1e00dcff1400f6ff1000eeff14001400080008000c000c002000eefff6ff1600,deff30001600caff0e000e00040044000698e63c966b209808b9966cb005d8b9
3077,3077,0,fcff0a0010000000e2ff0000ecfffcff0c001c002c001c0030003000fefffeff,12000200faff0c00f2fff2ff0a00faff0400f2ff260036001c002c00fcffdcff,0e000e0014001400deffeeff04002400eaff3600fefffeffeeff000006000600,10000000daff1600fcff0e0024002400e6b8b86b5206b0b90c3c5c06de97e23c
3078,3078,0,bcfffcffeeff000010001000fcfffcffdaff0c002c004c003000e4ffdeffeeff,d4ff02001c000c002e00f2ff0a001a00f2ff140054001600caff2c00fcffecff,2e00fcfff6ff14000000eeff04001400fafffaff0c00eeff10000000d6ff0600,1000ceffdaff06001e00baffe4ffe4ff763cc4068098463c966c2e9828b9086c
3079,3079,0,fcff0a000000cefff2ff2000fcffecffcafffaffeeff2c0022005e00feffaeff,0200e4ff0c000c00d4ff4c00fafffafff2ff0400f8fff8ff3c002c00fcff2c00,fcff0e00e6ff04000000eeff240004001800eafffefffeffeeff30001600d6ff,0000cefff8fff8fffcff0e004400f4ff8a6c36983ab8f66b9a07f8b8ba3b3007
3080,3080,0,fcfffcff00000000f2fff2ffecfffcff0c00faffdeffceff2200f4ffdeff0e00,12003000eaff0c00e2ffe2ff0a00faff0400f2ff060036000c001c000c002c00,ecff1e001400d8ffeeff000024000400daffdaff1c000c00deffeefff6ff0600,eeff10001600caffecff0e004400e4ffcc0726b8a63b52074e984a3b906c0e98
3081,3081,0,0a000a0000000000f2fff2ff0c000c00faff0c00fefffeffd4fff4fffeffeeff,d4fff4ffeafffaff2e00f2ff0a00fafff2ff040016003600eaff0c000c00fcff,fcfffcff040004001000000004003400daff28001c001c00deff0000e6ff0600,eeff10000600dafffcfffcfff4fff4ff5698b23a066cd09894b7c66ce00706b8
3082,3082,0,fcfffcffeeff1000200000000c00ecffeaffdaff0c002c0030001200beffeeff,f4ff1200eafffaff3e00d4fffafffafff2ff2400260026000c000c002c00fcff,dcff1e001400f6ff00001000d4ff0400faff28000c002a00eeffeefff6ff1600,eeff0000f8ff06003000ecffd4ff240016b8aa6cf207cab7fa3a7e0890985a3b
3083,3083,0,fcff0a000000000000002000fcffecfffafffafff2fee2fe1200f4ff2e000e00,0200e4ffdaffdaff20002e00fafffaffd2ffd2ffd8ff1600faff0c000c00fcff,0e002e00f6ff140000002000440004001800bcffeeffe0ffeeff3000f6ff0600,30000000acff4600fcffdcff14002400723a5c08d098a83af66cda97b6b7906c
3084,3084,0,1a002a001000100010001000ecff0c00eaff1c000c00feffe4ff30000e00feff,1200f4ff0c000c000000d4ffeaff5a002400140026002600faff0c000c00fcff,0e000e00140004001000eeff14003400eaff1800feff0c000000eefff6ff0600,0000000064001600ecff1e0044000400da6ca6986ab7866c5e0824b79e3ab208
3085,3085,0,fcff1a0020000000200010000c00fcffeaffdaff0c002c0022000200feff0e00,e4ffe4ffeaff0c002e00f2ffeaff0a001400f2ff54004600faff0c001c000c00,dcfffcfff6ff0400000000002400f4fffaff28000c000c000000deff1600e6ff,deff10001600daffbaff0e0004000400fc0850b7883a9208be984a3ad06cf098
3086,3086,0,1a00fcff200010001000f2fffcffecfffaffdaff2c002c00f4fff4ffceffdeff,0200f4ff0c000c000000e2ffeafffaff04000400540016000c00caffecfffcff,9cff0e00040014001000eeff0400f4ffdaffeafffeff1c000000deffc6fff6ff,ceff30004600f8ffecff0e00f4fff4ffe6988839266c3099b2b6f66c420926b7
3087,3087,0,fcfffcff0000000000003000dcffecffeaffdaffeeffeeffe4ff1200fefffeff,e4ff0200eaffeaff20003e000a00eafff2ffe2ff360036001c000c00fcffecff,1e000e00e6ff0400eeff200004001400fafffafffeff0c00eeff2000f6fff6ff,10000000e8fff8ff0e00fcffe4fff4ff70b6fa6c8009dab616395e093099a839
3088,3088,0,fcfffcff0000200010002000fcfffcfffaff0c00fefffeff22001200eeff1e00,f4ff0200faffeaff2000e2ff0a000a00040014003600f8fffaff0c00ecff0c00,dcffdcff04001400deffceff04001400daff28000c000c000000defff6ff2600,10001000daff0600fcffdcff240014003839f6095e995239466d4e993eb6e06c
3089,3089,0,2a002a000000eefff2ffe2fffcff0c00faff1c002c001c00f4ff12002e00eeff,1200e4ff0c00faff2000e2ffeaff0a0014000400460026000c000c00ccffecff,1e000e000400f6ff0000eeff140004001800faff0c002a00eeff0000e6ff0600,1000eefff8ff0600ecff1e00d4ff04005a6d16995eb6946c420ae4b6f838e209
3090,3090,0,acffecff000010004e001000dcffecffeafffafffeffeeff02000200deffeeff,1200f4fffaff0c001000d4fffafffafff2ff040016002600faff1c00dcfffcff,0e00dcfff6ff14000000eefff4ff0400faff08001c000c00eeff2000f6ffd6ff,ceff10006400f8fffcff0e00f4ffd4ffc60ab4b52239b00a0e994638206d4099
3091,3091,0,fcffecffceff00000000e2fffcff0c000c00eafffeffeefff4ff4000eefffeff,020098ffdaffeaffd4ff3e000a00eaff0400e2ff3600f8ff1c000c00dcffdcff,2e00fcfff6ff0400deff10001400040028002800eeffe0ffeeff2000e6ff0600,ceff20000600daff300040000400140096996838946cbe9952b5666da60b0eb6
3092,3092,0,fcfffcff200010001000f2fffcffdcffcafffaff1c002c003000e4fffeff0e00,020002001c00faff0000f2fffaff6a00040014002600f8ff0c00eaff1c000c00,0e000e001400f6ff0000000004002400faff28000c00feffeeffdeffe6ff0600,10003000daff16003000ecff0400140054b56a6d180bceb51638040c90995838
3093,3093,0,fcff0a001000defff2ff2000ecffdcffeafffaffeeffeeffe4fff4ff0e00deff,12000200fafffaffe2ff0000faffeaff2400140016002600faffcaffecfffcff,1e00fcfff6ff04000000deff2400f4fffaff0800eefffeffeeff00000600d6ff,30000000caff46000e00ecff1400f4ff1838960b0e9a8238666d3e993eb5906d
3094,3094,0,bcfffcff0000100020000000ecff0c00fafffaff0c001c00f4ff2200deffeeff,020012000c001c000000e2ffeafffaffe2ff240026001600faffcaffbcffecff,0e00fcff140004000000defff4ff1400faffccfffeff0c003000defff6ff0600,00000000f8ff3600fcfffcffe4ffe4ff7a6dc6993eb5d46ca20c62b40637260c
3095,3095,0,fcff0a00ceff0000e2ff0000ecff1c00faffdaffe2fedeff12000200deff2e00,1200e4ffdaffeaff20002e001a000a00e2fff2fff8ff26001c002c00fcffdcff,ecffdcffe6fff6ff00001000340004000800fafffefffeffeeffeeff16000600,0000eeff4600daffdcff30002400d4ff120dd4b49e37f60b8e998237a06df099
3096,3096,0,fcff0a0010000000e2ffd2ff1c00dcfffaff0c000c00feff020002000e00deff,f4ff1200faff0c00d4ffd4ff1a000a00f2ff04001600f8ff0c000c00ecfffcff,0e000e002200f6ffeeff000024000400eaffdaff0c00feffdeffeeff06000600,deff30004600e8ff1e00fcff04001400709ae236146d6e9ae2b3386e3e0d96b4
3097,3097,0,0a00fcff00001000e2ff2000ecff0c00daff0c00feff0c002200f4ffeeff2e00,12002200fafffaffe2ffd4ff0a00faff1400040006002600eaff0c00ecffccff,1e000e00040022000000000014001400faff28000c000c00eeff0000c6fff6ff,10001000f8ff06003000ecfff4ff340096b3aa6de60cbeb45236c20c409a6e36
3098,3098,0,dcffdcff0000300030001000fcffdcfffaffcafffeffdeff02002200feffeeff,e4ff0200faff0c00f2fff2fffaffdaffe2ff0400360036000c00eaffdcfffcff,fcfffcfff6ff14001000100004000400daff1800feffeeff30000000f6ff0600,eeffeefff8ff54000e00ecff44001400a6352e0e2c9b8c36186ea29a80b3b06d
3099,3099,0,2a00fcff0000eeff000030000c00fcff0c001c00eefffeff12001200feff0e00,0200f4fffafffaffd4ff2e004a000a00e2ff0400f8ff36000c000c00fcff1c00,0e009cfff6ff14001000100024001400eaffdafffefffeff3000eeff26003600,1000deffe8fff8fffcff1e003400e4fff66da09ab0b3c46c320e02b4ae35ce0d
3100,3100,0,1a00fcffeeffdefff2fff2fffcfffcff2c000c000c00eeff40000200fefffeff,1200f4ffeaffdaffe2ffd4fffaff0a00e2ff14000600f8ff1c00eafffcff0c00,0e002e00040004001000deff040014000800faff0c00feff00000000f6fff6ff,000030004600daffdcfffcff2400f4fffe0ee6b27e35d40fc29a1235f06d909a
3101,3101,0,0a002a0000000000f2ffe2ffecffdcff0c002c00deff2c000200e4ffeefffeff,12001200faff1c00e2ffe2fffaff0a00e2fff2ff360016001c000c00dcffdcff,ccff2e000400140020000000e4ff04003600faff1c00feff1000eefff6ff0600,ceff68000600cafffcff0e00e4ff0400a09a1635f46c6c9b00b3086ef80ed4b2
3102,3102,0,ecff1a00eeff0000200010000c00dcfffafffaff0c00eeff12004000eeffeeff,e4ff02000c00faff3e00e2fffafffaffe2ff1400060036001c00faffecffdcff,fcff1e001400f6ff1000eeff04000400eafffaffeeff2a000000eefff6fff6ff,00000000e8ff06003000fcffe4ff1400a6b2366eca1090b11235420fd09a3e35
3103,3103,0,fcfffcff0000eeff20001000fcffecff1c00dafffefffeff02002200eeffceff,02002200fafffaff2e0000000a000a0014001400c8fff8ff4c000c002c00ccff,0e00fcfff6ff0400eeff0000340004002800daff0c000c00eeffeeff1600f6ff,4800deffdaff7200fcffcafff4ff1400f6340e0f8c9b6e35686ee29aa4b2f06d
3104,3104,0,3a002a000000deff0000f2ff0c00fcfffaff0c001c00feffe4fff4ff2e00feff,0200f4fffafffaff0000e2fffaff0a00f2ff04002600f8ff2c001c00ecfffcff,fcff0e00f6ff04002000eeff140004000800eaff0c00feff2000eefff6ff2600,6800ceff0600f8ffdcff1e004400f4ff566e309b10b3346da20fbcb17634880f
3105,3105,0,0a002a0010002000e2fff2ffdcffecffeafffaff2c000c000200d4ff3e001e00,e4fff4ff0c00eaff00000000eafffaff140004000600c8fffaff1c00ecff2c00,0e000e0022000400100000000400f4fffaff08000c001c001000200016001600,beff00005400f8ffdcff0e002400e4ff7610ccb1d0345a11429b8234106e409b
3106,3106,0,fcffecffeeff0000000010000c000c00faff0c00feff0c00300002002e00feff,1200e4ff1c00fafff2ff3e001a00eaffd2ffd2ff060054000c002c001c00dcff,ecffdcffd8ff14000000100004000400faffeafffefffeff00005000f6ff1600,beff0000f8ff16001e001e0004002400809bd033126e0c9c7cb1986e581014b2
3107,3107,0,0a00fcff10001000f2ffc2fffcfffcfffafffaff2c00eeff30003000deff0e00,12000200faffeaffe2ffe2ff0a00faff0400f2ff160026002c00caff0c000c00,1e000e001400f6ff0000eeff24000400080008000c00feff0000eeff06000600,1000eeffcaff06001e00fcffe4ff1400ecb0766e6e12f4af4033c20f129c8633
3108,3108,0,0a00fcffeeff0000e2ff2000ecff0c003c000c00feff2c00400030000e000e00,1200f4ff0c00eaffe2ff2e00faffeaff14000400060006002c002c00fcff1c00,2e00ecfff6ff220030001000f4ff040046002800feff0c00100030000600f6ff,2000eeffdaff2400fcffecff04003400d832e6102c9cb033486e249cb4b1306e
3109,3109,0,ecff1a0010000000f2fff2ffecff1c00daff1c00feff0c003000e4ffbefffeff,e4ff22001c000c00e2fff2ffdafffaffe2ff04001600f8fffafffaffccffdcff,dcff0e00f6ff14001000eeff04001400eaff46000c002a00eeff0000d6ff0600,10000000e8ff5400ecfffcff2400f4ff566eb09b84af3a6e56112cb19a329810
3110,3110,0,fcffecff0000eeff5c00f2ffecffecff1c000c002c001c00400040003e00feff,e4fff4fffaff1c00f2ff4c001a00eaff1400e2fff8ff26002c002c00dcfffcff,fcfffcffe6fff6ff20001000140004000800daffe0ffd0ff00004000f6fff6ff,deff000046000600fcff30000400c4ff96117cb03033de12649c1032606e129c
3111,3111,0,fcffecff000010001000f2ffecff1c001c000c004c002c00e4ff0200feff3e00,0200e4ff0c00daff0000f2ffeaff1a00e2ff1400360006000c00faffecffdcff,1e000e0022000400eeffeeff14001400faff08000c00feff1000000016001600,eeff3000f8ffbafffcff0e00e4ff2400209c8e313a6e5a9cacb0686eb211bab0
3112,3112,0,fcfffcffdeff0000f2ff00001c000c00fafffaffdeffeefff4fff4ffceffeeff,f4ffe4fffafffafff2fff2ff0a00eaff1400f2ff54001600eaff2c00acfffcff,ecff1e00f6ff1400eeffeeff14001400faff28000c00feff0000000016000600,00001000caff06003000fcff040044002cb0b66e6e1374af1032da12da9c0a32
3113,3113,0,1a000a0000001000f2ffe2ffdcff0c00daff1c002c01eeffd4ff3000defffeff,e4ff02000c000c002e00e2fffaff1a0004002400360016000c000c00acffccff,8cff1e0022001400eeffdeff14000400faff28000c001c00deff0000e6ff0600,00000000daff54001e00ecfff4ffe4ff3e31d0120a9dd032986e649c5ab0706e
3114,3114,0,fcfffcff0000eefff2ff2000fcffecfffaff0c001c000c0002000200fefffeff,1200d4ff2c000c00f2ffd4ff0a00faff1400d2fff8ff64000c002c000c00ecff,0e001e00f6fff6ff00001000040014000800eafffefffeff000010000600e6ff,1000ceff06001600dcff1e002400d4ff966e7e9c56ae6a6eba1278af8431d212
3115,3115,0,fcfffcff1000eeff1000f2fffcffecffbaffdaff1c00f2fe3000f4fffeff0e00,1200f4fffaff0c00f2fff2ff0a001a000400f2ff260016000c000c00dcfffcff,fcff0e0014001400eeffeefff4ff0400ccff08000c00feff00000000f6fff6ff,deff100006000600dcff1e005400e4ff601346afe231cc14d49c4c31e26e0a9d
3116,3116,0,fcfffcffdeff0000f2ff00000c000c00fafffafffeff0c00f4ff3000feff0e00,02000200faff0c00f2ffe2ff0a000a0004000400160026002c00eaff2c001c00,1e000e00f6ffe6ffeeffdefff4ff1400faff46000c000c00100000000600e6ff,eeff30000600acffecfffcffd4ff0400a29d7e306a6e6a9d38afe86efe1350af
3117,3117,0,fcff0a001000200000001000ecff0c00eaff0c002c012c004000d4fffefffeff,12001200faff0c00e2ffe2fffafffafff2ff1400160054000c001c000c00fcff,0e00fcff1400f6ffeeff0000f4fff4ff0800fafffeff1c00eeffeeffd6ff2600,00006800f8ff16003000caffe4ff1400e6aec66e4c1546ae7c304a136a9d5a30
3118,3118,0,fcfffcffeeffcefff2fff2ff0c00fcff1c00daffeeffeeff120012001e000e00,e4ffd4ffeafffaff20002e00faff0a00e2ff1400d8ff06002c00faff0c00fcff,0e00dcffe6ff1400eeffeeff140004002800eaffe0fffeff300000001600f6ff,2000ceffdaff46001e00fcffe4fff4ff1e30cc14ba9dec30b86ed89e00af706e
3119,3119,0,ecffecffeeff00001000f2fffcffecfffafffaff2c001c01300022003e000e00,02000200faff1c00d4ffe2ff0a00eaff04000400e8fff8ffeaff1c000c00fcff,2e002e00f6ff0400deff100004001400daff18000c001c00eeffeeffe6ff0600,0000ceffe8ffe8ffecfffcff3400f4ffc66eb29d98ad8a6e2815f8aeaa2fc614
3120,3120,0,ecff0a002000000010003000ecff1c00faff0c000c003c01020002000e00feff,f4ffe4fffaff0c00000000003a00eafff2ff04000600f8ff1c001c002c00fcff,2e000e000400f6ff2000000024000400080028000c00feffeeffeefff6ff1600,eeff10001600daffcaff1e004400d4ff8c1576aebc300c16d49df82e326fea9d
3121,3121,0,fcfffcff00000000f2ff0000fcffecffdaffcaff2c00feff12002200deff0e00,f4fff4ff1c00faff2000e2fffaff0a00d2fff2fff8ff1600fafffafffcffdcff,dcff0e00140014000000deff1400f4fffafffafffeff1c0020000000d6ffd6ff,ceff10001600cafffcff0e00d4ff0400709e182f7a6ec89e38aee86ea61508ae
3122,3122,0,0a00fcffeeff0000f2ff0000dcff0c00fafffaff1c000c00020002001e00feff,e4ffe4ff0c000c00e2ff10000a000a0014000400f8ff46001c002c00fcff1c00,ecfffcfff6fff6ff0000100014000400dafffaffeefffeff10002000f6ffd6ff,eeff1000f8ff06000e00fcfff4ff0400caadc66eda1608ad742ee8168a9e4a2f
3123,3123,0,ecff1a00eeff100000002000dcffdcfffaffbaff2c002c0002004000feff2e00,02000200faffeaff20003e001a000a001400e2ff1600f8ff0c001c00dcffecff,fcff0e00f6ff0400eeff1000a4ff1400eaff0800feff0c00eeffeefff6fff6ff,2000eeffbaff16000e00ecff04001400682e18168a9ee62f286fa49d98ad326f
3124,3124,0,0a00fcff2000eeff10000000fcff0c001c000c000c000c00020022003e00feff,120002000c000c00d4ff2e00faff0a00f2ffd2ff060016000c00fafffcffdcff,0e001e0014000400eeff000004003400faffccff0c00feffceff10000600f6ff,2000defff8ff0600dcff0e001400d4fff66ed09e58ac8a6ea81658ad382ea616
3125,3125,0,fcff0a0020000000f2ff1000ccfffcfffaffcafffeff0c0012004000feff1e00,d4ff02000c001c000000f2ffeaff0a00f2ff140036002600caff0c002c000c00,9cff0e00f6ff04001000eeff14000400eaff0800feff1c00deffceffd6fff6ff,ceffeeff5400e8ffdcfffcfff4ffe4fffa166aade82ea817889f042e326f7a9e
3126,3126,0,2a003a00000010000000f2ff0c00ecff0c000c00eeff0c00020002000e001e00,f4ffd4ff1c00eaff3e0000000a000a00f2fff2ff360036001c001c001c001c00,fcff0e00e6fff6ff00002000040014000800faff1c000c00eeff3000e6ffe6ff,000010001600e8ff0e001e00f4ff0400409f7c2daa6e089f28ad486f0e1748ad
3127,3127,0,fcff1a000000100020001000ecff0c00fafffaff2c002c00120002000e00feff,2200f4ff1c001c000000e2ff1a00faff0400f2fff8ff1600daffeafffcffecff,0e002e00e6fff6ffeeffeeff2400f4ff0800faff0c00feff000000000600f6ff,00001000daff16001e00fcff04001400f8ac066f4818c8abb42c5817329f482d
3128,3128,0,fcfffcff10000000e2ff1000ecffccffdafffafffefffeff02002200fefffeff,f4fff4ff0c000c002000e2ff0a000a00f2ff04003600f8ffdaff0c00fcfffcff,1e000e0004001400100000001400f4ff0800faff1c00eeffeeffdefff6fff6ff,2000deffe8ff16000e00fcff24001400ca2c8a17569f882e186f3ca0e8ac626f
3129,3129,0,fcfffcffeeff0000f2ff0000ecffecff1c00faff0c00eeff120012002e00feff,f4fff4fffaffeafff2ffe2ffeaff1a00f2fff2ff2600f8ff1c00caffecffdcff,fcff0e000400f6ff1000deff04000400ccfffaff0c00feff0000eeffe6ffd6ff,eeffeefff8ff1600fcff1e002400d4ff066f909f00abba6e5c1888aca82cbe17
3130,3130,0,fcff1a000000000000000000ecff0c001c00eaff0c00eeff12004000feff0e00,02001200eaffeaffe2fff2ff0a00faffd2ff04003600f8ffeaff0c00ecff1c00,fcff1e00040014000000deff24000400ccffccffeeff0c0010002000f6ff0600,eeffeeff4600f8ffecff30002400d4ff801834acc82dd8186ca0b42b826fd29f
3131,3131,0,ecfffcff00000000f2fff2fffcffdcff0c00faffceffdeff40000200feffeeff,0200e4ffeaffeaffe2ff2e000a00faffe2ff0400e8ffe8fffaff0c002c00dcff,fcfffcfff6ff14001000100014002400faff0800feff0c000000eeff0600f6ff,deff30001600daff1e001e00f4ff040036a0162cba6e969ff8ab486fe018e0ab
3132,3132,0,0a000a00eeffeefff2ff10001c00fcfffaffdaff0c00eeff300012000e00eeff,f4ff30001c000c00e2fff2fffafffaff0400f2ff060036000c000c00fcff0c00,1e003e0004000400eeff100024000400fafffaff1c000c000000eefff6fff6ff,10002000060016001e00caffc4ff1400b4ab266fd01972aa942b4c1912a0e02b
3133,3133,0,fcff0a00eeff000020000000ecff0c00faffcaffdeff2c01e4ff0200feffeeff,e4fff4fffafffaff2e00e2ff0a00eafff2ffe2ff1600f8fffaffeafffcffdcff,0e001e0004000400eeff0000040014001800bcfffefffeff4000eeff0600f6ff,2000eeffdaff64000e00dcff040004009e2a701906a0882da86fbca050ab826f
3134,3134,0,0a001a0000000000f2ff0000dcffecffdaffdaff0c00feff02000200eeffeeff,f4fff4fffaffeaff0000e2fffafffaffd2ffe2ffe8ff0600fafffafffcffecff,0e000e0014001400eeffeeff14004400eaffccff1c002a000000eeff0600f6ff,0000cefff8ff24000e001e0024000400666f86a012aada6e301ab6aaa42a6019
3135,3135,0,0a00fcffceff20000000f2ffecfffcfffaff0c001c000c00e4ff1200feffeeff,020002000c000c00f2ffe2ff0a000a00e2fff2ff060036003c00eaff1c00fcff,1e001e00f6ff04000000deff04001400eaffdaff0c000c002000100016001600,000000001600daffdcff0e001400c4ff4a1a94ab882db41a2ca1842ba26f42a0
3136,3136,0,0a00ecff0000eeff20002000fcff1c00faff0c002c001c000200f4ffdeffeeff,f4ff02002c000c00f2fff2fffaff1a0004001400f8ffd8ff0c000c00ecff0c00,2e001e000400f6ffdeff3000f4fff4ffeaffdaffd0ffeeff00001000d6ff1600,beff6800f8fff8fffcff1e00f4ff0400f6a00e2ada6e16a076aaa86fb01ae4aa
3137,3137,0,fcff0a00eeff1000e2ff1000fcfffcffcafffaff0c002c00f4fff4ff3e00eeff,f4fff4fffaffeaff0000e2ff0a00fafff2ff1400060006000c002c00fcffdcff,1e001e00140014000000100004000400dafffaffeefffeff000010000600f6ff,eeff0000f8fff8ff1e000e00d4ff240064aa766f841b92a99029a01a04a1e429
3138,3138,0,fcffdcff10001000d2ff10001c000c00dafffaff1c00feff0200f4ffeeffeeff,f4ffd4fffafffaff200020000a001a0024000400e8fff8ff1c001c00ecff1c00,fcff2e00f6ff0400eeffeeff04001400daffeaff0c001c001000000016001600,10000000baff4600fcffcaff040024007429ca1ab6a0882d886fdca174aaa26f
3139,3139,0,1a001a001000eeff00000000dcff0c00faffdaffeeffeefff4fff4ff0e00eeff,e4ffd4fffaff1c00e2ff20001a000a00f2fff2ffd8ffc8ff1c000c00fcff1c00,0e001e00f6ffe6ff0000deff340024000800eaffeefffeffeeffeeff1600f6ff,3000eefff8ff0600ecff0e00e4fff4ff566f06a1f2a8ea6ec21b86aa6429a21b
3140,3140,0,0a000a001000000000001000ecffdcff0c000c00eeff0c0012000200feff0e00,e4ffd4ff0c000c00f2ffd4ffeafffafff2fff2fff8ff36002c000c00fcffdcff,0e000e0022000400deff000014001400080028000c001c00eeff0000f6ff1600,100000004600f8fffcff1e001400e4ff8a1bbaa94c28d41cbca11028b26f34a1
3141,3141,0,fcfffcff100030000000e2fffcfffcff0c000c002c002c00300012001e001e00,f4ff02000c000c00c4ff3e001a000a00e2ff0400640036000c001c00ecff0c00,dcff2e00f6fff6ff10000000f4ff1400daff4600feff1c0000000000f6ffe6ff,deff20004600daff0e00fcff0400140096a1a428fa6ea6a152a9886f121ce4a9
3142,3142,0,fcff0a0000001000f2ff00000c000c00faffdafffeff0c00f4ffd4ff0e00feff,0200d4ffeaffeaffd4fff2ff0a00fafff2fff2ff2600f8ff3c000c00ecffccff,1e00fcff140004000000100024001400faffeafffeffe0ff1000eefff6fff6ff,10001000f8fff8ff3000fcffc4ff04004aa9766f541d72a89c27121db4a1e428
3143,3143,0,fcfffcffdeff00001000f2ffecffecfffafffaff0c002c00d4ffd4ff1e001e00,02001200faff0c00f2ffe2ff1a000a00d2ffe2ff160046000c000c00bcfffcff,fcff0e0004000400eeff1000140014000800faffeefffeffeeffeeff1600f6ff,2000eefff8ff46003000dcfff4ff240004280c1db6a1ac27786fbca134a9c26f
3144,3144,0,0a000a001000eeffe2ff00000c00ecff0c00faff2c00ceff0200f4ff0e002e00,1200f4ffeaff2c00000000000a00fafff2fff2ff3600e8ff1c002c00dcfffcff,0e00ccff040014000000deff2400f4ffeaffccfffefffeff0000eeff0600f6ff,1000defff8ff16000e00ecff2400f4ffbc6f30a252a8ea6ee21ca2a8ea274a1d
3145,3145,0,fcff0a00deffdefff2ff0000fcffdcff0c00daff0c000c001200e4ff0e002e00,f4ff1200faff0c00f2ffd4fffafffaffe2fff2ff06000600eaffeaffecffdcff,0e00fcff140014000000100014000400faff2800eefffeff00000000f6ffe6ff,deff00004600f8ffdcff3000340004003a1edaa84c26501e20a34c27c26f54a2
3146,3146,0,1a00fcff1000deff100000001c000c00fafffaff2c002c00120002000e002e00,f4ffd4fffafffafff2ff0000daff0a000400e2ff0600f8ff0c00caffccff0c00,1e000e00140014000000000014001400eafffaffd0fffeffeeff000006002600,deff20004600baff1e004000e4ff0400a0a21e270a6f34a282a8886fea1dbaa8
3147,3147,0,1a00fcffeeff1000100020000c00dcffeaffcaff2c01deffe4fff4ff0e00deff,020022000c000c00f2fff2ff1a00fafff2ff140026002600fafffaff0c002c00,2e00fcff1400f6ff1000deff14002400080028001c00eeffdeffeeffe6ff1600,000010000600e8ff3000fcff040044003aa8766f601e94a79c26521dc4a24a27
3148,3148,0,0a000a00eeff1000f2ff00001c00fcfffaff0c001c000c00d4ff12000e00eeff,e4ff1200faff0c00f2ff0000dafffafff2fff2ffc8fff8fffaffeafffcfffcff,0e00fcff04000400deffeeff0400f4ffdafffaff0c001c000000eeff16000600,6800deffbafff8ff1e000e00240024003e266a1ef4a22c26a86f80a34aa8e26f
3149,3149,0,fcff1a000000eeff0000f2fffcffecfffaff1c001c00fefff4ff1200beffeeff,f4fff4fffafffaff0000e2fffaffeafff2ff0400160016000c000c002c00fcff,0e00fcff14000400eeffdeff04002400180008000c000c00eeffdeff0600f6ff,0000deff06001600fcff0e000400e4ffdc6f30a386a63a6f021f62a8c825aa1e
3150,3150,0,bcff0a00100030000000f2fffcfffcffdaffdaff0c00feff3000f4ff2e00ceff,e4ffe4ff0c000c000000d4fffaff1a00f2ff140026005400faff0c00fcff0c00,1e00fcffe6ff1400ceff0000140014005600daffeeffeeff20000000f6fff6ff,deff00001600caffbaff40001400b4ff2a1f84a74025301fa0a36c25d26f10a3
3151,3151,0,ecfffcff10000000e2fff2ffecff0c00faff1c00eeff1c00e4ff0200eeff0e00,0200f4ff0c00daff0000d4ff0a000a0024000400d8ff0600eaff1c00ecff1c00,fcff1e003200f6ff000010001400f4ff1800faff1c000c00eeff0000f6ff0600,ceff20001600f8ffdcff0e00f4ff240060a30e26fa6ef4a2bea7a86f721ffaa7
3152,3152,0,2a000a0020000000f2ffe2ffecff1c00faffcaff2c000c000200c6fffefffeff,120002001c00eaff3e002e000a00fafff2ff1400460006002c002c00fcffecff,dcff1e00040014000000defff4fff4ffdaffeaffeeffe0ff20001000f6fff6ff,00002000f8ff16003000ecfff4ff240034a7cc6f7e2076a6ae244620a0a32825
3153,3153,0,2a001a0000002000f2ff00000c000c00dafffaffeeff3c01120002002e00feff,0200f4ff0c000c00e2ffe2ffeafffaff0400e2ff36003600eafffafffcfffcff,0e002e001400f6ffeeff000004000400faffeaff2a00feffceff000006001600,10000000daff16000e00fcffe4ffe4ffd024302098a36024886f32a430a7c26f
3154,3154,0,fcfffcff000000000000f2ff0c00fcffdaffdaffdefffeff1200f4ffceffeeff,0200f4ff0c000c002e00f2ffeafffafff2fff2fff8ff26000c00eaffecfffcff,0e001e0014000400eeff100004002400faff1800eefffeffdeff200016001600,0000befff8ff0600ecff0e0014001400bc6f80a356a63a6ff620eea698246420
3155,3155,0,0a00ecff0000100000002000ecffdcfffaff0c002c002c00f4fff4ffeeff0e00,f4ff1200fafffaffd4ff2000faff0a0014000400360006002c002c00ccff0c00,0e003e001400f6ffeeffeefff4ff3400faff36000c00eeffeeffeeffd6fff6ff,000000002400e8ffbaff30002400d4ffc020e4a622231e21cea4ec23e26f50a4
3156,3156,0,ecff0a00deffeeff0000f2fffcffecffdafffafffeff2c001200f4fffeffeeff,f4fff4fffaff0c002e002e00eaff0a00f2fff2ff360006001c001c00ccffecff,dcfffcff2200f6ff100010002400e4ffeafffaffeeff0c0020000000e6ffd6ff,deff10000600f8ff0e001e00d4ffe4ff3ea44a233a6fe8a47ea6c86f442168a6
3157,3157,0,2a00fcffeeffeeff2000f2ff0c00ecfffafffaff1c000c00f4ffe4fffefffeff,02000200eaff0c002e00e2ffeaffeaffe2ff0400f8fff8ff0c000c00fcfffcff,9cffdcff0400f6ff0000000004000400ccff1800eeffeeff0000deff0600f6ff,eeff20000600f8ff0e00ecff0400240064a6ec6f9c21d6a52a23c620c8a4d023
3158,3158,0,fcff0a0000001000f2ff0000dcff0c00cafffaffceffeeff40001200eeffdeff,d4ff02000c00faff10002e000a00faff0400c0ff060016000c000c00fcffecff,fcff1e000400f6ffeeff100014003400faffdaff0c000c0000000000f6ff1600,0000deffdaff5400fcffdcffe4ff0400fa221021b8a4f222886fdea528a6e26f
3159,3159,0,0a001a0000000000f2ff1000dcffdcfffaff0c001c01eeff020012000e002e00,12001200eafffaffe2ffd4ff1a000a00140014003600f8fffaff1c00ecfffcff,0e001e00f6ffe6ffeeff100004002400280046000c001c00eeff100006000600,3000eeff46001600dcfffcff2400e4ff1c7066a546a53a6ffa218ea66023e421
3160,3160,0,0a00fcffeeff10000000f2ffdcffecffeafffaff2c00eeff12003000feffdeff,020012001c00eaffe2fff2fffafffafff2fff2ff2600d8fffafffaffecfffcff,1e00dcffe6ff0400eeffdeff0400f4ff2800fafffeff7600000020000600d6ff,ceffeeff1600f8fffcff0e00e4fff4ff8a22a8a58222a222fea51a22c26f08a5
3161,3161,0,fcfffcffeeff0000100010001c000c00baffdafffeff3c010200f4ffeefffeff,020012000c000c00d4ff0000fafffafff2fff2fff8ff1600eaffeaffecffecff,0e00dcff04000400000010002400f4ffeaffeaff2a00feff10001000f6fff6ff,ceff10004600caff0e003000e4ff240086a52a222a6f66a50ea6986fa422c8a5
3162,3162,0,fcffdcffeeff20001000f2fffcfffcfffaff0c002c000c0002004000deff2e00,12000200fafffafff2ff0000fafffaff0400d2ff060016000c00faffdcfffcff,dcff0e001400f6ff0000000014002400ccff08000c00eeff2000eeffe6fff6ff,00005800daffe8ff4000dcffe4ff240036a5dc6f402346a50a22bc23d8a52422
3163,3163,0,fcfffcff200000000000f2fffcffecff0c00faff0c002c004000f4ff0e000e00,120012000c00faff2e00f2ffeafffaffd2ff0400060036001c00eaffdcfffcff,2e000e0004000400eeffeefff4ff0400eaffeaffeefffeffeeff200006003600,1000deffcaff4600fcffdcff0400140040210a23e6a52c21c86fdea518a50270
3164,3164,0,1a00fcff1000000000001000ecff0c00dafffaff1c010c001200f4fffeff0e00,e4fff4ff0c00eafff2ffb6fffafffafff2fff2ff360026000c000c000c000c00,0e000e000400f6ff0000eeff1400f4ffccff2800feff0c00eeffeeffd6ffd6ff,2000eeffdaff6400fcff1e001400e4ffcc6f64a668a44a6fbc23dea46421a023
3165,3165,0,fcffecff0000eeff100010000c00ecffeaff0c000c00eeff3000f4ff0e000e00,e4fff4fffaff0c00e2ff2e000a00eafff2ff0400160026000c000c00dcff0c00,fcff0e001400f6ff0000000024000400eafffafffefffeff100000001600f6ff,deff00001600e8ffcaff300044000400da2320a4cc206024cea62621027028a6
3166,3166,0,fcff1a0000000000f2fff2fffcffecfffafffaffeefffeff1200f4fffeff0e00,02000200faff0c00d4fff2fffaff0a00140004000600d8ff1c00eaff3c00fcff,2e002e00f6ffd8ff0000deff2400140008000800feff0c0000000000f6fff6ff,beff4800f8ffdaff0e001e0014001400f4a6b020fa6e86a6dea4b86fa82490a4
3167,3167,0,0a000a0010000000f2fff2fffcffdcff0c00faff2c00eeffe4ff30002e000e00,120012000c00faff4c00e2fffafffaff1400f2ff2600f8ffeaff0c00dcffecff,0e002e000400f6ffeeffdefff4ff1400eaffeafffeff1c00eeffceffd6ffe6ff,eeff6800f8ff06001e00dcffc4ff1400e0a3cc6fd024f8a346203c24c8a67420
3168,3168,0,0a001a0000000000f2ff0000fcffecfffaffdaff1c002c004000c6ffeefffeff,e4ff22001c00faff2e002000faff0a001400f2fff8ff16002c00fafffcffecff,fcff0e000400040010000000f4fff4ff08000800eeff1c000000eefff6fff6ff,5800eeffcaff06004000dcff04002400c01f402596a6901f886faea730a4f26f
3169,3169,0,0a00ecff00000000f2ff20001c00fcffcafffaff0c002c00120012002e00ceff,1200f4fffafffaffe2ff2000dafffafff2fff2ff540016002c000c00dcffdcff,fcff0e000400f6ff100010001400040036000800fefffeffeeff00002600f6ff,0000beff0600f8ffecff0e0024000400dc6f24a768a33a6f4e259ea4a21f5825
3170,3170,0,2a00fcffeeff0000200000000c00fcfffaff1c002c002c0012001200ceffceff,f4ff1200eafffaff0000e2ff0a00fafff2fff2ff06001600faff0c00ecffecff,0e000e0014000400eeff000014000400080036006600eeffeeff00000600f6ff,eeff10001600caffdcff30001400d4ff3e2670a3e01ed02512a8021fd26f70a7
3171,3171,0,84001a00eeff1000e2ff0000fcff1c000c00caffeeff0c0002003000deffeeff,e4fff4fffaff0c00f2ff2e00faffdafff2ff1400f8ff5400faffeaffecffecff,1e002e00f6fff6ff000000001400f4ff2800faff0c00feff3000defff6ff0600,ceff20004600caffecff1e00f4ffe4ff94a7ba1e2a6f64a72ea4b86f7826a0a3
3172,3172,0,0a00fcff00002000f2fff2fffcff0c00bafffaffeeff0c00e4fff4ffceff0e00,020012000c00eaffe2fff2fffafffafff2fff2ff360036001c00faffccffdcff,1e00fcff1400f6ff0000eeff040004001800eafffefffeff20000000f6ffd6ff,deffeeff0600e8ff1e000e00e4ff5400c0a21c708c26c8a2321eec26d0a7021f
3173,3173,0,0a001a0000001000f2ff10000c00fcfffaffdaff0c000c00f4ff1200eeff0e00,02001200fafffaff20004c000a000a0004001400f8ff06001c00fafffcff0c00,1e000e00f6fff6ff1000000024002400dafffaff0c000c00deffeeff0600f6ff,30000000caff06003000fcff340014005a1e7e2694a7701ea86fbea720a3d26f
3174,3174,0,fcff2a002000cefff2fff2ff0c00ecffdafffafffeff1c002200f4ffeefffeff,12001200fafffaffd4ffd4fffaff0a00f2fff2ff36001600eafffaff1c00ecff,2e001e00f6ff0400eeff000004000400080028000c00feffdeffeefff6ff0600,1000deff06005400fcff0e0024000400cc6f4aa8a8a23a6fdc26e0a27a1e2a27
3175,3175,0,fcff1a00eeff000000001000fcfffcfffafffaff0c00ceff30000200eeffeeff,e4ff0200daffeaff2e002e000a00faff04000400160006001c000c00bcfffcff,1e00dcff0400040000001000f4ff04001800faffeefffeff100010000600f6ff,eeff0000f8ffdaffecff0e000400f4ff042880a2621dec26c2a8e21dc26f3aa8
3176,3176,0,ecff1a000000000020000000fcffecfffaff0c000c000c0022004000deffeeff,e4ff02000c00faff2000d4fffafffaff0400e2ff26000600fafffaffecfffcff,fcff1e0004000400000010000400f4ffccfffaff1c001c003000100016000600,beff10005400cafffcff0e00e4ff0400daa84c1d3a6f52a8b0a2b86fda2754a2
3177,3177,0,fcfffcffeeff10000000f2ff0c000c00daffdaffeeffeeff12001200eeffceff,0200d4ffdaffeaff20002e00faffeaff1400c0ff160006001c001c00ecffecff,fcff0e00f6fff6ff1000eeff3400f4ff18002800feffeeff0000deff16002600,00002000f8ffe8ff0e00ecfff4ff440030a2766fac27e6a1c21c5c27caa81a1d
3178,3178,0,fcff1a001000defff2ff20000c00dcfffaff0c000c00eefff4ff3000eeff0e00,d4ff1200faffdaffe2ffe2ff0a000a00e2ff04000600f8ffcaff0c00fcfffcff,2e001e0014000400deffeeff140004002800faff1c001c002000eeffe6ff0600,2000eeffdaff5400fcffbafff4ff24006c1c3428d2a8e41cc86fb2a944a2d26f
3179,3179,0,fcffdcff000000001000e2ff0c00ecff1c000c00eeffdeffe4fff4ff1e00deff,2200f4fffaff0c002000e2ff0a000a0004000400e8ff36000c00fafffcffdcff,1e000e00f6ff1400eeff1000040014000800faff1c000c00beffeefff6fff6ff,eeffceffe8ff4600dcfffcff1400b4ff866f6aa976a15a6f902880a2521c9a28
3180,3180,0,fcfffcff200000004e000000dcfffcffcafffafffefffeff12001200deffeeff,d4ff02002c001c00e2ff2e00faffdaff04001400260006000c000c00fcfffcff,0e000e000400f6ffeeff00000400f4ff2800fafffeff1c00eeffeeff06001600,deffeeff4600e8ffdcff30002400d4ffc42866a1641c0c2916aa301bc26fa4a9
3181,3181,0,fcffdcffeeff00000000e2fffcfffcff0c001c002c001c000200f4ffceffeeff,f4ffd4fffafffaffd4ff00000a00fafff2ffe2ff360006003c000c001c001c00,0e000e00f6ffe6ff0000100044000400daffeaffeefffeff00002000f6ff0600,deff30000600baff1e00300004000400caa9981bca6e02a908a1b86f742964a1
3182,3182,0,2a00dcff00002000f2ffe2ffecffdcffeaffeaffdeffeeff0200f4ffdeffdeff,120012001c000c00e2ffd4ffdafffaffe2fff2ff360026000c002c00dcff0c00,0e000e001400f6ffeeff1000f4fff4ffdaff08001c00feff0000deffe6ff0600,000030000600f8fffcfffcff1400240016a1666fba2926a1001bc029f4a9421b
3183,3183,0,0a00fcff0000eeffe2ff00000c000c00faffeaffceffeeff02001200feff0e00,1200d4ffeafffafff2ff3e000a00faffe2ff0400e8ff1600faff2c00fcffccff,0e00fcfff6ff04000000eeff0400f4ffdaffdafffeff0c000000200036000600,6800eeffdaff46001e00dcff240024007a1a3e2a12aa041b086f96aa04a1a26f
3184,3184,0,ecff0a000000deff2000e2fffcfffcffeafffafffefffeff02000200eeffceff,f4ff0200fafffaffe2ffe2ff0a000a0004000400540026002c000c000c00dcff,fcff0e000400f6ff00003000f4ff14000800eafffeff0c00eeffdeffd6ff2600,2000deffcaff06000e00dcff4400f4ff566fc4aab6a0ea6e042a38a0961a442a
3185,3185,0,0a00fcff0000deffe2ff0000fcff1c000c00daff0c001c00300050001e00eeff,02000200fafffaff3e00f2ff1a000a00f2ffd2ffc8ffd8ff1c000c001c002c00,0e000e001400040000000000040004002800eaffeefffeffdeff300036000600,deff0000f8fff8ffdcff30004400f4ff6e2af6a0741a622aa6aad01ac26f64aa
3186,3186,0,dcfffcff100020002000e2ffecff1c00faffdaff0c00eeff02000200deffdeff,f4fff4ff0c000c00f2ffd4ffeafffafff2ff14001600f8ffeafffaff0c001c00,0e002e000400f6ffeeffeeff04000400faff36002a00feff1000eefff6ffd6ff,ceff30001600dafffcff1e00d4ff0400e4aa1019aa6e52aa38a0586fe02ac4a0
3187,3187,0,0a00ecff000000000000f2ffecffdcff1c00faff0c00eefff4ff12000e000e00,1200e4ffeafffafff2fff2ff0a00fafff2ffd2ff060016001c00fafffcffecff,1e000e00e6ffe6ff1000000014001400faff08000c00feff00000000f6fff6ff,10001000e8fff8ff1e000e00a4ff440036a0466f522b46a05c19842a60abf019
3188,3188,0,fcff0a001000000000005c00dcfffcfffafffaff0c003c01f4ff0200eefffeff,f4ff2200eafffafff2ff0000eaff1a001400040026004600faff1c000c000c00,8cffdcff2200f6ffeeff1000e4ff2400daffeafffeff76002000deff06000600,1000eeffcaff64000e00ecffe4ff1400c0187e2b00ab161a386f76ab22a0a26f
3189,3189,0,fcffdcff00000000e2ff00000c00fcff0c00daff2c00feff02000200fefffeff,2200f4ffeaff1c00f2ffe2ff0a00faff1400f2fff8ff54000c00fafffcffecff,0e00fcff0400f6ff000000002400f4fffaffeafffeff0c00eeff300006000600,0000beffdaff1600ecff1e0034000400566f74abd69f1a6fb82c549f9018002c
3190,3190,0,0a00fcffeeff00002000e2ffdcfffcfffaff2c00eeff1c003000f4fffeff3e00,120012001c00eafff2ff0000faff0a0004000400f8ff1600faffeaffecff1c00,0e001e00140014000000000004001400eaff28000c000c00eeff0000e6ffd6ff,eeff00004600f8ffdcff1e001400e4ffee2b909f4a18882eb8acec16826f10ac
3191,3191,0,2a000a0000000000f2ff2000ecff0c00cafffaffe2fefeff12001200feff0e00,1200e4ff0c000c00f2ff00000a00faff1400e2fff8ff06001c00caffecffecff,1e00fcffe6fff6ff1000100014000400faffccff0c00feff000030000600c6ff,0000eeff1600bafffcff3000e4ffe4ffb8ac1018aa6e60ab149f586f982cb29f
3192,3192,0,dcfffcff10003000f2fff2ffecffecffcafffaff0c000c0012000200eefffeff,020022000c001c00f2fff2fffaff1a001400140026002600faff0c001c00fcff,ecff0e00140014004200eeff0400f4ff0800faff1c000c00eeffeeffe6ffe6ff,deff2000160006004000dcffc4ff2400709f266fc82e669f1c17d82d10ac0e18
3193,3193,0,1a00fcff00000000f2ff2000fcffdcff2c000c000c00e2fe020002000e00ceff,f4ffd4ffeaffeaff000000000a000a00f2fff2ff260006000c000c00fcff0c00,fcff0e00f6fff6ff20001000f4ff0400eaffeaffeefffeff000020001600f6ff,4800deffcaff16000e00fcff040014001a17002d80ab0a18586fe8ac729f826f
3194,3194,0,fcff1a00100000001000e2ffecff1c001c000c00fefffeff02000200eeff1e00,e4ff02000c00eaffe2fff2ffdaff1a00f2ff0400160046000c001c00dcfffcff,0e002e00f6ff040000001000f4ff0400180008001c00feffdeffeeff0600f6ff,eeffceff36004600ecffecfff4fff4ff166ff8ace89eaa6e382eb49e1e17a62d
3195,3195,0,1a00fcff0000eeff1000f2fffcff0c00faff0c001c00deff220002001e000e00,f4ff1200eafffaff000000000a00daff0400f2ffd8ffd8ff2c001c000c00dcff,fcff0e000400f6ff000000002400d4ff2800faff1c001c000000100026000600,000000000600f8ffdcff0e000400a4ff2e2ee09e3a17662f98adfc16426f18ad
3196,3196,0,fcff1a00eeff200020001000ecff1c000c000c002c001c00f4ff0200feff0e00,f4ff1200faff1c00d4ffe2ffeaff4a00e2ff24004600f8ff3c000c00dcff0c00,0e00fcff32001400eeffeeff04002400280018000c000c0000000000e6ff2600,ceff30006400caffecff0e00d4ff04006aad68169a6ec8acf49de86e4a2e429f
3197,3197,0,0a00fcff0000eefff2ff10000c00ccff1c00faffeeffeeffe4ff4000eeff1e00,f4fff4ffeafffaffe2fff2ff4a00faffe2fff2ffe8ffb8ff1c00faffdcffdcff,0e00fcff04000400eeffeeff040014000800dafffefffeff000000003600f6ff,00000000baffe8ff1e000e0004000400b09e166fc62ff89e1c15a82e48ad1616
3198,3198,0,fcfffcff100010001000e2ffdcff1c00faff0c00feff2c001200e4fffeff0e00,020012000c00eaffd4ff0000faffcaff0400040036002600aaffeaff2c00fcff,0e002e000400f6ffceffeeffe4ff1400faff28000c00eeff00001000c6ff0600,10001000daff16000e00baff040024003c159e2ed8ac6a16286f98ae2a9e526f
3199,3199,0,fcfffcffeeff0000f2fff2ffecfffcfffaffdaffeeffdeff120040002e000e00,f4ffe4ff0c000c00d4fff2fffafffafff2fff2ff1600f8ff0c00eafffcfffcff,fcffecff040004001000eeff04000400faff2800eeff0c00100010001600e6ff,5800ceffe8ff4600ecff1e002400f4ffd66e46aeda9d3a6e582f449e5615402f
3200,3200,0,ecfffcff0000100020000000ecffecfffafffaff1c00feffd4ffe4ffeeffeeff,1200f4fffaffdaffd4ffd4ff1a001a00d2ff0400060026002c00fafffcff1c00,dcfffcff22000400eeffeeff0400e4fffaff18001c000c0010000000f6ff1600,deff20004600caffecff1e0014000400de2e809eac15563098ae0c14126ff8ad
3201,3201,0,fcffecffdeff1000f2ff0000fcffecff0c00baff1c001c001200f4fffeff0e00,0200f4fffafffaff2e00f2fffaffdafff2ff1400360036000c00faff1c00fcff,dcffdcffe6ff0400100000000400f4fffaffdafffeff0c00000030001600f6ff,ceff20000600e8ff0e004000d4ffe4ffc6aeac142a6e38ad749d486fc02f3a9e
3202,3202,0,fcfffcff0000eefff2ff0000ecfffcfffafffafffeff1c001200e4ffeeff2e00,e4ff12000c00eafff2ffd4ff0a001a00e2ff040006000600eaff0c00bcff2c00,0e001e001400f6ff0000eeff04002400eaffccff1c000c0000000000f6fff6ff,000010000600f8ff0e00ecfff4ff4400b29dc66e7c31ea9dfc13ec3078ae4e14
3203,3203,0,fcff0a0010000000e2fff2fffcfffcff1c00daff0c00feff020002000e00deff,d4fff4fffaff2c002e0000000a00faff0400040026004600eaff2c00ecffecff,dcfffcff0400f6ff000010002400a4fffafffaffeefffeffeeff20001600f6ff,2000deffbaff46003000fcff1400240060133e3006ae7e14d86e98aeca9df26e
3204,3204,0,1a000a001000000010000000ecfffcfffafffaff2c00eeff300050000e00eeff,f4ff12001c00eafff2ffe2ffeaff0a0046000400360026000c00faff1c001c00,1e000e00f6ffd8ff1000deff04002400faff36002a000c00eeffdefff6ff0600,2000eeff1600f8ffecffdcff24001400b66e56afaa9d8a6eec30d49c7e137030
3205,3205,0,fcfffcff20000000f2ff3000ecfffcfffafffaff2c00eeff12001200feffeeff,02000200fafffafff2fff2ff0a00faff04000400260036001c001c001c00dcff,fcffecfff6ff14000000100014000400ccffccfffeff1c00eeff00000600f6ff,eeffeeff0600e8ffecff0e001400f4ff0e31429d5e132032c8af2a13e26e30af
3206,3206,0,fcfffcff00001000f2fff2ffdcff0c00cafffaffe2fe1c001200e4ff0e000e00,f4ffe4fffaffeaffc4ff2e00eaff0a001400e2ff0600c8ff1c002c00fcfffcff,2e000e000400040010001000f4ff1400fafffaff2a000c001000eeff06001600,eeff20001600daffecff0e00f4ff2400dcafc0123a6e46aee49cc86e6a314a9d
3207,3207,0,0a00fcff0000000000001000fcffdcfffaffcaff0c000c00020002001e000e00,e4ff0200faff0c002e00d4ff0a00eaff04002400f8fff8ffeafffafffcfffcff,1e00ecff040004000000000024001400daff08000c001c000000defff6ffd6ff,deff1000e8ffe8ff3000fcffa4ff2400029d966eb0326a9d4a12303230b00e13
3208,3208,0,fcfffcff1000000000000000ecffdcfffaffdaff1c000c0040000200eefffeff,e4ff0200fafffaffd4ffd4ffcaff6a001400e2ff16000600faff0c00ecfffcff,1e000e00040004000000000014000400dafffaff1c000c00deff000006002600,1000deffdaff54001e00ecff0400040030127e3154afee12e86eecb00a9de26e
3209,3209,0,fcfffcffeeffeeff000000000c00fcfffaffcaffeeff2c0002000200eeff0e00,1200d4ffeaff2c0020003e00fafffaff24000400e8ff46002c00faffdcfffcff,0e00fcfff6ff220000000000e4fff4fffafffaff0c00feff000010002600e6ff,1000eefff8ff16001e00fcff44002400866eacb0da9c3a6e7032649c22123a32
3210,3210,0,0a000a0010000000f2ff10000c00fcffdafffaff0c002c0102000200defffeff,f4fff4ff0c00eaffe2ffd4ff0a001a000400f2ff260006000c001c00ecffecff,fcff2e00f6ffd8ffdeff0000040014000800daff1c00feffdeffeeff36000600,eeffeeff1600f8ffecff0e0024001400b832a29c5e124033ccb09610a06ed0b0
3211,3211,0,0a00ecffeeff00003000d2fffcff1c002c00fafffeff1c0002003000feffdeff,02000200eaff0c000000f2ff0a000a000400f2ff06001600faffeafffcffccff,3e000e0004001400eeff000004000400bcffdaffeeff1c00200020000600f6ff,eeff2000160006000e000e00e4ff0400fcb036110a6ed4af249cb86e1633729c
3212,3212,0,ecfffcff00000000d2ff10001c000c001c000c000c000c001200f4ffeeff0e00,02001200faffeaffd4ffd4fffaffeaff14000400260026000c00eaff0c00dcff,0e002e001400f6ff00001000f4ff2400faffdafffefffeff2000eeff06000600,00002000f8fff8ff3000ecffe4ff0400d09b766e80341c9c961080330ab17211
3213,3213,0,0a00fcff10000000100000001c00dcff0c00fafffeffeeff50000200eeffceff,f4fff4ffeaffeaff0000e2fffafffaff24000400360026001c00eaff1c00ecff,0e00dcfff6ff1400100010000400f4ff1800eaff0c001c001000200006001600,10000000daff54003000dcff040044005610083314b0d811b86e1cb1329c706e
3214,3214,0,1a000a000000eeff0000f2ffecfffcffdaff0c00ceffeeff3000e4ffeeffeeff,120012000c00faffe2ffe2ffeafffaff0400040046005400faffeaffdcfffcff,1e002e0014000400deff100004002400fafffaff1c00feff0000eeffe6ff1600,2000deff06004600ecff0e0034001400666eacb1ac9bba6db234329b48103633
3215,3215,0,fcff1a00eeffeeff00002000fcfffcffdaffdaffeeffeeff1200f4ff0e000e00,e4fff4ffeaff0c002e00f2fffafffafff2fff2ffe8ff36000c000c00ecffecff,2e000e00e6ff0400000000001400a4ffeaffeafffeff0c00000000001600f6ff,eeffceff1600dafffcff30005400d4fff634309baa103e3530b2920f506ecab1
3216,3216,0,1a000a00eeff10001000f2ff0c000c00dafffaff0c000c00c6ffe4fffeff0e00,e4ff12000c000c00d4ffd4ffeaff5a00e2ff1400f8ff16000c00eafffcffdcff,fcff1e0022000400eeffdeff04000400080028000c00feffeeffcefff6ffe6ff,deff20005400dafffcff1e000400e4ff66b2700fea6db4b0029b186e7634f29b
3217,3217,0,2a001a0000000000f2ff0000fcfffcff0c00faffeeffeeff020002000e002e00,f4ff1200faff0c00e2ff2e00eaffeafff2fff2ff360006002c001c002c00fcff,1e00fcff04000400000020001400f4ff0800fafffeff0c00000000000600e6ff,00000000daffe8ff1e00fcfff4ff2400f09a266ece35ac9b020fa2345ab2a80f
3218,3218,0,fcfffcff2000eeffe2ff00001c00ecffdafffaffdeff0c0002002200feff0e00,12001200daff0c00e2ffe2fffaff4a0004001400d8ffe8ff0c002c001c00fcff,1e000e00f6ffe6ff0000eeff14001400180028001c00eeff0000eeff0600f6ff,20003000caff16000e00dcff040024008e0e563532b12410386e20b3009b306e
3219,3219,0,fcffdcff1000000010002000fcfffcfffaffcaffeefffeffe4ffe4ffeeff0e00,12001200eaffeaff200020000a00eaff0400f2ffe8ffd8fffaff0c000c00dcff,0e000e00e6ff04000000000004001400eafffaff0c000c002000eeffe6fff6ff,2000cefff8ff16000e00fcff2400d4ff266e76b25c9bda6d2235e29a080f3e35
3220,3220,0,fcff0a00eeff10000000f2fffcff0c00faffdaffcefffefff4ffd4ff0e000e00,02001200eafffaffe2ffe2ffbafffafff2ff1400540036000c00fafffcffecff,0e000e000400f6ff1000deff040014001800faff0c001c00eeffdeffe6ff0600,000030007200f8ffdcff1e003400d4ffb635e09af40e4c36c2b3b20dd06dcab2
3221,3221,0,fcffecff00001000e2fff2ff0c001c00daff0c00eeffeeffe4fff4ff1e00eeff,f4ff0200fafffaffe2ff00000a001a0004000400060054002c000c00fcffecff,0e00dcff1400e6ffeeff300004001400eaffccff0c001c00eeff10000600d6ff,deff10000600daff1e00fcffe4fff4ff36b33e0ee46c66b2e29a486e3e36809a
3222,3222,0,ecff0a0010002000f2fff2ffecfffcffcaff0c002c001c00f4ff1200eeff1e00,e4ff12001c00eaff2000e2fffaff0a000400140016001600caffcafffcffecff,0e000e000400f6ff1000eefff4ff0400faff08000c00eeffeeff2000e6fff6ff,00001000160006003000dcff04002400509a266eac36fc9a220d223796b3f20d
3223,3223,0,1a000a000000eeffd2ff00002c00ecff0c00caff4c002c00120002003e00deff,2200f4fffafffaff0000d4fffafffaff1400d2ff360036000c000c001c00fcff,1e001e00040014000000eeff14000400faffeafffeff0c0000000000f6ff0600,1000eeffbaff16001e00ecff14004400520dc23640b2e40e186e30b3c09ac06d
3224,3224,0,dcfffcff000000000000e2ff1c00ecfffafffaff1a012c01e4fff4ff0e00eeff,e4ff02001c000c00f2ffd4fffaff1a001400d2ff06002600eafffafffcfffcff,dcfffcff22002200eeff000014000400eaffdafffeff2a000000defff6ff0600,1000eeff16001600fcfffcff240014009a6dd6b3bc9a246dc236329af00c8e36
3225,3225,0,fcfffcffeeffeeff000000000c000c00faff0c001a011c00f4ffa6ff0e000e00,f4fff4ffdaff0c00f2fff2fffaffeafff2ffe2ff260006000c00faffecffecff,fcfffcfff6fff6ff1000eeff24002400faffeafffeff0c0010000000f6fff6ff,0000eeff4600f8fffcff50002400e4ff5237309a060e1a3862b4020d706d16b4
3226,3226,0,fcfffcff00002000f2ff00001c00fcfffaffdaff1c00eeff22001200ceffdeff,f4ff02000c00eaffe2ffe2ff0a001a00f2ff1400060016000c00eaffecffecff,0e00fcff040014000000eeff1400e4ffeafffaff0c001c00eeffdeffd6fff6ff,ceff10001600dafffcff0e00e4ff2400c6b40e0c866c4eb57e99c86d8637209a
3227,3227,0,1a00fcff2000cefff2ffe2fffcfffcffeafffaffeeffe0fff4fff4ffdefffeff,1200e4ffeaffeaff2e00f2ff5a00faffe2fff2ff0600b8ff0c00faffdcfffcff,2e009cff04000400deff100014000400faffccffeeff0c00ceffdeff16000600,deff5800f8ffe8ff1e00ecffc4ff3400a6998a6d0239169a020c5237ceb4280c
3228,3228,0,ecfffcff000000000000e2fffcff1c000c000c00feff1c000200d4ffeeff0e00,f4ff02001c000c00e2ffd4ffeafffaff0400f2ff260006000c000c00ecffccff,fcff1e00140004001000000014002400eaffeaff0c00feff0000100006000600,10000000daff54004000ecffd4ff04007e0b3838deb5580ad86d92b5c099506d
3229,3229,0,fcfffcff20000000f2fff2ff1c00ecff0c00daff1c000c0022001200eefffeff,f4ffe4ffeaffeaffc4ff2e000a00faffe2fff2ff54001600fafffafffcffecff,1e00dcff0400f6ff00003000f4ff04004600ccff0c00feff2000100006000600,3000eeffe8ff0600ecffecff1400b4ff3a6d54b5269aa46cb6389e99680bd637
3230,3230,0,fcffecff1000100010000000ecff0c000c000c00feff1c000200e4fffeff0e00,f4ff1200fafffaff0000f2ff0a000a00f2ff36002600f8fffaff0c00fcff1c00,ecff1e000400e6ff0000200004002400eafffaff0c001c00eeffeeffe6fff6ff,100000001600daffdcff1e00f4ffb4ffb8385699080a923952b5be09406ddeb5
3231,3231,0,fcfffcff20001000f2ff0000fcfffcff1c00faffeefffeffe4ff02000e00eeff,f4fff4ffeaff0c00e2ff20001a00faff24001400f8ff06000c001c000c00ecff,fcfffcfff6ffe6ff2000eeff14002400faff2800feff0c00deff0000f6fff6ff,eeff10004600f8fffcfffcff1400140080b61e0a566cdab63e99c86d4839a099
3232,3232,0,0a00ecff20002000100010000c000c00baff0c0048001c004000f4ffeeffdeff,e4ff12001c001c00f2fff2fffaff0a00f2fff2ffe8ff06000c000c00fcffecff,0e00fcff040014000000000004001400daff1800feff2a0010000000e6ff0600,eeff5800f8fff8ff0e00fcffd4ff240016990a6d283a5e99120ab6393eb62c0a
3233,3233,0,1a002a00eeff1000d2fff2ff0c00dcfffafffaff2a001c00e4ff40000e000e00,0200f4fffaff0c00f2ff0000faffeafff2ff0400f8ff06000c000c00fcfffcff,dcfffcff0400f6ff10001000140004000800fafffefffeff1000000036000600,1000eeffdaff16001e00ecfff4ff1400840938393ab78208466dc2b51099206d
3234,3234,0,fcfffcff20000000f2ff0000dcffecff0c00faffeeffeeff1200f4ffeefffeff,0200e4ff0c00faff0000e2ffeaff0a00e2ffe2ff1600f8fffaffcaff0c00ecff,1e001e00040004000000100014000400eaff2800fefffeffceff2000f6fff6ff,1000deffdaff36000e00fcff0400f4fffa6ce0b64099946c6a3aae989c094839
3235,3235,0,fcfffcff1000cefff2fff2ffccfffcff0c00faff2a00e0ff12000200feffceff,e4ff1200faff0c002000d4ffeafffaff1400140006003600eaff0c00dcffbcff,1e001e0004002200000010002400140008000800feff0c00eeffdefff6ff0600,000010001600f8ffbaff40000400c4ff423ab6984208d63af4b61e09006d36b7
3236,3236,0,fcffdcffdeff000010000000fcfffcff0c00faffeeff0c003000f4ff0e00feff,d4ff02000c001c00f2ffe2ffeaff1a00d2fff2ff060006002c00eaffecfffcff,0e000e00040032001000eeff040004002800eaff1c000c002000deff06000600,deffeeff4600daff0e000e00f4ff240040b7f408066cfab7ae98e66c183ae098
3237,3237,0,fcff0a00ceff00001000f2fffcffecff0c00faff1c001c00e4fff4ffeefffeff,020012001c001c0020002e000a000a001400f2ff36002600faff1c00ecffecff,0e00fcff04000400000020001400240008001800feffd0ff000010000600f6ff,00001000e8ffe8ff30000e00e4ff14007698fa6c463b00995e084a3a96b7ec08
3238,3238,0,fcfffcff000010001000f2ff1c00fcfffafffaff0c00feff1200e4ffbeffeeff,e4ffe4ff1c000c00e2ff1000faff1a000400240016004600fafffaffdcff1c00,1e00fcffe6ff14001000deff0400040018002800feffd0ff2000000036000600,30001000e8ff16001e00dcff140034006408d23a8ab85207166d98b81e98b06c
3239,3239,0,fcfffcff00000000e2ff20000c001c00fafffafffeff2a00d4ff2200eeff2e00,f4ffe4ffeaffeaffe2ff0000faff0a003600040036002600eaff0c00dcff0c00,1e00fcfff6ff0400100000000400040028000800feffeeffeeff000006000600,0000deffe8ff16000e00dcff140004009a6c56b89098966b4a3b5e9892075a3b
3240,3240,0,fcff0a0000000000f2fff2ffecffdcff0c00faffd0ff2a001200f4ffdefffeff,e4ff02000c000c0020002e000a005a002400040026002600fafffaff1c00ecff,fcff0e00040004002000eeff1400040028000800feff66000000eefff6ffd6ff,0000100016000600dcff0e001400e4ff323b36984206563c88b88a06806c06b8
3241,3241,0,0a00fcffdeff1000f2ffd2ffecff0c00faffdaff1c00eeffd4ff1200feffceff,f4fff4fffaffdaff200010000a000a001400040036001600faff0c00dcfffcff,0e00dcff1400e6ff10001000f4ff1400180028000c000c00200020000600f6ff,deff10001600daff0e003000f4ffe4ffc6b80407d66bdab8aa97f66caa3b1e98
3242,3242,0,fcfffcff1000000000000000ecff1c002c000c00feff02ffd4ff0200ceff0e00,f4ff0200fafffaffd4ffd4ffeaff0a0014000400e8ffd8ff2c00faffecffdcff,0e001e00040004002000deff040004000800eaff2a000c00eeffdeff06001600,00001000f8ff060030001e0004001400a0978a6c963c60985a06bc3cd8b80207
3243,3243,0,fcff0a0000000000e2ff00000c00ecff0c00faff0c002a000200e4fffefffeff,f4fff4ff1c000c003e00f2fffaff0a00f2ff14001600f8ff0c00eaff2c000c00,ecff2e00140004000000eeff240014004600eafffeff1c001000eeffd6ff1600,3000deffcaff24001e00dcffe4ff24001406b63cb8b9b605966ce8b8ce97186c
3244,3244,0,fcff0a00ceff0000000000000c00fcffeaff0c000c00eeff12000200eefffeff,120002000c000c00d4ff2000faff0a00e2fff2fff8ffe8ff0c00caff1c00ecff,fcff2e00040014001000deff24001400faffdaffeefffeff00000000f6ffd6ff,0000ceffe8ff54001e000e000400f4ff6a6cb6b9f097366bec3c4a979005f23c
3245,3245,0,ecfffcffeeffeeff2000f2fffcff0c00eaff0c000c000c0012000200feffeeff,0200f4ff1c000c00f2ff20000a00eaffd2ff0400060016000c001c000c005c00,2e001e001400f6ff0000000024001400faff28000c00feff000000000600e6ff,eeff10001600e8ffdcff300004001400963d80979604663d98b94c05086ca8b9
3246,3246,0,0a001a00eeff00000000e2fffcfffcff0c00faffe0ffeefff4fff4fffeffceff,f4ff0200faff0c002e000000fafffafff2ff0400f8fff8fffaff0c002c00fcff,0e00fcff0400220000000000140024002800dafffefffeff00002000d6fff6ff,ceff00004600e8ffecff0e00e4fff4ff30ba5805466b18ba4a97666c923d6e97
3247,3247,0,fcfffcffdeff0000f2ff20000c000c00dafffaff2a00f2fef4fff4ff0e000e00,120022000c00eaffc4ffe2fffaff1a001400f2ff0600e8fffaff2c000c001c00,9cfffcff1400f6ff0000100014003400eaff1800fefffeffeeff200006001600,eeff5800e8ffdaff1e001e00f4ff24002097486bb43da0976c04dc3d48ba1005
3248,3248,0,dcffecff00000000f2fff2ff0c00ecffcaff1c00feff2a001200f4fffeff1e00,e4fff4ff0c00faffd4ff2e00faff4a00040014002600e8ff1c00eaffecff2c00,ecff1e00e6ff22000000000014002400faff0800feffeeff20000000f6ff3600,10002000daff16003000fcff04003400a804623e36bbc603266c0cbb3e97d86b
3249,3249,0,fcfffcff0000eeff2000f2fffcffecfffafffaff2c001c0002003000eeffeeff,f4ff0200faffeaff0000f2ff0a000a00e2ff1400f8fff8fffaff1c00ecff1c00,2e000e00f6fff6ffeeff000014001400eaff0800eefffeffeeff00000600f6ff,3000defff8ff5400ecff0e0054002400386be0baa097166b4c3e1a970804b23d
3250,3250,0,1a002a00eeff00001000f2ffdcff0c00faffeaffeefffeffd4ff0200eeffeeff,02001200daff0c001000f2ffeaff0a00e2ffd2ff4600e8fffaff0c001c00ecff,8cfffcfff6ff14000000eeff24002400faff1800eeff1c00000020000600f6ff,0000eeff54000600dcff1e002400b4ff923ee0969603d23e3cbbea02686ba8ba
3251,3251,0,1a00fcffeeffeeff100000001c001c001c00daff0c000c000200e4ffdeff0e00,1200f4ffeafffafff2ffe2ff0a000a000400f2ffe8fff8ff0c00faff0c00ecff,1e001e000400f6ff3000200014001400080028000c000c00eeff100016001600,deff30001600daffecff0e00c4ffe4ff50bbe202f66aa6bbba96266c923ef696
3252,3252,0,ecfffcff0000eeff0000e2fffcffecfffaff0c001c000c00020012002e000e00,f4ff0200fafffaffe2ff0000faff4a00f2fff2ff160016000c002c00ecffdcff,0e001e00040004001000200004001400bcff2800feff0c001000eeff06000600,eeff3000f8fff8ff0e00fcffa4ff0400e096286b223f80977a024c3fd8baa803
3253,3253,0,fcfffcff2000eefff2ff2000fcfffcfffaffdaff0c002c00c6fff4ff0e00feff,f4fff4fffaffdaff10003e000a004a00f2fff2ff3600e8ff0c00eaffccffdcff,0e00ecff1400f6ff0000000024000400fafffafffeffeeffeeff1000f6ff1600,2000eefff8ff06003000ecff040024004202623fb4bc9802d66b1cbb8696986b
3254,3254,0,fcfffcff0000eeffe2ff3000fcffecff0c000c00eeff0c000200d4ff2e00eeff,f4ff0200faffeaff2e00e2ffeaff0a00e2fff2ffd8fff8ff0c00faffdcfffcff,0e00fcff140014001000deff0400040046000800eefffeffeeffeeff06001600,10000000f8ff4600fcff0e002400d4ffe86ab0bbf096766a9c3fca957c028a3f
3255,3255,0,fcfffcff1000eeffe2fff2fffcff0c00daffeaff2c00feff1200e4ffeeff1e00,f4fff4ffeaffeaffe2fff2ff0a001a00140004001600f8ff2c000c00fcffdcff,0e000e00f6fff6ff200000000400e4fffaff2800feffeeffeeff0000f6ff1600,eeff00001600e8ffdcff30002400f4ff2840a096920122404ebc7a02286b6abc
3256,3256,0,fcffdcffeeff0000f2ffe2fffcfffcff2c000c002c004c00f4ffd4ffeefffeff,f4fff4fffaff0c00000000000a000a00f2ff0400f8ff5400eaffeafffcfffcff,0e00fcff140014002000000024002400eaff080066001c00000000000600e6ff,ceff58005400dafffcff0e000400e4ff54bd2801366a44bd2a96866b6c404696
3257,3257,0,dcfffcff200010000000e2fffcff0c001c002c002c00e2fee4ffe4ff1e000e00,12001200faffeaffe2ff0000faff0a0004000400f8ffd8ff0c00eafffcff1c00,fcfffcff0400f6ff00001000040014002800daff1c000c000000deff16001600,deff1000e8ff06001e00ecffe4ff14009096d86aa040a2961601504012bd8c01
3258,3258,0,bcfffcff0000100000000000dcfffcff0c00fafffeffdeff1200d4fffeffeeff,1200f4fffafffaffe2ffe2ffdaff0a00f2ff1400360016000c00eaff0c00ecff,0e000e00040004000000100014000400eaff36001c00feffeeffeeff06002600,0000eeffcaff06003000dcfff4ff0400c8009840d4bd3201966b8ebd0696e86a
3259,3259,0,fcff0a001000eeffe2ffe2ff0c00ecff2c000c001c001c0012000200eeff0e00,1200f4fffaff0c000000e2fffafffaff14003600d8ff1600faff0c00ecffecff,0e00ecffe6ff04000000000004001400faff1800eeff0c00deffdeff06003600,4800deffcaff1600fcfffcff2400e4ff686a84bd4496466a10419a957c001c41
3260,3260,0,fcff1a00eeff00001000f2ffdcfffcff0c00faffdeff0c0002000200eeff0e00,f4ffe4fffafffaffd4ff2e000a00eaff24002400160046002c000c00dcfffcff,fcff2e00040004001000100004001400460028001c000c00eeffdeffe6fff6ff,eeffeefff8ffdafffcfffcff2400e4ff68413e9604005e41aebda0ff9c6ab2bd
3261,3261,0,fcffecff100000002000e2fffcffecff1c00faffeeffeeff0200f4ff0e000e00,02001200fafffaffe2ff0000eaff0a0024002400260036002c002c00ecfffcff,fcff0e001400140000000000f4fff4ffeaff18001c001c00eeff0000e6ff0600,ceff10001600daff0e001e0004000400a0be6800266af4bd3a95866b7c41f695
3262,3262,0,0a000a00deff0000f2ff00000c00ecfffafffaffeeffcefff4ff1200feffeeff,e4ffe4fffafffaffd4ff3e00fafffaff0400040006002600eafffafffcfffcff,1e00dcfff6ff14000000000014001400fafffaffe0ff0c000000300006000600,eeff1000f8ff16000e00fcffe4ff2400b295386a444204962600a44212be1a00
3263,3263,0,fcff0a0020000000e2fff2ff0c000c00caff0c001c001c00f4fff4fffeff0e00,12001200eaffeaff2e00f2fffaff0a00d2ff040036000600eaff1c00fcfffcff,fcff1e00f6ff14000000100014002400080008000c00eeff0000eefff6ff0600,3000eeffcaff16004000caff2400240040ff4242d2be56ff766aaebec6954c6a
3264,3264,0,0a001a001000eeff00000000fcff0c00daffdaff0c00eeff0200f4fffeffeeff,0200d4ffeafffaff0000e2fffaffeafff2fff2ff0600f8ff0c00caff1c00ecff,0e000e000400140000002000040014005600faffe0ff0c000000eefff6ff0600,2000deffdaff16000e000e00f4ff1400486a50bff495626984421a952aff3c42
3265,3265,0,fcfffcffeeff000000000000ecfffcffbafffaff0c00feff0200e4fffefffeff,12000200fafffafff2fff2ffeaffeaff04002400f8ff4600eafffaffecff0c00,1e00fcff140004000000eeff04000400daffeafffefffeff0000eeff16000600,ceffdeff72001600dcff0e00f4ffe4ff2243629596fe84425ebfd0fefc69eabe
3266,3266,0,fcffecffdeff00000000f2fffcff1c00fafffaffdeffeeff400002000e001e00,02000200fafffaff0000e2fffafffafff2ff04005400f8ff0c001c00dcffdcff,fcfffcff04001400deff100004002400eaff2800fefffeffdeff1000f6fff6ff,ceffeeff0600daff0e001e00d4ffe4ffd6bf40fe3269a0bffa94d26918435695
3267,3267,0,0a00ecff00001000000000000c000c00faffcaff1c00ceff5000e4ffeeffdeff,f4ff12000c00faffe2fff2ffeafffaff140024000600f8ff0c00eaff0c00fcff,0e000e000400f6ff10003000f4ff1400faff28001c000c00eeff000016001600,eeff6800f8fff8ff0e00fcffd4ff140052956c697443a495f0fde442fabf22fe
3268,3268,0,fcff0a0000001000d2fff2ffecff0c00faffdaffdeffeeff0200f4ffeeffeeff,0200e4fffafffafff2ffd4ff1a00faff04002400160026000c00faff1c00ecff,fcfffcff2200f6ffeeffeeff140004004600fafffeff1c000000eeff0600e6ff,10000000daff46001e00caff0400240084fd024330c078fd626952c04695ec69
3269,3269,0,fcff0a00000000001000e2ffecff0c00daffdaff0c001c0002001200fefffeff,f4fff4ffeaff1c00f2ffe2ffeaff5a001400f2fff8ffc8fffaffeaffecff0c00,1e00fcff14000400eeffeeff140014000800fafffeff1c00eeffeefff6ff0600,0000eeff06001600fcfffcff0400f4ff3c6946c0c4951269b643fa9442fd8843
3270,3270,0,0a00fcff10000000f2fff2ffdcffecff0c00fafff2fef2fe12001200defffeff,e4fff4ffeaffeafff2ff00000a00faff1400e2ff3600f8fffaff1c00fcff1c00,dcff0e0014000400100000001400f4ff5600daff1c002a00000000001600f6ff,1000eeff1600dafffcff40001400e4ffd2434694dafc224462c050fc7c69acc0
3271,3271,0,ecff1a00000020000000d2ff0c00fcfffafffaff0c002c0050001200deff0e00,f4ff1200faffeafff2ffe2ff0a00faff04001400f8ff16001c00faff0c00dcff,1e000e00f6ff1400eeff30001400d4fffaff3600fefffeff3000deff16000600,000010000600cafffcff1e00e4ff140016c174fca268b0c07a94c26938441695
3272,3272,0,fcffecff100010000000f2ff1c00ecffcaff0c000c00eeff02000200eeffdeff,0200f4fffafffaffe2fff2ff0a00eaff24000400160026000c00faff1c00dcff,fcff0e00140014000000deff14001400faff18001c001c001000deff16001600,00002000f8fff8ff1e000e00d4fff4ff74940c6972445495f0fb6644ecc0c2fc
3273,3273,0,bcff0a00eeff100010000000fcff1c00cafffaffeeffeeff1200f4ffeeffdeff,d4ffe4fffaffeafff2ffd4ff0a001a00e2ff360036005400faff2c00ecff1c00,fcff0e00040014001000ceff0400f4ffeafffaff0c00feffeeffdefff6fff6ff,1000eeffdaff64003000dcffd4fff4fff0fbda4450c1cafb5269a2c06e943c69
3274,3274,0,1a00fcff0000eefff2ff0000fcff0c00daff1c00ceffeeff02003000deffeeff,f4ff1200eaff0c00d4ff00000a000a0014000400d8ffe8ff0c00fafffcfffcff,1e008cffe6ff0400eeff100024000400eaffeaffeefffeffdeff000006000600,1000cefff8ff5400fcfffcff0400e4ffec68b6c1f494a268e6444a947afbe044
3275,3275,0,ecfffcff000000000000e2fffcfffcffcaff0c00eeffcefff4ff1200eeff2e00,02001200eaffeaff3e00d4ff0a001a000400040006001600eafffaff2c00ecff,1e001e00f6fff6ff000010001400f4fffafffafffeffeeff000020000600f6ff,0000eeff5400f8ffdcff1e00f4fff4ff3a45e6936afb224586c25efb2c698cc1
3276,3276,0,0a00dcff0000eeff2000d2ff1c001c00faff0c001c000c0002000200fefffeff,02001200fafffafff2ffe2fffafffaff0400f2ff3600d8fffaff1c000c000c00,0e00ecff04000400eeff0000f4ff1400eafffaff2a000c0000000000f6ff1600,deff10004600caffecff0e000400f4ff40c2c2fa826830c2fa93a268f0456e94
3277,3277,0,ecfffcff00000000f2fff2fffcff1c00daff1c000c001c0002001200defffeff,f4ffe4fffaffeaff00000000faffeafff2ff0400360016000c002c00ecffccff,ecff0e0014001400deff200004000400080028001c00feff1000eeffd6ff0600,deff0000e8fff8ff1e00fcfff4ff4400b6939c681046b4945efa46458cc248fa
3278,3278,0,ecff1a00eeff1000f2ff10000c00fcffdaff0c000c000c0002001200eeffceff,120002000c00eaffe2ff00002a001a00f2ffe2ff060036001c000c000c00fcff,1e00dcfff6fff6ff10000000f4ff1400faffdaff1c000c002000eeff26000600,0000eeffbaff46001e00ecfff4ff040038f97646aec28afab26882c32e948268
3279,3279,0,ecfffcff1000eeff0000f2ff0c00fcfffafffaffcefffeff220012000e000e00,f4ffe4ff2c00eaffe2ffe2ff0a000a000400d2ff060016002c000c00fcff0c00,0e002e00040014001000eefff4ffd4fffaff1800fefffeffdeffeefff6fff6ff,1000ceff0600f8ff1e00fcff340004004c6860c35494f067e4461a9418fa6046
3280,3280,0,fcfffcffeeff00000000f2fffcfffcffbafffaff0c000c00f4ff1200eeff0e00,f4ff02000c00eaffd4ffd4fffaff1a000400040046000600faff2c00fcfffcff,1e001e00f6ff1400eeff100004001400280028001c00eeffeeffdeff16003600,100000001600f8ffdcff0e001400e4fff646b693d6f9504604c4aaf8426888c3
3281,3281,0,ecfffcffeeff1000f2ff0000fcfffcfffaffcaffdeff0c001200f4fffeffeeff,e4fff4ffeaff1c00f2ff0000eaff0a000400f2ff160054000c00faffecffdcff,1e002e00140022001000eeff04000400eaffeafffeff1c00deffeeff16001600,deff10001600dafffcff3000f4ff0400f2c3e8f8ec67e2c3389342682247de93
3282,3282,0,1a00fcff200000000000f2fffcff0c001c000c001c000c0030000200feff0e00,02000200fafffaff0000f2fffafffaff0400140054001600faffeafffcffacff,dcff1e0022001400100010001400040018001800fefffeffeeffeefff6ff0600,deff1000f8fff8ff4000fcff0400040026931c681e4754944af82848b0c478f9
3283,3283,0,fcfffcffdeffeeff00004e00fcff0c000c00faffeeff1c01120012000e00deff,0200f4fffafffafff2ffe2ffeaff0a000400f2ff160036001c000c000c00fcff,2e00fcff04001400eeff100004000400faffeafffefffeff1000eeff0600e6ff,1000deffbaff46003000ecfff4ff440056f80c4872c4c6f87e67c0c4ee930268
3284,3284,0,0a002a00deffeeff00000000ecff0c00fafffaffeefffeff02000200feffeeff,02000200eafffafff2ffe2ffeaff1a001400040046000600daff0c00fcff2c00,1e003e0004000400deffdeff240014004600eaff2a000c00eeff0000e6fff6ff,0000defff8ff1600fcffcaff240014009667f2c314941067b447989398f8a247
3285,3285,0,fcff1a00ceff200020001000ecffecff0c00eaffbeff2c01f4ff0200deff2e00,f4fff4ff0c00faff0000e2ffdafffafff2ff0400e8ff16002c000c00ecffdcff,dcfffcff040004002000ceff0400f4ffeaff1800feff1c0020002000f6ffe6ff,eeffeeff16000600dcfffcff0400f4ff6c4826930ef80e48c0c52af8d267f0c4
3286,3286,0,0a00ecff00000000f2fff2fffcfffcffdaffeaff2c000c000200e4ff2e000e00,020002000c000c0020002e00faffeaffe2ffe2ff2600d8ffeaff0c00fcffecff,0e000e001400f6ffeeff10000400f4ff180008000c00feffceffdeff06003600,beff00005400caff0e001e000400d4ff70c5d6f7d06650c548933e6752486e93
3287,3287,0,0a00ecff00000000f2ff10000c000c00faffcaff2c000c0002003000eeff0e00,f4fff4fffaff0c00e2ff2e000a00daff0400e2ff060036002c00eafffcffdcff,1e000e00e6ff1400deff00000400f4ffdaffccff0c000c0010000000f6ff1600,eeff0000f8ffe8ff0e000e00c4ff0400e69226673e48449406f7a84890c566f7
3288,3288,0,fcff0a0000001000f2fff2ffdcfffcfffafffaff1c00eefff4ff3000eeffdeff,e4ff0200faffeaffe2fff2ff1a001a0014000400060026002c000c00ecfffcff,1e001e0014001400eeffeefff4ff1400bcfffaff0c001c002000eeffe6ff2600,10002000baff54000e00dcffe4ff440000f7bc48d0c55ef73e67a0c66e937267
3289,3289,0,0a00fcff0000eefff2ff1000fcff0c00faffdaffdeff1c0002001200ceff0e00,0200e4fffaff0c00f2ffd4ffeaff0a000400d2ff060036002c000c00fcff0c00,fcff0e00040014000000deff0400f4ffdaffbcfffefffeff1000000006000600,2000ceffe8ff5400fcffecff1400f4ffd6669cc6c493b266f84818937ef63c49
3290,3290,0,1a00dcff0000eefff2ffd2ff0c003c00dafffaff0c000c0002003000feffeeff,020002002c00faffe2ffe2ff0a00faff14003600f8ffd8ff1c00faffdcff1c00,1e00ccff1400f6ff1000eeff1400240008004600feffeeff2000eeffe6ff1600,100000005400e8ffdcff30003400d4ff8c49d69260f6ce48c0c6d6f5126720c6
3291,3291,0,fcffecffceff10000000f2ffecfffcff0c00caffe2fe1c0002000200eefffeff,f4ffd4ff0c001c002000f2ff0a000a00140004003600f8ff0c001c00fcff1c00,0e001e00140004001000eeff24000400ccffeafffefffeffdeff0000f6fff6ff,eeff10001600baff0e00300004002400fcc650f6926610c608930e67cc491e93
3292,3292,0,dcfffcff00001000f2fff2ff0c00fcfffaff0c000c005c00f4ff1200ceff0e00,f4ff1200fafffaff2e00d4fffaff0a00f2fff2ff060026000c000c00ecff0c00,0e00fcff1400140010001000f4ff2400eafffaff1c000c0020001000f6fff6ff,deff48001600e8ff1e00fcfff4ff1400d692d6663e49949346f53e4aa0c6cef5
3293,3293,0,0a00ecff0000eefff2fff2ffdcfffcff0c00faffeeff2c0040001200cefffeff,f4fff4fffaff0c002000e2ff0a00faffe2fff2ff360054001c00faffdcff0c00,ecff0e00040004000000100004000400eaffeaff0c00feffeeff00000600f6ff,1000eeffdaff16003000dcffd4ffe4ff54f5464abec6c2f50e6710c7e292f266
3294,3294,0,ecfffcff100000002000d2ffecfffcfffafffafffeff1c00e4fff4ffdeffeeff,0200f4ff1c00faff0000e2ff0a000a000400f2ff160026000c00fafffcff1c00,0e001e00f6ff1400100000001400f4ffeaffeaff0c00feff000000001600f6ff,2000eeff060016001e00ecff3400240086669cc7749302669e4a4892eef43a4a
3295,3295,0,ecffecff0000eeff000010000c00fcff1c000c003c012c00e4ff0200eefffeff,0200f4fffaff1c000000e2ff0a00eaff0400f2fff8ff16000c002c00fcff1c00,1e00fcff04001400deff100014001400faff08000c00feff100020001600f6ff,0000eeff0600e8ffecff40002400e4ffa64aa692d2f4144a34c8a6f5a26698c7
3296,3296,0,0a00fcffeeff10002000e2fffcfffcff1c001c00feff2c00f4ff1200eeffdeff,f4ff12000c00eaffe2ff2e00eaffeafff2fff2ff160006000c002c00fcfffcff,1e00dcff040022000000eefff4fff4ffeaffeaff0c00feff1000eeffe6ff1600,ceff10005400dafffcff30000400040082c868f384656ec768924e663e4bc292
3297,3297,0,1a001a00eeffeeff100020000c001c00faff0c002c010c00d4ff3000fefffeff,0200e4ffdaff0c00d4ffe2fffaff0a001400f2ff360036000c001c00fcffecff,dcfffcff1400e6ff0000100024000400daffeaff1c001c00100010000600f6ff,eeff20000600daff3000ecffa4ff140066922666c44a469384f3ae4a82c856f4
3298,3298,0,fcff0a0010001000d2ffe2ff0c000c00caff1c00deffe2fe30001200eefffeff,e4fff4fffaff3c00f2ff0000faff0a001400040006002600eafffaffecffccff,dcfffcff220004002000100004000400eafffaff1c00feff00001000f6fff6ff,2000deffdaff46003000ecff0400340028f3c84b6cc8f4f30e66b4c97292c065
3299,3299,0,0a000a00eeffeeff00000000ecff1c000c00faffceffceffd4ff0200feff0e00,f4fff4ffeaff0c0020003e00fafffaff0400f2ffe8fff8ff1c00fafffcffecff,1e000e00f6ff040000000000f4ff1400eaff1800eefffeffeeff00000600d6ff,6800eeff060016000e00ecff1400e4ffba6552c9569364652e4c789216f39e4b
3300,3300,0,fcff1a001000eeff2000e2ffecfffcfffafffaff0c00eeffe4ffe4ff1e00feff,e4ff1200eaffeaff0000e2ffeafffaff14002400160006001c000c001c00dcff,fcff0e00040004000000eeff1400f4ff0800fafffeff0c00eeff00001600f6ff,deffeeff1600e8ffecff0e00f4ffd4ff484c569284f3344ba4c944f290657cc9
3301,3301,0,1a001a00beff00002000f2ff0c00fcff0c001c00feffdeffe4ff12001e00feff,12001200faff0c00200000000a00faff1400e2ff54000600eaff0c00ecffccff,dcff0e000400f6ff1000200004000400eaffccfffeff0c002000eefff6ff0600,eeff30005400daffecff1e00f4ff04003cca48f2e4649cc848923e662e4c8292
3302,3302,0,fcfffcffeeff100010000000fcff0c00faff1c00feffcefff4ff0200eeffeeff,e4ff0200eafffafff2ffd4ffeaff0a00f2fff2ff260016000c00fafffcff0c00,8cffecff0400f6ff0000eefff4ff0400eaffeafffefffeff20002000f6ff1600,deff3000f8ffe8ff3000fcffb4ff2400cc915a65444cf69214f2de4c5cca14f2
3303,3303,0,0a00ecffceffdefff2fff2ff0c000c00dafffaff2c01eeff02002200feff0e00,1200e4fffaffeafff2fff2ff1a000a002400f2fff8ffe8ff1c001c000c00fcff,fcff0e001400f6ff0000100024002400eafffaff0c00feffeeff200016001600,58001000daff16001e00ecff040014000ef1ec4cbcc9b4f23e6578ca42926065
3304,3304,0,ccff0a000000eeffd2ff10000c00fcffeafffafffeffeeff0200e4ff0e00feff,120002000c00faff0000f2fffaff0a00e2ffe2ff160064001c00eaff0c00ecff,8cff0e00f6ff14002000defff4ff0400eaffeaff0c00feff10001000f6ff0600,2000cefff8ff0600ecfffcff0400e4fffa64acca0693e464de4cd29194f1e64c
3305,3305,0,2a000a00eeffceff0000d2ffecfffcff1c000c001c001c00e4ffe4ff0e00feff,120002001c00eaffd4ff0000eaff1a00040014003600f8ff1c000c000c001c00,ecff1e000400220000002000240024000800eafffeffeeff0000eeff06002600,eeffeeff4600f8ffdcff0e004400e4ff9c4dbc9150ef724c58cbb0f1e0646cca
3306,3306,0,fcffecff000000000000f2ff0c000c001c00faffdeffeeff1200f4ffdefffeff,d4fff4ff1c000c00f2ff2e00faffeafff2fff2ff740046001c002c001c00ecff,ecffecfff6fff6ff10001000040004000800eaffeeff1c001000eefff6fff6ff,ceff20005400daff0e003000e4ff14004ecb7cf034647cca2692b064a64d0292
3307,3307,0,2a00fcff0000eeff1000f2ff1c00ecff1c000c00feff1c00d4ff0200eefffeff,020002000c000c000000f2ff0a00eaff1400f2ffe8ff26001c000c00ccfffcff,fcff0e002200f6ff1000100014001400daff28001c00feffdeffeeff06001600,eeff10000600daff0e000e00e4ff0400bc91ba64b24c5092d0f0ce4da8cbaaf0
3308,3308,0,ecff1a00eeff0000d2ffe2fffcffdcfffaffeaff0c00eefff4ff12000e00feff,f4fff4ff1c00faff1000f2ff1a00faff04000400060026002c002c000c00ecff,0e000e0014000400eeffeefff4ff1400ccffdaff1c00feffeeff0000e6fff6ff,20000000daff06001e00baffd4ff240086ef484e7acba0ee80641acd02923864
3309,3309,0,1a00fcffceffcefff2ffe2ffdcff0c000c00daff0c000c0002000200defffeff,020002000c00faffe2ff3e000a001a00f2fff2ff26000600eaff0c00ecff0c00,dcffecfff6ff04000000100004001400faffeafffefffeffdeff30001600f6ff,5800defff8ff1600fcff1e00f4ff0400166482ccb69234648e4ec291caef3a4e
3310,3310,0,0a000a00deff1000f2fff2fffcfffcffeafffaffeeff0c00f4ff1200eefffeff,e4fff4ff1c001c002e004c000a000a00f2ff1400360026000c000c000c00ecff,fcff0e0014001400eeff000004000400dafffaffeeff0c00000030000600f6ff,eeffeeff640016000e0030000400d4ffa84e6c9124eea24deacceceef86358cc
3311,3311,0,2a00fcff10001000f2ff0000ecfffcfffafffaff0c001c0012001200feffdeff,0200e4ff1c00faff0000e2ff0a00faff1400e2ff3600f8ff0c002c000c00fcff,fcff0e000400040010001000f4ff0400fafffaff0c002a000000eeff26002600,deff20001600dafffcff1e000400140012cd16ef7663eacb82917064204fb291
3312,3312,0,3a00ecff0000ceff0000f2ff0c000c00fafffaff0c002c00d4ff1200eefffeff,0200e4ff1c001c00f2ffe2fffaff0a00f2ff040026000600fafffafffcffecff,dcff2e001400f6ff52001000d4ff1400eaffdaff1c00feff0000eeffd6fff6ff,00002000060016000e000e0004001400ac910664704e8092fcee5e4f50cdc8ee
3313,3313,0,0a00fcff30000000e2fff2fffcffecfffaff1c002c00eeff02001200deffceff,d4ffd4ff1c00faff3e0000000a00faffe2ff2400060006002c000c001c00dcff,fcfffcff0400f6ff1000100004002400daffdaffeeff0c0030002000d6ffe6ff,1000eeffdaff16000e00ecff04002400b6ee684f12cd44edf0633acdd291d863
3314,3314,0,fcffecffdeff00000000e2fffcffecff1c000c000c003c00f4ff12002e00deff,020012000c00faffd4ff2000eaff0a00040004000600d8ff1c001c00fcfffcff,fcff1e00140004000000000014001400eaffccff0c00feff0000eeffd6ffe6ff,3000eefff8ff24000e00fcff0400d4fff4623ece809266639e4f729198ed704f
3315,3315,0,0a00fcff100000001000f2ffecff0c00faffdaff0c00eeff22001200feffeeff,0200f4ff0c00faff00000000faff4a00e2ff0400e8fff8fffaff0c00acffecff,1e009cfff6ff140020000000240014003600ccff1c00feffeeff00001600d6ff,2000cefff8fff8ffcaff1e002400e4ffa84f7c9114ec004faaceccee886360cd
3316,3316,0,0a00fcffdeffeeffe2fff2ff0c000c00eaff1c000c00eefff4ff3000defffeff,f4ffe4ff1c001c00e2ff00000a00faffe2ff140016000600caff1c00ecffdcff,dcff0e002200f6ff1000200004001400faffccfffefffeffdeffdefff6ffe6ff,eeff30006400f8ff0e001e00f4ff04006ece50ed066382cd22914e63b04fb291
3317,3317,0,fcfffcffdeff1000f2ff0000dcffecfffaffcaff0c000c0012001200eeff0e00,f4fff4ff1c001c00f2ff00000a00fafff2ffd2ff16002600faff2c00fcff0c00,0e000e00f6ff0400eeff100024002400080008001c000c0020000000f6ffe6ff,00002000f8ffcaff1e00ecff040004002c91b462564f70922cedae4f70ce08ed
3318,3318,0,0a001a0000000000e2fff2fffcffecff0c00caff0c00defff4ff1200feffdeff,e4ffe4fffaff0c002e00f2ff5a00faff1400f2ff260026001c000c00ecfffcff,fcff0e00f6ff0400eeffeeff040014003600dafffeff0c0000002000e6ff1600,0000eeffcaff24001e00dcfff4ff24008eeb3e50f2cd16ebee62bacfa2910863
3319,3319,0,fcfffcff0000eeffe2ff0000fcffdcff0c00eafffeff0c001200f4ffeefffeff,e4ff02000c001c00f2ffe2ffdaffeafff2ff0400f8ff06000c002c001c00ecff,2e008cfff6ff1400deff200004002400fafffaff0c00eeff100000002600d6ff,3000deffcaff6400fcfffcff4400140074623ecf0092b662b2504291e0eba050
3320,3320,0,ecfffcff1000eeff00000000fcfffcfffaff0c000c001c01120030002e001e00,f4ff3000faffdafff2ff00000a00faffe2ff040046003600faff0c009cff0c00,1e000e000400f6ffdeff100004000400eaff28001c00eeffceffceff06000600,1000deff1600f8ffdcff1e000400a4ffde501c91b6eae64f9acfaceb9c6268cf
3321,3321,0,fcfffcff0000000000001000fcffecffcafffaff2c000c00020012001e00feff,d4ffe4ff0c00faff3e00f2fffaffdaffe2ff0400d8ffe8ff3c000c000c00ecff,dcffdcff040014001000deff1400f4ffeaff08000c000c00deff2000f6fff6ff,ceff10001600f8fffcff0e00f4ff040034d00eeb56622ecf0291be626a515291
3322,3322,0,2a001a0000001000f2ffe2fffcfffcff0c00caffeeff1c00120012000e00eeff,020002000c000c00e2ff2000eaff1a001400f2ffd8ffe8ff0c00eafffcfffcff,1e00fcffe6ffe6ff0000100024001400eaff08001c00feff00000000e6ff0600,deff2000e8ff06000e001e00e4ff14001c91246262523092dceb425152d070eb
3323,3323,0,fcff1a001000eeff00000000fcfffcffcaffeaff2c000c001200f4ffdefffeff,020012000c000c00f2ffe2ff0a000a0004000400060054001c00fafffcfffcff,2e000e00f6fff6ff0000eeff1400d4ffccffccffe0fffeff000000001600f6ff,1000eeffdaff16005000ecff040014006eea7e513ecfcee94e628ed04291fc61
3324,3324,0,1a001a0000001000f2ff2000fcffecff0c000c002a010c0002001200eeff0e00,f4ffe4ff1c00fafff2ffd4ff0a001a0014000400f8ff16002c000c00fcff0c00,1e00dcff14001400eeffeeff14000400ccfffaff0c00feff2000000016001600,58001000e8ff64000e00fcff440034007861a4d0f091d6614251e29094eada51
3325,3325,0,1a000a0000002000000000000c000c00faffdaff1c000c0002000200fefffeff,f4ffe4ff0c001c00e2ff3e00faffeaff14000400b8fff8ffeafffaffecffecff,0e008cfff6ff0400100000000400a4ffdaffccfffeff0c001000eeff06001600,eeffdeff16001600dcff1e000400c4ffce51dc906ee912534ed18cebdc614cd1
3326,3326,0,fcfffcff1000ceff0000e2ff1c000c00faffdafffeffeefff4ff0200feff1e00,0200f4ffeaffeaffd4ff3e001a001a001400d2ffd8fff8fffafffaff0c000c00,fcff2e00f6ffe6ffdeff10000400d4ff1800dafffeff0c0000000000e6ff1600,eeff30001600caff0e0030001400f4ff84d152e9d6619ed0b290ba613a522291
3327,3327,0,0a00fcffeeffdeff100000000c00fcffdaff0c002a001c00300030000e00feff,02000200eafffaffe2fff2fffaff0a0004001400060026000c00faffdcffecff,0e000e0004000400300000001400f4ffeaffeaffeefffeff2000eefff6ffe6ff,100010000600cafffcfffcfff4ff14000c9158614253f091fae92652ccd124ea
3328,3328,0,fcff1a000000eefff2fff2fffcfffcfffaff1c00d0fffeff02001200feffeeff,1200e4fffaff0c000000e2ff0a000a0024000400060026000c000c000c002c00,1e003e000400040000000000f4ff0400daffccfffefffeff2000200006000600,1000eeffcaff06003000dcffd4ff040032e998529ed080e84a6172d2e8903c61
3329,3329,0,ecffecff0000000010000000fcfffcff0c00eaff0c000c0140001200eefffeff,1200e4ff1c00faff3e00e2ffeafffaffe2fff2ff06003600fafffaffccffecff,0e00ecff040004001000deffd4ff0400faff18000c001c00eeffeeff1600d6ff,1000eefff8ff4600fcffecff24000400e8605ed2a09150613a53c290cae8ca52
3330,3330,0,fcfffcff0000eefff2fff2ff0c000c00daff1c00eefffefff4ffe4fffeffdeff,f4ffd4ffdafffafff2ffe2ff0a000a000400f2ff160026001c004c00fcffccff,0e00fcff040004000000eeff24000400faff3600feff2a002000eefff6fff6ff,000000004600f8ffdcff30002400f4ff1a539c90c0e73254d2d2a6e80c615cd2
3331,3331,0,fcfffcffeeff10001000e2ffdcff1c00faffcaff0c000c001200f4fffeffdeff,120012001c000c00e2fff2ffeaffdaffe2ff1400e8ff3600faffcafffcffecff,1e00dcfff6ff0400100000000400f4ff2800faff0c00feff2000eeff0600d6ff,ceff00000600caff0e001e000400e4ff20d3d2e7b26080d21291fa60a653c890
3332,3332,0,fcff0a00ceffeeffe2fff2fffcffecfffafffaff1c001c00e4ff22001e000e00,f4ff0200eafffaffe2ff4c000a000a0014000400f8ff2600fafffaffccfffcff,0e000e00140014001000eeff04000400eafffaff1c000c002000000006002600,eeff1000e8ffdaff30000e00e4ff04009c905860f254909178e71c543ed3fae7
3333,3333,0,fcff0a00eeff000020002000dcff0c00faff0c00eeff2a011200e4fffefffeff,e4ffe4ff0c00faff3e00f2ff0a00faff04000400160046001c00fafffcfffcff,0e00ecff0400040010001000f4ff0400faff08002a002a0020003000e6fff6ff,1000eeffcaff64001e00caffe4fff4ff5ce76a5380d2d0e69a6022d3c890a260
3334,3334,0,fcff1a00eeff0000f2ffe2ffecff1c000c00faff1c001c0030000200feffeeff,02001200daffeafff2ffe2ffeaff0a001400f2ffe8ff0600faff0c00dcffccff,ecfffcff1400f6ff100030000400f4ff3600faff0c00feff0000ceff0600d6ff,5800defff8ff1600fcff0e00440004002860b0d3a0911c608c54b2902ae7f653
3335,3335,0,fcff0a000000eeff10002000ecff0c00faff0c00eeff0c00020040000e00eeff,12000200dafffaffe2ff2000faff0a000400f2ff260006002c000c00fcffecff,1e00fcfff6ff0400eeffeeff04001400ccff08000c001c002000eeffe6ff0600,0000deff4600f8ffecff30005400d4ffe6549c90e2e5025544d408e7ea5f1ed4
3336,3336,0,0a000a001000eeff10000000fcffccfffafffaff1c000c00220040000e00feff,e4fff4fffaffeaffe2ff1000faffeafff2ff040026003600faff2c001c00ecff,1e000e000400f6ff0000eeff0400e4ff28000800fefffeffdeffeefff6fff6ff,eeff20004600cafffcff0e0044001400f0d37ce6fc5f70d59290765fae54c890
3337,3337,0,fcff1a00eeffeeffe2fff2ffecfffcffdaffdaff0c012a00020030001e002e00,0200e4fffafffaff2000e2ff0a00faff1400e2fff8ff16000c002c00acffecff,0e00fcffe6ff1400000020000400e4ffccff3600eeff1c0020003000f6ff1600,deff2000f8fff8ff1e001e00e4ff44008c90825f7055d091aae5ac549ed458e6
3338,3338,0,bcff0a000000eefff2ff00000c00fcff2c001c002a00eeff020030002e001e00,02001200eafffafff2ffe2ff0a001a00f2ff0400d8ff0600faff0c00ecff0c00,3e001e00f6ff0400ceff100004001400faff1800feff1c000000eefff6ff1600,deff4800daff16001e00fcff24004400a0e50655d0d524e5865fb4d598909a5f
3339,3339,0,ecff0a0000000000e2fff2ffecffecfffafffaff0c00eefff4ffe4fffeffdeff,1200e4ff1c00eaff1000f2ffeaff0a000400f2ff060006001c001c00ecffecff,1e000e0004000400eeffeeff04000400faff2800fefffeffeeffeeff06000600,1000defff8ff1600ecffecfff4ff2400025f6cd58091445f4c55429008e65e55
3340,3340,0,fcff0a00eeff0000f2ff0000ecfffcfffafffafffeffeeffe4ff3000eeff0e00,d4ff0200eaff0c000000f2ffeafffaff1400f2ff3600f8ff0c000c00ecff9cff,fcfffcfff6ff04001000eeff040004000800daff1c002a0030001000f6fff6ff,0000100016001600dcff1e002400040066557c9034e42e5674d68ae42a5f96d5
3341,3341,0,dcfffcffbeffeeff0000f2ff1c00fcff0c001c001c002a0002000200feff0e00,d4fff4fffaffdaffc4ffe2ffeaff0a0004000400e8ff06000c00cafffcffdcff,fcff0e00f6ff14000000100004001400faff28001c000c00eeff10001600f6ff,deff10001600daffecff1e001400f4ff68d6d0e4d45e9ed68290b65f9e55a890
3342,3342,0,fcffecff100010001000e2ff0c000c001c000c00eeff0c00e4fff4ffeeffeeff,22002200faffdaffe2fff2ffeafffaff04001400060026000c002c00ecfffcff,2e000e00040014000000000024002400faffeaff1c00eeffdeffeeff0600f6ff,00003000f8ff06000e000e00d4ff14007c90c25eae5670912ae4ac5676d6e8e4
3343,3343,0,ecfffcff10001000f2ff00000c00fcffcafffaff1c000c00020002002e002e00,120012000c00faff2e00f2ffeaffeaff14000400f8ff16000c000c00dcfffcff,0e000e000400f6ff1000ceffe4ff1400080008002a000c00eeffeeffe6ff2600,30001000caff46001e00baffe4ffe4ff3ae362563cd764e3165f74d68890725e
3344,3344,0,fcff1a001000eeff0000f2ffecfffcffdafffaffeeffeefff4ff3000ceff0e00,f4ff1200fafffaffd4ff2e00eaffeaff0400d2ffc8ff0600eaff0c000c00ecff,fcfffcff04001400eeff00000400e4fffaffeaffe0fffeffeeff3000e6ff0600,20000000caff6400ecfffcff14001400825e08d74091845ecc56a290c0e32e56
3345,3345,0,fcffecff000000001000e2fffcfffcfffaff0c000c001c00020012002e000e00,12001200eafffafff2fff2ff0a00eafff2ffc0ff060006000c00fafffcffecff,dcfffcff040014000000eeff14001400faff2800fefffeffeeff00000600f6ff,eeffdeff0600f8ffecff40000400e4ffc2567c9094e33e57a4d7eae3325e4ed7
3346,3346,0,0a000a00eeffcefff2ff10000c00fcfffaff0c002a001c0002003000deffeeff,0200f4ff0c00eaff10002e00eaff0a00f2ff040036003600faff0c00fcffecff,fcff0e000400f6ff000010000400e4ff0800eaff0c000c000000eefff6ffd6ff,100010006400acffdcff40001400e4ff5ed8dae2245e1cd85290065eae566890
3347,3347,0,0a00fcff0000100000000000fcfffcff0c001c00eeff2a00020050000e00eeff,e4ff12001c000c00d4ff2e00daff0a00f2ff140026002600faff0c009cff3c00,1e002e00040004000000000004001400eafffafffefffeff00000000f6ff0600,eeff68001600caff0e00ecffe4fff4ff8c90a65dd0577091a8e29c56ced750e3
3348,3348,0,ecff0a0020001000e2ff1000dcffecff1c00eaff0c00eeff22001200feff0e00,d4ffe4ffeaffeaff20003e00fafffaff1400d2ffe8ff26001c001c00fcff0c00,fcff0e00f6ff0400eeff000024000400daff2800fefffeff0000eefff6ff1600,10000000e8ff16001e00ecff040024004ae242571cd900e2365ef8d89890d25d
3349,3349,0,fcffecff0000eeff200020000c00dcff0c00fafffeff0c00e4ff02002e001e00,f4ff0200eafffafff2ff20000a001a00f2fff2ff060016001c003c00fcffecff,0e002e0022001400eeffeeff04002400eaff08001c000c00eeffeefff6fff6ff,1000deff06001600fcfffcff34000400365d9ed81a91385d5c57729094e26657
3350,3350,0,1a00fcff0000deff1000d2fffcff0c00caffcaff2c00ceff02003000eeff0e00,220012000c00daff2e00e2ff0a000a00d2ff04003600f8ff2c000c00dcfffcff,0e001e00f6ff14000000deff1400d4ffeafffaff1c001c00deffeeff0600f6ff,2000eeff16000600ecff1e002400e4ffe8575c9032e1645808d914e1325d30d9
3351,3351,0,0a000a00eeffeeff200020000c001c000c001c001c000c0012002200feff2e00,0200f4fffafffaffd4ff2000faff0a00040004001600f8ff0c000c00fcffecff,ccfffcff220014001000eeff0400e4ffeafffaff1c002a001000eeffd6fff6ff,ceff10001600dafffcff3000f4fff4ff7ed98ee1485ddad95290c65d96576890
3352,3352,0,0a00fcff000010000000f2fffcffecffcaffbaffeeff0c0022001200eeff1e00,0200f4ffeaff1c00e2ffe2fffaffeafff2ff0400460006002c001c000c000c00,0e009cffe6ff14000000eeffe4fff4ffeafffaff1c000c00eeff30001600f6ff,eeff3000f8ff16000e00fcfff4ff04005c90e65c24598091e4e0d05890d9a4e1
3353,3353,0,0a000a000000ceffe2ff10001c000c000c00daff1c002c00220040000e000e00,12000200faffeaffe2ffe2ffeafffafff2fff2ff360016000c001c000c000c00,2e002e00e6fff6ffeeff100004001400faff28000c00eeff0000eefff6ff0600,0000eeffe8ff06001e00fcffe4ff44004ee03858b8da82e0165d88d94890d25c
3354,3354,0,fcff0a0000000000100000000c00fcffcafffaff2c002c00e4ff12002e00feff,120012000c000c00d4ffe2fffafffaff040004003600e8ff2c00faffdcfffcff,dcff0e00140004000000eeff1400e4ffeaff1800eeff0c001000eefff6ff1600,1000eeffe8ff1600ecffecff1400f4ffb65c7ada4091f85ce0587290a4e09858
3355,3355,0,0a000a0000000000f2ff0000fcfffcff0c000c000c00eeff020012002e00eeff,120012000c00faffd4ffd4ff0a00faff04000400f8ff46000c000c00dcffacff,0e000e00040004000000eefff4ff1400daffccff1c003a00ceff000006000600,0000000006000600cafffcfff4ffe4ff58584c9094df54593cda54e03a5c50da
3356,3356,0,0a00ecffeeff200000000000fcffecfffaffbaffe2fe1c01400002000e00eeff,e4ff12001c00faffe2ffe2fffafffaffe2ff0400360016002c00eaffecffecff,fcfffcfff6ff0400eeff10000400f4ffdaffbcfffeff1c0000000000f6ffd6ff,deff10001600cafffcff50001400f4ff2adb0ee0785c28db2290165cc8584890
3357,3357,0,1a00ecffeeff2000f2fff2ff0c002c00daff0c002c00f2fe2200f4ff0e00deff,02000200fafffaffd4ff20000a000a000400f2ff060036000c00faff0c00fcff,1e002e00f6fff6ff0000eeff04001400eaff0800fefffeff1000eeff16000600,deff5800f8ffdaff0e000e00040004005c90965cea59309170dfd058f0daf2df
3358,3358,0,ecfffcffeeffeeff00000000fcffecffdaffdaffeeffe2fef4ff02000e00feff,f4fff4ff1c001c00f2ffe2fffaff0a00c0ff1400f8ffd8ffeaff0c00ecffecff,fcffecff040014000000eeff0400f4ffccffeaff0c002a002000300016001600,00000000f8ff16000e00baffe4ff2400d8def858f8db24df065c30dc38900a5c
3359,3359,0,fcffecff1000eeffb2ff2000ecff0c000c00faffeeff1c000200e4ffeeff2e00,f4ff02002c00eaffe2ff00001a000a001400e2ff360026000c002c00dcffdcff,1e000e00040022000000000004001400faffdafffeffe0ffeeff300006002600,2000deffdaff46000e00fcff14002400925b9adb6091985ba059629012df4859
3360,3360,0,dcfffcff00000000100020000c00dcffdaffcaff0c00eefff4fff4fffefffeff,f4ff0200eaff1c002e00f2ff0a001a00f2ff1400f8ff16001c000c00ecff1c00,dcff0e00f6ff22003000eeff14000400ccffccff1c00feff20001000e6ffd6ff,0000deff16001600dcff0e004400e4ffb8593c9046de2a5a40dc60de3a5bc2db
3361,3361,0,fcfffcffeeffeeff2000f2ff0c000c002c00daff1c002c00f4ff02002e00eeff,2200e4ff0c00faffe2fff2ff0a000a00f2ff2400f8ff06000c001c00ccfffcff,0e000e00f6ffe6ff0000eeff14000400faffdaff1c00feff0000000036000600,000020001600cafffcff1e00e4ff14004cdd88de085b36dd3290e65bc8593890
3362,3362,0,fcffecff00001000100000000c00fcff1c00faff0c001c00e4ff1200feffdeff,e4fff4fffafffaff2e00f2fffaff0a00f2fff2ff54001600cafffaffdcfffcff,ecffecff140014000000deffe4ff1400faffdafffeff0c00deffeeffe6ffe6ff,eeff6800e8ffcafffcff1e00f4fff4ff6c90a45ada5a609130deb45acadceadd
3363,3363,0,ecff0a000000eeffe2ff1000dcffecff0c00daff0c002c001200f4ffdeffeeff,0200d4fffafffafff2fff2ff5a000a0004001400f8ff16000c001c00fcffdcff,0e00fcfff6fff6ffeeff100004000400faffdaff0c000c00eeff000006003600,00005800dafff8ff3000caff140034007cdd225a76dd16dd145bb0dc28909e5a
3364,3364,0,ecfffcff0000defff2ff0000ecfffcfffaffdaff0c000c0030003000feffeeff,f4ffd4ff0c00faff3e00f2ffeaffeafff2ff0400060046001c00faffdcfffcff,2e000e00040004000000100024001400ccffccffe0ff660000000000f6fff6ff,3000eefff8ff16000e000e0024000400525a8cdd5091085b945a62902add085a
3365,3365,0,fcff0a000000eeff0000f2ffecffecfffafffaff1c002c00d4ff1200feff1e00,f4ff0200fafffafff2fff2ff0a000a00240004000600d8fffaff1c009cfffcff,1e002e000400e6ff0000eeff24002400eaffeaff2a001c0000002000e6ff1600,3000eeff1600f8ffcafffcffe4ff0400b45a5c90f6dc285b80dd10dd7e5abadd
3366,3366,0,fcffdcffeeff1000e2ff10000c001c000c00faff2c002c001200e4fffeffdeff,0200e4ff0c00faff20002e001a00eafff2ffe2ff26001600fafffafffcffecff,0e00dcff14000400200000001400f4ffccffeaff0c000c0000000000e6ffe6ff,eeff10004600caffecff1e00e4ffe4ff48de5cdc6a5ab4de4290b059be5a3890
3367,3367,0,0a00ecff000000000000e2ffdcfffcfffaff1c000c000c0002003000eefffeff,120012001c00faffe2fff2ff0a00faff140004001600e8ff0c003c000c000c00,0e001e0004000400eeff200014000400080008000c00feffeeff3000f6fff6ff,eeff5800e8ffdaffecffdcffd4ff14003c909859285cea9040dca45abade42dc
3368,3368,0,fcfffcff0000eefff2fff2fffcffdcfffafffaffeeffeeffd4ff12000e00deff,1200f4ff0c00faffe2ffd4fffaff0a00d2ff2400260006000c001c00ecff0c00,1e000e00040004002000000014000400faffdaffeefffeff0000200016000600,2000eeffdafff8ff1e00fcffe4ff04005adb445ba4df48dcc05990df48908859
3369,3369,0,fcfffcff10000000d2ff0000dcffecff0c000c003c011c001200e4fffeff0e00,f4ff02000c00eaffd4ffd4ff0a001a00f2fff2ffe8ff26000c000c00ecff1c00,dcff1e0004001400bcffeeff140014000800eafffeff2a00eeff0000e6fff6ff,6800eeffdaff1600fcffdcff140024001859aedf60910a5a165ca29092dbaa5b
3370,3370,0,ecfffcff0000eeffe2ff10000c00fcff0c00baff1c00eeff1200f4ff2e00feff,e4ffe4ffeaff1c00f2fff2ffeafffafff2ffd2ff260026000c000c00fcfffcff,fcff0e00f6ff140020000000a4fff4ff9effeaff0c001c00100030002600f6ff,0000eeff16001600fcff0e000400c4ffe25b3c9068db685c90df9cda285952df
3371,3371,0,ecff0a000000100000000000fcfffcfffaffdaffeeff3c01d4ff0200eeff0e00,d4fff4fffaff0c00e2fff2ff0a001a0004002400f8fff8ff0c00faff0c003c00,fcff1e001400040000001000f4ff1400daffeaff0c001c00000030001600f6ff,ceff10006400cafffcff30001400f4ff1ee06adab45922e0529070591a5c0890
3372,3372,0,0a00fcff0000deffe2ff2000fcff0c00fafffaff4c00fefff4ffe4ff0e001e00,120002000c00caffd4ff3e000a001a0004000400f8fff8ff0c000c00ecffecff,1e00fcffe6ffe6ffdeff000024000400ccfffaffeeff0c001000eeff16000600,eeff10000600caff1e00fcff440014006c907858585cea906cdab65c84e060da
3373,3373,0,ecff1a000000eeff0000f2ffecffecfffaffbafffeffeeff1200f4ffeeffeeff,e4ff30000c00faffd4ffd4fffafffaff0400f2ff64000600eaff2c00ccffecff,fcff0e00f6ff04000000eeff14000400daff0800feff0c00eeff000006001600,eeff1000caff16004000ecff040054007ed9965ca2e098dac058c0df5890a858
3374,3374,0,fcff0a000000eeff100020002c000c00faff1c001c002c001200d4ff0e002e00,12001200fafffaffe2ff20005a000a00e2fff2ff160074002c002c001c00fcff,fcff1e00f6ff140000001000040004000800fafffefffeff100010000600f6ff,1000ceffcaff16001e00dcff140004008858aee0da90a458a65cee8fb0d94a5c
3375,3375,0,fcff0a00000010002000e2ffecff1c000c00daffdeff3c01e4ffe4ff0e00eeff,e4ff1200faff1c00f2ffd4ff0a00eaffc0ff0400360006001c00eaffecffecff,ecff1e00e6ff0400eeffceff0400f4ffdaffdaff0c001c0010000000f6ff1600,ceffdeff0600f8ffecff0e000400d4ffc65c3c90f2d9385d04e1a8d90658c4e0
3376,3376,0,1a00ecffeeff0000f2ff5c00fcff2c00faffcaff2c002c0012000200feff0e00,1200d4ff1c00daffd4ff3e001a000a001400f2ff460026000c000c00ecffecff,0e00fcfff6fff6ff000000002400f4ffeaffeafffeffe0ff000000001600e6ff,ceffeeff4600daffdcff1e001400f4ff6ee1ded81e5892e1ee8fac57125d5890
3377,3377,0,ecff0a00000020001000f2fffcffdcffcaffdaff0c001c00f4ff0200eeff0e00,f4ff0200faff0c00f2fff2ffeaffeaff14001400840036000c00eaffecfffcff,0e003e00140022000000000014002400fafffaffeeff0c0030001000f6fff6ff,beff40005400e8ff1e00fcffe4ff14005c908257485d509128d9265dd4e120d9
3378,3378,0,fcffdcffeeffeeffd2ff10001c00ecffdaff0c001c000c00020022002e000e00,f4ff1200fafffaffd4ff2e000a00faff040004001600f8ff2c000c00fcffdcff,1e000e000400f6ffeeff000004000400eaff08001c00feffdeff2000f6fff6ff,10001000caff06003000fcff240024006ed8565d22e2e4d8bc5728e26890a657
3379,3379,0,fcff2a001000eeff0000f2fffcff0c00baffdaff0c000c000200f4ffdefffeff,0200e4ff2c002c002e00d4fffaff0a00e2fff2ff360026001c000c00ecffdcff,fcff2e0022001400eeffeefff4ff1400ccfffafffefffeff00000000d6fff6ff,eeffdefff8ff16001e00fcffe4fff4ff42576ae260910058365d6290d8d7725d
3380,3380,0,fcfffcffdeffeefff2ff0000ecffecff0c00daff1c001c000200f4fffefffeff,1200f4ffeaffeaffd4ffe2ff1a000a00f2ff1400460016000c000c00fcff0c00,0e001e00c8fff6ff000000000400f4ff2800eafffefffeffeeff100046001600,2000eefff8fff8ffdcff1e004400e4ff325e5c90ecd7245ee8e254d77e56a4e2
3381,3381,0,ecfffcff10001000f2ffe2ffdcff0c000c000c000c004c0002000200defffeff,d4ff2200faff1c00f2ffe2ffeaff0a00e2ff0400160006000c002c00ecffecff,ecff2e00040014000000deff04000400eaffdaff0c000c0010001000f6ff0600,eeff00004600f8ffecfffcffe4ffd4ff5ae3d8d6405744e352900c57125e7890
3382,3382,0,ecfffcff00000000e2ff10000c000c000c000c002c00eefff4ffe4ff2e000e00,02002200faffeaffe2ffe2ff1a00faff36000400e8ff36001c000c000c00ecff,1e000e00f6fff6ffdeffeefff4ff14002800eaffeeffeeffdeff200026002600,deff2000e8ffdaff1e004000f4fff4ff8c90d256745e5091c4d6b65ec0e358d7
3383,3383,0,dcff0a00200020002000f2ffecffecff0c000c000c000c00f4ff02000e00eeff,f4ff1200eafffaff2e00e2ff0a000a00040014001600d8ff1c00faff2c00ecff,8cfffcfff6ff32000000eeffe4ff0400ccffeaff0c000c00eeff000006001600,eeff1000daff54003000dcffe4ff1400a8d6825ee4e32cd7ec56f8e268907e56
3384,3384,0,fcff0a0000000000f2ff0000ecff0c00fafffaffeeff0c00120012002e000e00,f4ff1200eaffeafff2ffd4fffaffeafff2ffe2ff260026002c001c002c00dcff,0e000e00f6ffd8ff000000001400f4ffeaffeaff1c00feffdeffeeff16000600,5800eeffdaffe8fffcfffcffe4fff4ff7256eae35091e056965ea29090d6625e
3385,3385,0,ecffdcffeeff000020000000ccfffcffcafffaffeefffeff30000200eeff0e00,e4ff12000c000c000000d4fffaffeafff2ff1400060054000c001c00ecff1c00,1e00fcfff6ff22000000deffe4ff1400acfffafffeff1c000000eefff6ff0600,eeffeeff4600e8ffecff0e001400d4ffc25e8c90ded6f45e22e5d4d6ee5550e4
3386,3386,0,1a00ecffdeff0000e2ffe2ff2c000c00dafffaffeeffdefff4ff0200eefffeff,22000200faff0c00c4ff00000a00faff0400f2ff54000600bafffaffecfffcff,1e001e00f6ff0400eeffeeff0400f4fffafffaff0c00feffceff00000600f6ff,deff00005400caffdcff50001400e4ff60e518d6d05614e572907c55925e7890
3387,3387,0,fcffdcff000010000000f2ffecff0c00eafffaff0c000c0022003000eeffeeff,e4ff02001c000c000000e2ffeaffcafff2ff0400260036002c00faffecff1c00,dcff1e00040014000000eeffe4fff4ffccfffaffeeff0c000000deffe6ff1600,eeff4000f8ffdaff1e000e00d4ff0400cc90b655545fd091c4d5265f68e5b0d5
3388,3388,0,fcffdcffeeff0000f2ff2000fcff0c00fafffaff1c000c001200f4ffdeffdeff,f4ff0200eaff0c000000e2fffaff1a000400f2ff060036002c002c00ecfffcff,1e001e00f6ffe6ffeeff1000f4ff0400ccffdaff0c00e0ff000010001600f6ff,10000000cafff8ff0e00fcfff4ff24008cd5225fe2e520d6fc55a2e698907e55
3389,3389,0,0a00fcff00000000f2ffe2fffcfffcfffaff0c002c00eeff12003000feffdeff,020030001c001c000000e2ffeaff0a001400f2ff360026000c001c00fcffdcff,0e009cff0400f6ff0000eeff0400f4ff2800eafffeff1c000000eeff06000600,1000eeffcaff54001e00dcff0400040026552ce6a091c055a65f529010d52a5f
3390,3390,0,fcff0a000000eeff0000f2fffcff1c00daffcaffeeff0c0030001200feffdeff,12001200eafffaffd4ff3e000a000a00e2ffe2ff160026000c000c00ecffecff,0e000e0014001400deffeeff0400f4ffeafffaff0c00eeffdeffeeff26002600,0000eeff0600dafffcff0e003400b4ff725f9c9010d5845ff2e6f4d31e5548e6
3391,3391,0,0a00fcffeeffdeffe2ff0000ecfffcff0c00caffe2fefeff02005000feff0e00,1200f4fffaffeaff0000f2ff0a000a000400f2ff260026003c001c00dcffecff,0e000e00f6fff6ffceffcefff4ff0400faffeaff0c000c00ceff000006000600,eeff10001600f8ffecff1e0024002400ece6acd4205522e6d2909854ba5f9890
3392,3392,0,fcfffcff0000eeff10001000fcff2c001c00dafffefffeff020030001e00feff,e4ff2200fafffafff2fff2ff0a00fafff2fff2ff540036001c002c001c00ecff,0e00ecfff6fff6ff0000000014001400faff08001c001c000000200016001600,ceff7800160006000e000e00e4ff0400bc9042547260a09124d48a6000e738d4
3393,3393,0,fcfffcffeeff100000002000fcffdcfffafffaffdefffeff02002200eeffceff,f4ff1200fafffaff10003e00eafffafff2fff2ff2600f8ff0c000c00fcffccff,0e00ecff040014001000eefff4ff04000800eaff1c001c00eeff0000f6ff1600,30003000dafff8ff3000ecffe4ff440050d32860c0e710d4865332e7a8904654
3394,3394,0,fcffecff100000004e0000001c00fcfffaffcaff0c00eeff120040001e000e00,f4ffe4ffeaff0c00200020001a000a000400e2ff360016001c002c00dcff1c00,fcff0e000400040000001000340084ff0800faff0c00eeff20000000f6ff0600,3000eeffdaff54000e000e0024001400c25302e8b091b2546a60c29068d32a60
3395,3395,0,3a00fcffeeff0000d2fff2fffcfffcffdafffaffeeffeeff500012000e00feff,12001200faffeaffb6ff2000faff0a00f2fff2ff540006000c000c002c00fcff,1e000e0014000400ceffeeff04000400daffbcffeeffe0ff1000000006002600,10001000f8ff0600ecfffcff340004005860ac9082d3b26096e822d3d653fae7
3396,3396,0,dcff0a00eeff10001000f2fffcffecfffaff0c000c00feff02001200feffeeff,e4ff0200eaff2c00e2ff2000eaff0a000400e2ff0600d8ff2c001c00fcffecff,ecfffcff040014000000eeff0400f4fffaffeaffeefffeff2000eeff1600f6ff,deff00000600cafffcff0e001400040072e89ed2925410e8e290f652a260e890
3397,3397,0,fcff2a001000eeff0000f2fffcffecffdaff0c002c000c00020040002e00eeff,2200f4fffaffdaffe2ffe2ff0a00faff0400f2ff360016000c003c00ecffdcff,fcff0e00040014000000deff14000400dafffafffefffeff0000200006000600,ceff30000600e8ff1e000e00d4fff4ffcc90ea520061d09172d2ca6014e9ccd2
3398,3398,0,dcff0a00100000000000f2ffecffecff0c00faff0c00ceff3000f4ff0e000e00,f4fff4ff0c00faff2e00e2fffaff0a00d2ffe2ffe8ff16004c00eaff1c000c00,0e00fcff0400f6ff3000100004000400faffdaff1c00feff0000eeff06002600,10001000baff46001e00ecffd4ff24006ed2d860aee866d0c6522aeae8901653
3399,3399,0,fcfffcff1000deffe2ff10000c000c000c00faff2c012c00300050002e000e00,1200e4ff0c00faffb6ff2e000a000a0004000400f8ff36001c002c001c000c00,0e000e001400f6ff10000000f4ff140018000800fefffeff0000eefff6ff1600,30000000f8ff06001e00ecff2400f4ff385232e9409272533a61a290fcd11c61
3400,3400,0,fcff1a002000100000000000ccff0c00daffeaff0c001c0050000200eefffeff,f4fff4fffafffaff2e00e2fffafffaffe2fff2ff360026001c00faff1c00fcff,1e008cff140014000000deff04000400ccffeafffeff1c002000eeffe6ffe6ff,deffeefff8ff0600ecffecff3400e4fff860fc90ccd0d6610aea2ed18a5234ea
3401,3401,0,0a00ecffeeff000010001000fcffecfffafffafffefffeff12004000eeffceff,0200d4fffafffaff0000e2ff0a000a001400f2ff1600f8ff3c000c00fcff0c00,0e00fcff0400f6ff1000200004000400bcffccffeefffeff0000eeff0600e6ff,100030005400daffecff4000f4ff04002eeae4d0f2528ee9b2909652bc61e890
3402,3402,0,ecffdcff20000000d2ff00000c001c000c00faff0c00eefff4ffe4fffeffeeff,12001200eafffaffe2ffc4ffeaffdaff04001400260006000c000c002c002c00,fcff0e00f6ff0400eeffdeff0400f4fffafffaffe0ff0c000000ceff06000600,eeff10001600f8fffcfffcffd4ff0400ec9038528061c0917ed0ba61a4ea0cd1
3403,3403,0,fcfffcff10000000f2ff20001c00fcffbafffaff0c000c0040000200fefffeff,0200e4ffeaff0c00d4ff4c00faff0a000400f2ff260026001c002c00fcff0c00,2e001e00f6ff0400eeffeeff24002400080036001c00feffeeffdeff26000600,10001000baff16001e00fcffe4ff240094d088616eea3ecf62511aea3291fa51
3404,3404,0,fcfffcff0000eefff2fff2ff0c000c00dafffaff0c002c0012002200eefffeff,f4fff4ff0c000c00f2ffd4ff0a00fafff2ff140036006400faff0c00fcfffcff,dcff1e00040014000000eeff0400f4ffdafffaffe0ff0c001000defff6ff0600,eeffdeffdaff4600fcffdcfff4ff24003e51eeea209212539a61e29042d0fc61
3405,3405,0,0a00ecffeeff100010000000fcffecff3c00fafffefffeff02000200eefffeff,0200e4fffaffeaff0000f2ff0a000a00f2ffe2ff1600f8ff2c00eaff0c00dcff,2e001e00e6ff1400deffeeff140014000800faff0c00eeffeeffeeff06000600,3000deff460006000e0040004400e4ff24621c9120ce76623cec9ed02a5190eb
3406,3406,0,fcffdcffeeffdeffe2fff2ffecfffcff0c00faff1c00feff02000200eeff0e00,f4fff4ff0c00eaffe2ff2e00faff1a0014001400060006001c001c00ecfffcff,1e001e00040032000000eefff4ff0400ccffdaff7600feff00003000e6ff1600,eeff00004600e8ffecff3000040014007eebe4cf62522eebf29052503c624291
3407,3407,0,0a00ecff0000000010001000ecff0c00eafffaff0c00eeff12002200feff2e00,e4ff12000c000c00e2ff4c00fafffaff2400f2fff8ff06000c000c00fcff1c00,fcff1e00f6ff0400eeffdeff24000400daffeaffe0ffeeff000010000600e6ff,deff10000600f8fffcff0e00f4ff04002c91ce50c66210923acf4e62deeb68cf
3408,3408,0,fcfffcff00001000f2fff2ff1c001c00fafffaff3c01deff12001200feff0e00,e4ff12001c00faff2e0000000a001a00f2ff0400f8ffe8fffaff0c00fcfffcff,2e001e0014001400eeff0000f4ff1400daffdaff1c000c00eeff3000f6ff0600,eeff1000e8ff16004000dcffe4ff1400cece946294ecb2cd52503ced4291c050
3409,3409,0,fcff0a00deff0000d2ffe2fffcfffcffdaffdaff1c001c0012000200deffeeff,1200e4ff1c001c00e2ff2000fafffaff1400f2ffd8ff16001c000c00fcffacff,0e000e00f6ff040010002000140014002800eaffeefffeffeeff00001600f6ff,3000eeffcaff1600fcff0e00f4fff4ff4e506cec2092be51ee62229118cfac62
3410,3410,0,1a00fcffeeff00000000e2ffecff0c00faff1c002c01feffe4fff4ff3e00eeff,12001200eafffaffd4ffe2ff0a000a002400f2ff06004600fafffaffdcffecff,0e00fcff1400f6ff10001000e4ff3400080008000c000c000000eefff6ff2600,0000eefff8fff8ffdcfffcff2400f4ffd4622c9192cde662eced1acef04f26ed
3411,3411,0,0a00ecffeeff000020000000fcfffcff1c00bafff2fe1c0050003000feff0e00,f4ffe4ff0c000c00d4ff2e000a00eaff0400d2ff1600e8ff0c000c00fcffecff,fcfffcfff6ff0400200000002400f4ff080008000c00feff00002000e6ff0600,deff00000600f8fffcfffcff1400d4ff9cec5ecebe50d4ec42915e4f28637291
3412,3412,0,fcfffcff1000defff2ffe2ff0c001c00fafffaff2c00e2fe020050000e000e00,020002002c00eafff2ffe2ffeafffaff1400f2ff060026001c002c00acff1c00,fcff0e000400f6ff0000eeff04002400ccff0800fefffeffceff0000e6fff6ff,eeff20000600caff0e00fcffe4ffe4ff6c91884f366330921ace5e63e6ed00ce
3413,3413,0,fcffecff00000000f2ff10000c000c000c00caff0c001c0030001200ceffeeff,e4ffd4fffaffeaff4c00d4fffaffeaff0400f2fff8ff54000c000c002c00bcff,fcfffcff14002200000000000400e4ffeaffeaffeeff0c00deff000006000600,10000000baff16001e00fcffd4ffe4ff52cd446394edd2cc0e4feced9291d04f
3414,3414,0,fcfffcff000000000000f2ff0c00fcfffaff1c00eeffeeff12003000feffeeff,0200f4ff0c00fafff2ffd4ffeaff0a001400f2ffc8ffd8fffaff0c00fcffecff,0e00fcff1400f6ffdeffeeff44001400080036002a00feffeeffceff06002600,2000eeff06001600dcffecff04000400284facee50926e505e63529170cda863
3415,3415,0,fcff0a00beffeeff20000000ecff1c00fafffaff2c00eeff12001200ceffeeff,f4ff1200faff0c00f2ffd4ff1a00faff14000400f8ffd8ff0c000c00dcffccff,0e000e00f6fff6ff0000eeff0400f4ff0800ccfffefffeff1000defff6ff0600,000000000600f8ffecff1e002400d4ff54638c91a2cbc6630cef5acdf04ee0ee
3416,3416,0,fcff0a000000eefff2ffe2ffecffecfffafffaff2c002c00e4fff4fffeffeeff,0200e4ff1c000c00f2ff10000a00faff1400d2ff5400f8ff1c000c000c001c00,8cff1e000400d8ffdeff100004001400eafffaff0c000c00100020000600e6ff,eeff20000600f8ff0e001e000400e4ffdceee2ccf84d70ee4291fe4dd863d291
3417,3417,0,fcff0a000000200000000000dcffdcff0c000c000c000c00f4ff02000e00feff,e4ff1200faff0c0010002e00faffeafff2ff0400f8ff06002c001c00ccffccff,fcfffcffe6ff1400deff100014000400faff0800e0ffeeffeeff2000f6fff6ff,eeff3000e8ffe8ff0e001e00f4ff04008c91884ef463d6920acd406440f078cc
3418,3418,0,fcffecff00000000d2fff2fffcffdcff0c00daff2c002c00f4ff12000e000e00,12000200eaffdaffd4ff20001a00faff1400040026001600caff2c00ccffecff,0e000e00040014000000000004000400ccff08000c00feff1000ceff26001600,00001000cafff8ff0e00ecff040004000ecc6a6470efe4cade4db0f0d291c04e
3419,3419,0,fcff0a000000defff2fff2ff0c00dcfffaff0c00eeff0c0012000200ceffdeff,f4ffe4fffaff0c00f2ffd4ffdafffafff2ff1400160026000c002c00dcffdcff,fcffecfff6ff04001000eefff4fff4ffeaffccfffeff1c00eeff000006001600,1000ceffe8ff64001e00fcff1400e4ff384e52f0c692b84d70645291a8cb2864
3420,3420,0,0a000a0000000000e2ffe2ffecffecff1c00faffe2feeeff300012001e000e00,12000200faff0c00e2ff00000a000a000400f2fff8ff26000c00faff1c00ecff,fcfffcfff6ffd8ff0000100014002400eaff08000c001c00eeffeeff36000600,00000000f8fff8fffcff30004400f4ffda649c910cca8464a0f09acb1a4eb0f0
3421,3421,0,fcffecff000000001000e2ff0c000c001c00faff2c000c00220012000e001e00,f4ff02000c00eafff2fff2ff1a000a000400d2ff540016000c00faffdcfffcff,0e00fcfff6fff6ffeeff1000f4ff1400faffccfffefffeff200000001600f6ff,000000001600e8ffdcff1e00f4ff0400d2f07ecb724cb0efb2913e4dd0641292
3422,3422,0,fcffecff000020001000e2fffcff0c000c00faffeeffeeff12002200defffeff,120022000c00eaffe2ff2e00faff0a001400f2ff060026000c002c00fcff1c00,fcfffcfff6ff14000000eeff24001400eaff08001c00eeff00000000f6ffe6ff,eeff20000600dafffcff0e00e4ff1400bc913c4de464169398ca4065aaf118cb
3423,3423,0,ecffecff2000000010000000fcff1c000c00faff0c001c0002003000eeff1e00,12000200fafffaffe2ff20000a001a00d2ff1400f8ff36001c000c00fcffecff,fcff1e001400f6ff1000eeff04001400acffdafffeff0c00deff0000e6ffe6ff,00001000f8fff8ff3000ecffe4fff4ff2cca1a653ef15cc9ee4c80f10292304d
3424,3424,0,fcffecff000000001000f2ff0c00fcfffafffaff1c001c00020002002e000e00,0200e4fffafffafff2fff2ff1a00faff0400f2ff060026000c00eafffcffdcff,0e00ecfff6fff6ff0000eeff24001400faff3600feffeeffdeff00001600f6ff,1000eeffdaff06001e00dcff54000400284c18f25693c44b0e66d291ccc93065
3425,3425,0,0a00fcffeeff0000f2ff00000c000c00fafffaffeeff0c00300012002e00feff,0200e4ffeafffaff2e00e2ff1a00faff140014000600f8fffaff0c00ccfffcff,1e000e0014000400eeff000004000400ccffeafffefffeffeeffdefff6ff1600,eeffeefff8ff1600fcfffcff3400d4ff2a65dc91acc8146544f248ca684cbaf2
3426,3426,0,0a00bcff000010004e00f2ff0c000c00dafffaff3a00d0ff30000200eeff1e00,220002001c00faff0000e2fffafffafff2ff0400e8ff1600daff0c000c008cff,0e000e00f6ff140020000000140014001800dafffefffeffeeff000006000600,000020001600f8ffdcff1e002400e4ffb8f292c9d44abcf136923e4c70655292
3427,3427,0,ecfffcff100000000000f2ff0c001c00faff2c000c002a013000e4ffdeff2e00,120012000c000c000000e2ffdaff0a0014001400160026003c00faffdcfffcff,dcfffcff14000400eeff100014001400faff28001c000c00deffdeffd6ff0600,ceff58001600f8ff0e000e00b4fff4ff5692284c8465069344c93065aaf2ccc9
3428,3428,0,ecffecffdeff100000001000fcfffcfffaffeafffeff1c00120030002e000e00,020002000c000c004c0000001a000a0014001400f8ff36000c001c00fcfffcff,1e00fcfff6ff0400eeff000014001400eaffeafffeffe0ff1000100036001600,eeff0000baff460030000e00e4ff3400d2c8f66572f21ec8fe4b06f48292d84b
3429,3429,0,1a000a0030001000f2ffe2ffecfffcff0c00faff1a012a0030001200eeff0e00,d4ff12001c001c00e2ffd4ffeaff1a00f2ff040006001600faffcaffdcffbcff,ecff0e0022001400deff0000040014002800daff2a00feff0000deffc6fff6ff,3000ceffe8fff8fffcfffcff0400f4ff984b38f38493944ace65369272c8d065
3430,3430,0,1a00fcffeeff20002000f2fffcff1c00cafffaff1c000c00300012000e00feff,d4ff02000c001c00d4ff2e00fafffafff2ffd2ff160026001c001c00dcfffcff,0e001e0004001400deff0000040014002800bcff0c00eeffdeff20002600f6ff,0000eefff8ff0600caff30001400f4ff56668692fec6a46526f454c8284b06f4
3431,3431,0,ecff2a000000100010000000ecff0c00fafffaff0c000c00020030000e00feff,020002000c00faff2000f2ffeaff0a0014000400360006000c001c00fcff1c00,0e000e000400f6ff00000000140004000800eafffefffeffeeff0000e6fff6ff,deff20005400baffecff0e000400f4fff8f372c8144ab2f598929e4b20668292
3432,3432,0,0a00ecffeeff0000d2fff2ff0c000c000c000c001c001c00300030000e00deff,e4ff0200faff0c002e002000faffeaffe2ff24003600e8ff0c001c00fcffecff,1e00fcfff6ff14000000deff14000400daffeafffefffeff00002000f6ffd6ff,00002000f8ffcaff0e003000f4ff14007692264b3266a49390c7be66bef462c8
3433,3433,0,fcfffcff10001000f2fff2ff0c00ecffdafffaffe0fffeff02002200feff1e00,e4ff12000c00daffd4ffe2ffeaff0a00360014003600f8fffaff0c00dcffccff,fcff0e00040014000000000024001400faff08000c00feffceff100016000600,10003000dafff8ff3000dcffe4ff44005cc7866622f6cec6ba4906f5b292e84a
3434,3434,0,fcff0a00ceff00004e000000fcfffcfffaff0c002a000c0040004000fefffeff,1200f4fffafffaffe2ffe2ffdafffaff0400f2ffe8ff3600fafffaffdcffdcff,1e000e0004000400100000001400140008002800fefffeff00001000d6ff0600,1000deffcaff16001e00fcff34002400b64a84f5b4935049ae66c892a2c75066
3435,3435,0,ecfffcff10001000d2ffd2ff0c00ecffbaff0c000c00e0ffe4ffe4ff1e00eeff,f4fff4ff0c000c00f2ff0000eafffaff1400f2ff260006000c00faffacff0c00,dcff0e00140004000000eeff04000400faffeaff2a001c004000000006000600,1000eeff0600f8ffecfffcffe4ffd4ffd666e69220c6a26636f6c6c6ec497ef5
3436,3436,0,1a000a0010000000f2fff2ff1c001c000c000c000c011c004000c6fffeff0e00,f4ff0200faff0c003e00f2ffeaffcafff2ff0400c8ff36000c002c00dcffccff,8cff0e0004001400000000001400a4ffeafffaff0c000c0000001000f6ff0600,deff00000600dafffcff30000400d4ff70f64cc6d04800f7d89218492267f292
3437,3437,0,1a002a000000eefff2fff2ffecff0c00fafffaff0c000c003000d4ffeeff0e00,02001200faffeafff2fff2fffaffeafff2fff2ff06000600caff1c00fcffdcff,0e000e001400e6ff1000000004001400faff08002a00eeff0000eefff6ff2600,eeff2000f8ffdaff0e000e00d4fff4fff6926c49e066b49338c58e669ef690c6
3438,3438,0,0a001a00eeff1000f2ff00001c00ecffcaff0c002a00f2fef4ff2200feff1e00,f4ffe4ff0c000c00f2ffe2ff0a00faffe2fff2ff26003600fafffaffbcffecff,fcff0e0014000400eeff0000040024000800daff0c000c001000200006003600,1000eeffdaff06004000ecff040034003cc606677ef790c5184956f7f2924c49
3439,3439,0,0a000a0020001000e2ff0000ecff0c00fafffaff0c000c00f4ff02002e00feff,120012000c001c00e2ff2e000a001a000400140016001600caff0c00fcff1c00,0e002e00220014001000deff04000400faff2800eeffeeff3000defff6ff3600,00001000f8ff16000e00ecff24002400dc4820f704940e48de66a89210c64267
3440,3440,0,0a000a000000000030000000dcffdcff2c000c00eeff0c00f4fff4ffdeffdeff,12001200fafffaff10003e000a000a00e2fff2ffb8ff16001c000c00fcff0c00,acff1e00140014001000000014000400faff08000c00eeff0000eefff6ffe6ff,0000deff1600e8ffdcffecff1400d4ff76672693d2c400672af888c4524836f7
3441,3441,0,ecfffcffdeff10001000f2ff0c00fcff2c00faff1c000c00f4fff4fffefffeff,22000200faff0c00f2ffd4ffeaffeaffd2ff040006000600faff0c00dcffdcff,fcff2e001400040000001000a4ff0400fafffaff1c00feffdeffeefff6fff6ff,000000000600cafffcff0e001400040016f830c55e47fef71893884862677e93
3442,3442,0,0a001a0010002000000010000c00fcff0c000c00e0ff1c0002004000fefffeff,0200f4ffeaff0c00f2fff2ff1a000a00f2fff2ff260016000c00faff9cffacff,0e00fcff040004001000eeff1400340008002800feff1c00eeffeeffe6ff0600,eeff6800f8ffdaffecff1e00f4ff040026933c485067249468c4be6778f820c5
3443,3443,0,fcffecff20000000e2fff2ff1c00fcffdaff1c00fefffeff12004000feff1e00,f4ff12000c000c00f2fff2ffeaff0a00f2ff0400f8fff8ff0c000c00ecff0c00,2e000e00040014001000200014000400faffccfffeff0c00eeffeeff16001600,00002000daff06001e00ecffc4fff4ff30c51c6866f9d2c304477af8be930248
3444,3444,0,0a001a001000eeffd2fff2fffcff0c001c001c00eeff1a01e4ff02002e002e00,020012000c001c00e2ffe2ff1a001a00b0ff1400160046000c001c00bcffdcff,fcff1e00040004002000100004001400eaffeaff0c000c0000000000f6ff1600,1000eefff8ff0600fcffdcff0400e4ff964798f86494be46de67589378c4d267
3445,3445,0,fcff0a0000001000e2ffe2ffecff0c00fafffaffd0ff0c00020012000e000e00,f4ff02000c000c00e2ff20000a00eaff1400040006005400caff2c00dcffecff,0e000e00f6ff0400eeff0000040004001800faff0c00eeffceff000006001600,eeffeeffe8ff6400dcff1e00340004002c68769382c38067eaf868c47247f8f8
3446,3446,0,fcfffcff10000000f2fff2fffcff1c00fafffaff2a000c0002002200eeff1e00,e4ff02000c00faff00000000faff0a00f2fff2ff06000600fafffaffecfffcff,0e000e00e6ff140010001000140014001800fafffeff0c00eeff0000f6fff6ff,deff20003600cafffcff30000400d4ff78f90cc420469afa989324463268ce93
3447,3447,0,0a00dcff0000eefff2fff2ffecfffcff0c00faffeeffeeff300012001e000e00,12002200eafffaff3e00e2ffeaff0a00f2fff2ff160016000c000c00fcffccff,1e000e00140004000000eeff1400e4ffdaffeaff0c001c0000000000e6ff1600,deff10000600caff0e000e00c4fff4ffa6931647f067749486c25268d8f978c3
3448,3448,0,1a00fcff00000000e2ff00001c00fcfffaff2c000c01feff0200f4ff0e001e00,f4ff2200faff0c00d4ff2000daffeaffe2ff0400e8ffe8ff2c001c00ecffdcff,0e000e000400e6ffeeff0000f4ff0400acffeaff1c001c002000300016000600,00000000caff06003000dcffe4ff2400b0c26c682afbc2c28446cefaee93c246
3449,3449,0,fcfffcff0000ceff20001000dcffecfffaff0c003c01fc0002003000feff0e00,120002000c00faff2e00f2ffeafffaff0400f2ff160026000c00faffecffccff,0e000e000400f6ffeeff100014002400daff0800feff1c002000eeff16002600,4800eeffdaff54001e00fcfff4ff34005646a2fae494524582687893bcc28268
3450,3450,0,dcfffcffeeff0000e2fff2fffcff0c00faff1c00eefffeff30001200eeff2e00,12001200fafffaff2e00e2ff0a00fafff2fff2fff8ff2600eaff0c00ecff1c00,0e001e00040014002000eeff040004001800faff0c001c002000cefff6fff6ff,0000defff8fff8ffdcff0e005400e4ff8c68c693eec10068fefa92c1a04598fa
3451,3451,0,fcffecffeeff1000f2fff2ff1c00ecff0c000c000c00cefff4ff1200eeffdeff,e4ff02000c000c002000f2ff0a000a000400f2ff160016000c00faffdcffecff,1e000e001400f6ff0000eefff4fff4fffaff1800feff0c00eeff2000f6ffe6ff,eeffeeff1600daff0e001e00f4ffa4ff22fb10c242459afbfa930446ec687e94
3452,3452,0,fcfffcff000010000000f2fffcff0c00faffdaff0c001c001200f4ffdeffeeff,12001200eafffaff2000e2fffaff0a00240004000600f8ff0c00eafffcffccff,1e00fcfff6fff6ffceff00001400e4ff2800faff2a000c002000eefff6ffd6ff,eeff2000daffe8ff0e00fcffe4ff14000694ca45a068049572c1c268cafb2cc2
3453,3453,0,fcffecff00001000e2ff00000c00fcfffafffaffeeffdeffe4ff0200fefffeff,e4ffe4fffafffaff0000f2ffdaff0a0004000400f8ff36000c003c00ecff1c00,0e000e00140004000000deffe4ff0400eaffdafffeff1c00eeff30001600e6ff,eeff0000daffdaff1e00ecffd4ff140006c1fc68bafc20c1a6443efb8e945045
3454,3454,0,2a00fcff00000000f2ff00000c001c00faff1c00eeffeeff020002000e002e00,12000200eafffafff2fff2ffeafffaff2400e2ff2600d8fffafffafffcffecff,0e00fcffe6ff04001000eefff4fff4ff18002800eeff0c000000000016001600,0000ceffe8ff46000e000e001400f4ffaa44b4fc4495c2443269aa940cc13c69
3455,3455,0,fcff0a002000eeff2000e2ffecff1c00bafffaff1c000c001200d4ff1e000e00,1200f4ffeaff1c002000d4ff0a00faffe2fff2ff16001600faffeaff1c00fcff,1e00fcfff6ff14000000eefff4ff040018004600eeffeeff20000000e6ff2600,0000deff64000600dcfffcff2400f4ff1c69269430c0806880fc42c1b0444afc
3456,3456,0,fcffbcff00000000f2ff2000fcffdcfffafffaffdefffeff1200e4ff3e00feff,1200e4fffaffeaff2e0020000a00faff14002400e8ff06001c001c00ccffecff,1e000e00f6ff1400eeffeeff140014002800eaffeeff1c0000000000e6ff0600,eeff2000f8ffdaffecff1e002400f4ff34fd86c0424488fdaa94c6435c69f694
3457,3457,0,fcffecffeeffeeffe2ff00000c000c00faff0c000c00feff1200e4ff3e00feff,12000200eafffaffd4ff2000faff0a0004000400f8ff1600caff1c00fcff0c00,dcff1e00040014001000100004000400360008001c00eeff00000000e6fff6ff,beff48001600f8ff1e000e00040004008494c4433269549562c0626972fdbcc0
3458,3458,0,ecfffcff1000eeff100000000c00fcff1c00faffeeff0c000200f4ffdefffeff,e4ff0200fafffafff2ff2e00faffeaff04001400360016000c00faff1c00ccff,1e009cff040004000000100004000400280028002a00feff20000000f6fff6ff,58000000caff06003000dcffc4ff240016c08e6966fe10c0344330fe0695f843
3459,3459,0,ecffecff1000eefff2ffe2ffdcff0c00faff2c001c002c00f4ff4000eeff0e00,1200f4ff0c000c000000f2ffeafffaffe2fff2ff3600e8ff0c000c00ccff2c00,2e002e00f6ff0400eeffeeff04001400daff18001c000c00deffeefff6ff0600,2000beffdaff1600ecffdcffe4ff1400024380fed49574436269fa94babf9c69
3460,3460,0,fcfffcff00000000100010000c00ecffdafffaffeeff2c01300002001e00eeff,1200f4fffafffaffe2fff2ff0a00faff04001400f8ffe8ff0c000c00ccffbcff,fcfffcfff6ff1400deffeeff1400e4ffeaff0800feff1c001000deff26000600,1000deff0600f8ffecff0e002400e4ff8e69e49442bf5269c0feaebe284332fe
3461,3461,0,1a000a0020001000f2ff1000ecffecff0c000c00eeffeeff30003000feff2e00,120002000c001c00f2ff20001a00eaff0400e2ff06002600faff0c00ecffecff,0e000e000400140000000000240014000800eafffeff0c00deff00000600e6ff,eeff00004600dafffcff40000400e4ff00ff60bf644236ffca947442dc696695
3462,3462,0,2a00ecff10000000f2ff10000c00fcff1c001c000c004c00500030002e000e00,0200e4ff1c00faff2000f2ff1a00eaff1400f2ff2600f8fffaffeaff1c00dcff,3e00fcff0400f6ff1000deff14000400faff1800feff0c002000200016001600,deff30000600daff0e001e00d4ff0400d494a2424269b495bebe666a6aff8abf
3463,3463,0,bcffecff1000eeffe2ffd2ffccffecff0c00faff1c00eeff30001200feff3e00,e4ff2200faff0c00f2ffe2ff0a000a000400040026001600faffcaffecffdcff,fcff0e00e6fff6ff0000eeff04004400eaff36000c00feff1000000006001600,10001000dafff8fffcffcaffc4fff4ffb0be286a96ff64be804100ffa6955c42
3464,3464,0,0a00fcff0000eeff2000f2fffcff0c00daff0c000c00ceff12005000eeff0e00,1200e4ffeaff1c002e00f2fffafffaffd2ff2400160016000c000c00dcffecff,fcfffcff140004000000200004001400faff3600eefffeff0000100036001600,1000eeffcaff72000e00ecff1400f4ff7841d6ff3496ae41566a9a9542be2c6a
3465,3465,0,fcff0a00eeffeeffe2fff2fffcff1c001c000c000c000c00120030000e002e00,12000200faffdaffd4ffd4fffaff1a00f2ff1400f8ff0600fafffaffecfffcff,0e00dcfff6ff1400eeff0000140014002800faff1c00eeff0000000026001600,2000000016000600ecfffcff4400f4ff586ad29514bee66990ff4ebe7c41faff
3466,3466,0,0a00ecffeeffeefff2fff2ffecfffcfffafffaffeeff0c00020012001e000e00,12000200fafffaff20002e00eafffaff1400d2ff460054000c000c001c00dcff,0e009cff2200040010001000240004000800dafffeff0c00deffdeffe6ffe6ff,eeff0000f8fff8ffecff30000400c4ffd80020be7e41f4007a95d0409c6af695
3467,3467,0,ecff1a0000001000f2fff2ffecff0c00caff1c000c00eeff12003000eeff2e00,12000200fafffaffd4ffe2fffaff0a001400140006000600fafffaffecff0c00,9cffdcff1400040010002000040014000800eaff0c00eeff00001000f6fff6ff,000020000600cafffcff0e0024002400e295f840466a82962ebd866afc00f2bd
3468,3468,0,2a00fcff100000002000e2ff0c00fcfffafffaffeeff2c0040005e002e000e00,02000200faff1c004c000000faff0a00f2fff2ffe8ff26000c000c00fcffdcff,fcff0e00f6fff6ff0000000004000400eaff0800e0ff2a0020003000e6ff0600,eeffeeffdaff16000e00ecff0400140024bd886a640174bd904056010696fc40
3469,3469,0,fcfffcff0000eeffd2ff00000c000c00fafffaff0c00eeff22003000deffeeff,f4ff02000c00eaff3e00d4ff0a001a000400f2ff260006000c000c00ecff0c00,0e002e002200f6ff0000defff4ff04000800fafffefffeffceffeeff16001600,68001000daff24000e00dcffe4ff440078400202f0963a40966aaa9562bde86a
3470,3470,0,dcff0a0010001000e2ffe2fffcfffcff0c000c000c000c00120012002e00feff,02000200fafffaff1000f2ffdafffaff14001400160026000c000c00dcffdcff,ccff0e0004000400eeffeeff04000400eaffeaffeefffeff000000000600f6ff,0000ceffdaff0600fcffecff2400d4ff986a6e96e4bc966a7a02febbea3fdc01
3471,3471,0,fcffecffeeffeeff0000f2ffecff0c00faff2c00eeff0c00f4ff3000feffeeff,020012000c00eaffe2fff2fffafffaff460014000600d8ffeafffaff2c00fcff,2e000e0014001400eeffeefff4ff1400eaff1800feff2a00eeff20000600f6ff,deff10004600e8ffdcff4000040004004202b4bcda3f78029a963040286b4696
3472,3472,0,2a00dcffeeff100000000000ccff0c00faffdaff0c00e2fe120012000e000e00,e4ff0200faff0c00f2ffd4ff1a00faffe2fff2ff360016000c00eaffecffdcff,fcfffcfff6ff04001000eeff14000400eaff2800feffeeff0000eefff6fff6ff,eeff20001600daff0e003000f4ff1400a096c83f866a2097febb266b0c027abc
3473,3473,0,fcfffcffeeff2000d2fff2ff0c00fcff1c000c00feff3c01f4ff22000e001e00,12000200daffdaff0000e2fffaffdaff3600e2ff360016001c000c002c00dcff,0e001e0004000400eeffeeff140024004600fafffeffeeffceff1000f6ff1600,30002000f8ffe8ff3000caffe4ff240050bbd86a4603f6bb4c3fa60176968a3f
3474,3474,0,fcff1a00eeff0000200000000c001c00dafffaffeeff0c00020040000e002e00,1200f4fffafffaffd4fff2ffeaff0a002400140006001600faffeaff0c001c00,8cfffcff04000400ceffeeffe4ff04002800faff0c00feff20000000e6ffd6ff,2000eeffe8ff1600fcffcafff4ff0400c23ee2029097e23ee66bda96fabb486b
3475,3475,0,ecff0a00eeffeeff4e00f2ff0c000c00eaff0c002c010c00120012002e003e00,02001200fafffaff20003e000a00eafff2ff1400f8fff8ff1c00faff1c00ecff,1e002e00320004000000eeff14000400080008000c00d0ff100010001600e6ff,1000eeff1600f8ffdcfffcfff4ffc4fff86a009776bbc66a7a035cbbca3ea803
3476,3476,0,fcfffcffdeff0000f2ff00000c000c00fafffaff0c000c00300002002e000e00,f4ff0200eaffeaff20002000fafffaff140004002600e8ffeaff0c002c00ecff,0e002e00f6ff04002000000024001400daffeaff1c002a0000002000d6ffd6ff,deff00005400e8fffcff40000400c4ffd203f0ba523ef603da963c3e786bc696
3477,3477,0,0a00fcffeeffeeffe2fff2ff1c00ecff1c00daff1c002c00f4fff4ffeeff2e00,1200f4ffeaffdafff2ff2e000a000a00040014000600f8ff0c001c002c000c00,1e00fcfff6fff6ffdeff20000400f4ff28002800fefffeff1000eefff6fff6ff,eeff4800f8ffbaffecfffcfff4ff24002097823ec66a90975cbab66b4804e8ba
3478,3478,0,fcffecff0000cefff2ff20000c00dcffcaffdaffeefffefff4ff3000eefffeff,f4ff1200caffeaffe2ff2e00faff0a001400240006003600faff0c00ecffecff,0e001e00f6ff22001000eefff4ff14002800faffeefffeff20001000d6fff6ff,10001000e8ff06003000caffc4ff040040ba386bc604d6ba0c3e6c042e97123e
3479,3479,0,0a00fcffeeff000020000000ecfffcffeaff0c00eefffeffe4fff4ffceff0e00,f4ff0200faff0c002e00f2fffafffafff2fff2ff260046000c001c00fcfffcff,ecffccff14002200deff000014001400faffeaff0c00feff200000001600f6ff,5800deffe8ff16001e00dcfff4ff1400763d1805f097123e466c1a97b8ba986b
3480,3480,0,dcfffcffeeffeeffe2ff0000ecffecffdafffaff2c002c00020002000e002e00,120022001c00faffc4ff2000eafffaff0400240046002600eafffaff0c00ecff,0e00fcff040014000000eefff4ff14000800ccfffeff1c00deff0000d6ff1600,3000eefff8ffe8ffecff0e0044001400686b809740ba366bfc04b8b9723d7005
3481,3481,0,ecfffcffeeff0000f2ffe2fffcfffcff0c00fafffeff0c00f4ff30000e00feff,f4ffe4ffeafffaffe2ffe2fffafffaff0400f2ff160036001c00faff0c00ecff,0e001e00f6ff1400eeffeeff04001400180008001c001c00eeffdefff6ffe6ff,eeff10005400caffcaff40001400f4ff4406b6b9c63c86050a97ec3df86b7e97
3482,3482,0,fcff1a00000010001000f2ff0c00fcffdafffaff1c00feff02001200feffeeff,f4fff4fffaffeafff2ffe2fffafffafff2ff1400160016000c00caffacfffcff,ecff0e00220004000000eeff240004000800eaff0c000c0010001000e6ffe6ff,ceff20001600e8fffcfffcff040014009097263d566b009808b9766cf005d8b9
3483,3483,0,0a00fcff10002000000000000c00fcff0c00fafffeff2c013000e4ff1e00feff,f4ff0200faff0c00e2ff2e00faffeaffd2fff2ffe8ff26000c001c00dcfffcff,0e00fcfff6ffe6ffeeff20001400040008004600eefffeff000000001600f6ff,10003000caff06001e00ecffe4ff240016b9a86b8206e0b94c3c6c059e97b23c
3484,3484,0,0a00fcff000000001000e2fffcfffcffcaff1c00eeffdeff12001200eeff0e00,02001200faffeaffe2ff3e00fafffaff14001400640006000c000c00dcfffcff,1e00fcfff6fff6ff0000ceff04000400faff28000c000c00eeffeefff6ff0600,3000eeffcaff46001e00cafff4ff0400203cd4062098363c866c4e9828b9186c
3485,3485,0,1a001a000000eefff2ff1000fcffecfffaffdaffeefffeff22001200eeffeeff,02000200eafffafff2fff2fffaffeaff14000400060026000c000c00ccffbcff,2e000e00e6ff22001000eeff140014002800daff0c00e0ff0000000006000600,3000defff8ff0600dcff1e002400f4ffba6c7698bab8866b0a07c8b8ea3b8007
3486,3486,0,fcff0a0000000000f2ff10000c00dcfffafffaff0c00feff22001200eeff0e00,1200f4ff0c000c002000d4ff0a000a0004000400f8fff8ffeafffaff1c00fcff,fcfffcff2200e6ff0000eeff14000400eaff36001c001c00eeffcefff6ffc6ff,eeff10001600daffcaff0e000400e4fffc0786b8a63b4207ea97ca3a386c0e98
3487,3487,0,ecfffcffeeffdeff20000000fcff2c000c00faffeeff0c00020012001e00feff,f4ffe4ffdaffeaff4c00d4ff0a00eafff2ff14002600d8ff0c00eaff0c00dcff,2e009cffe6ff0400000000002400f4ffbcffdaff0c00eeffeeff30000600e6ff,eeff10001600f8ff0e001e00c4fff4ff6698b23ad66bd098c4b7966ce00746b8
3488,3488,0,fcfffcff10000000000010002c00fcfffaff0c000c00e2fef4ff02000e002e00,120002000c00eaffe2ffd4ff0a001a001400e2fff8fff8ffeafffaff2c001c00,0e000e00d8ff0400eeffdefff4ff1400080008000c00feff2000000016000600,0000eeffe8fff8ff1e00fcffe4ff240090b7e86b92071ab8ca3a4e081e982a3b
3489,3489,0,fcffecff000000000000e2ff1c00fcffbaffcaffeeff0c0030001200fefffeff,0200e4fffaff0c0000000000eaff0a0004001400160026001c000c000c00acff,1e008cff040014000000000014000400eaff08000c000c0000002000e6ffe6ff,20000000baff1600fcffdcff2400f4ff623a4c084099563bc66c6e9896b7a06c
3490,3490,0,ecffecff00000000f2fff2ffecfffcfffaff0c00cefffeff120002000e002e00,d4ffd4fffafffaff2e000000faff4a00f2ff0400f8ff0600fafffaffecfffcff,fcff1e0014001400eeffeeff04001400faffdaff1c000c0020000000e6ff1600,eeffdeff16000600baff0e0024000400ea6ca698bab7e66bde08c2b68e3ad208
3491,3491,0,0a000a00000030002000f2ff0c00ecffeaffdaff3c00eeff020012000e000e00,e4fff4ff1c000c00f2ff3e000a000a00f2ff04003600f8ff1c000c00fcff1c00,0e008cfff6ff140010002000140014002800faffe0ff0c00eeff20000600d6ff,ceffdeff4600daff0e0062004400f4ff6c08e0b6783ae008ae98aa3aa06ca098
3492,3492,0,fcfffcff20000000000010000c001c000c00daff0c00eeff120002000e000e00,120002000c001c00e2fff2ff0a000a0014001400160036000c001c00dcff0c00,2e00ecff040004000000deff04000400360008000c00eeffbeffceffe6fff6ff,100020000600daff0e00dcfff4ff2400f6988839466c2099a2b6166db20946b7
3493,3493,0,0a00fcff2000eeffe2ff1000fcffdcfffaff1c000c00eeff02004000eeff0e00,1200f4fffafffaff0000d4ff4a000a001400e2ff260036002c000c00dcfffcff,0e00dcffe6ffd8ffdeffdeff1400e4ffbcffeaffeefffeff3000100006001600,00000000e8ff16001e00ecffb4ff040090b60a6d60097ab716390e090099b839
3494,3494,0,ecfffcff0000000000001000ecfffcfffafffaff2c001c00f4fff4ffdeff2e00,020002001c000c00e2ff0000faff0a00f2ff1400e8ff3600faff0c00ccff2c00,0e001e00140004000000deff140024000800fafffefffeff2000eeffe6ffe6ff,0000deffdaff7200fcffecfff4ff14000839f6094e99183ad66c1e996eb6e06c
3495,3495,0,fcff0a000000eeff10000000ecffecff1c00fafffeff1c0012001200eefffeff,1200e4ffdafffaff2000f2ff1a000a0014002400f8ff46000c000c00dcfffcff,dcfffcfff6ff040010001000140024000800eaffc2ff6600100010001600f6ff,0000beff06000600ecff1e004400f4ff3a6d1699eab6866c620ac2b63839420a
3496,3496,0,1a00fcffeeff00000000f2ffecffecff0c00fafffeffeeff12000200eeffeeff,1200f4ff0c000c00c4ff2000faff0a002400f2fff8fff8fffafffaff0c00fcff,0e000e0014000400eeff100004002400eaffdaff0c00e0ff0000eeffd6ff1600,deffeeff0600caffcaff1e00f4ffe4ff760a60b61239600a5e995638106d4099
3497,3497,0,fcfffcff0000000010001000ecff1c00fafffaffeeffeeff0200c6ff0e000e00,e4fff4fffaff0c00f2fff2fffafffaff14001400260036001c00faffecff0c00,dcff0e0004001400000010000400e4ff1800faff0c001c00000000000600e6ff,deff48000600e8ff0e0040000400340076994838a46c9e9932b5366d860b1eb6
3498,3498,0,ecfffcff1000eefff2ff0000ecffdcfffaffdafffeffeefff4ff22000e00feff,020012000c00faff0000f2ffdaff0a000400f2ff3600f8ff2c000c002c00dcff,0e000e0014000400100000000400f4ffdaffeaff1c000c0000002000e6ff1600,00002000e8ff16003000ecffa4ff240074b54a6d880bceb55638d20aa0990638
3499,3499,0,fcfffcff0000eeff0000f2ffecff0c00faff1c00feffeefff4ff30003e00feff,f4ffe4fffaff0c002e00f2ffeafffafff2fff2ff36000600faffeafffcffecff,fcff0e00f6fff6ff1000eeff04000400faffccffe0ffeeff00000000f6ff1600,2000deffcaff54004000dcff340004008237fe0bee99b238866d6e991eb5406d
3500,3500,0,fcfffcffeeff0000f2ffe2ffecffecffdafffaff0c000c003000f4ff0e000e00,0200e4fffaff0c00f2ff20000a002a001400e2ff060036000c000c00fcffdcff,1e000e00f6ffd8ffceff100004001400eaff2800eeff0c00eeff000006002600,20001000e8ff0600dcfffcff1400d4ff8a6dd6994eb5b46c620c22b48637360c
3501,3501,0,fcfffcffceffdeff0000f2ff1c00ecff0c00daffeeff0c00120012000e000e00,f4ffd4ff0c00faff2e003e002a000a0004000400f8fff8fffaffeafffcfffcff,dcffdcfff6ff1400deffeeff140004000800faff2a001c001000eeff06000600,0000100064000600dcff1e004400e4ffe20c04b5be37e60b8e995237806df099
3502,3502,0,fcff1a0010001000e2ff2000ecff0c00daff1c000c000c000200f4ff1e004e00,0200f4ff0c000c000000d4ff0a00daff14000400460026002c001c00ecfffcff,dcfffcff220004000000deff04000400080008000c001c0000001000f6ff0600,ceff10001600caff0e000e00e4fff4ff409a0237046dee99e2b3c86d1e0d40b4
3503,3503,0,0a000a000000eeffe2fff2ff0c000c00daffdaff0c00deff120002002e00feff,f4ffe4fffafffafff2ffe2ff0a00faff04000400060006000c001c00fcff1c00,1e00acff0400040010000000f4ff24002800faffeefffeff2000deff16001600,eeff1000caff06004000fcffd4ff440086b36a6db60c0eb5c236820c609ae636
3504,3504,0,fcff0a0000001000200000001c000c00faffcaffeefffeff020012002e000e00,f4ffd4fffaff0c00e2ffe2ffeaff0a00f2ff0400260026000c004c000c00fcff,0e000e000400220010000000140014000800faffe0ffeeffdeff1000f6ff1600,6800eeffdaff1600fcffecff140004004236c20d8e9a0e37c86da29a00b4d06d
3505,3505,0,fcff0a0000001000100010001c00ecfffafffaff0c00ceff220002000e00feff,02001200dafffaffd4fff2ff2a001a001400f2ff160026001c000c001c00dcff,fcff0e00140014000000200014000400eaffccfffeff2a00eeffeefff6ffd6ff,6800ceff160006000e00ecff14000400266ee09a3eb4046d620d40b30e36220e
3506,3506,0,1a00fcffeeff2000f2ffe2ffecff0c000c00faffeeffeeff120022003e000e00,020012000c000c00f2ff2e000a000a00f2ffe2ff1600f8ff0c00eaff0c00fcff,fcff0e001400140000001000040014000800ccfffeff66000000eefff6ff1600,deff00004600f8ffecff1e002400e4ff7e0ef6b23c36940f729a8235c06da09a
3507,3507,0,fcfffcffeeff0000e2ff1000fcfffcfffafffaff0c00eeff020012000e002e00,22000200dafffafff2ffe2fffaff0a000400f2ff46000600faff0c000c00fcff,0e00fcfff6ff0400000010001400e4fffaffeaffeefffeffeeffeeff36000600,eeff1000f8ffcaff1e001e0024000400d09a4635146d5c9b40b3586eb80e30b3
3508,3508,0,bcff0a000000ceff0000e2fffcfffcfffafffaff1c00fefff4ffe4ff0e001e00,e4ff0200dafffafff2ffe2ff0a000a0014001400360064001c000c002c001c00,9cff0e00e6fff6ffeeffeeff240014000800faff6600feffdeff000006000600,00000000dafff8ff1e00dcff14004400c6b2266e4410d0b1d234020f009b3e35
3509,3509,0,fcfffcff10001000f2fff2ff0c000c000c00faff1c000c0012001200eeff2e00,12001200fafffafff2ff2e00eaff0a001400f2ff260054003c001c001c000c00,dcff2e00040014001000000014001400faff18000c00feff00002000d6ff0600,30000000f8ff5400fcffdcff140024001635400f9c9b8e35386ed29ad4b2106e
3510,3510,0,fcffecff0000200010001000fcff1c000c00faffeefffeff1200f4fffeff3e00,0200e4fffaff0c002000e2ffdafffaff24001400060046001c00eaff0c00ccff,fcfffcff1400140000001000f4ff0400faffdafffeff0c0020000000e6ffd6ff,1000deffe8ff46000e000e002400d4ff266e509b10b1f26d720fbcb14634580f
3511,3511,0,fcffecffeeff1000000000001c001c000c001c00eefffeff0200f4ff0e001e00,f4ff0200eaffeaffe2ff2e00faffdaffe2ff0400e8ffe8ff0c000c00ecfffcff,0e000e00f6fff6ff10000000f4fff4ffeaff1800fefffeffeeff30003600e6ff,ceff00001600e8ff0e00300014002400761016b280342a11829bc234106e409b
3512,3512,0,fcffdcff10001000e2ff0000fcfffcff0c001c00feffeeff0200c6ffeeffeeff,e4ff22000c000c00f2ffe2ff1a00faff0400f2fff8ff2600faff0c00fcff1c00,dcff0e00f6ff0400eeffeeff04001400faff28001c00feffdeff000006002600,eeff20001600bafffcfffcff04003400a09b2034a46d0c9c5cb1986e681004b2
3513,3513,0,fcfffcff000000002000e2fffcfffcff3c000c00feff0c00e4fff4ff2e002e00,02000200eaffeaff3e00f2fffaff0a00240014005400e8ff0c000c000c003c00,1e001e000400d8ff0000deff34001400faffeaff0c000c0030000000e6fff6ff,0000eefff8ff06001e00fcff040014006cb1666ee81120b180331610b09bc633
3514,3514,0,0a000a0010000000f2fff2fffcffecff0c00fafffeff2c0002000200eeffeeff,120012000c000c000000e2fffaffeaff04000400f8ff06002c000c00fcff0c00,1e00fcfff6fff6ffeeffdeff04000400280008000c000c0000000000f6fff6ff,1000cefff8ff54001e00cafff4ff2400c832f6104a9c4034686e349c54b1406e
3515,3515,0,fcfffcffeeff0000200000000c00fcff2c00dafff2fefeff1200f4ffdeffeeff,1200f4ffdafffaffe2ffe2ffdafffaff1400f2ff3600f8ff2c002c00ecff0c00,ecffdcfff6ff040010002000040014000800daff2a000c00eeff000016000600,1000cefff8ff16000e001e003400e4ff766e909be4afb46de6104cb186333211
3516,3516,0,fcffecff00000000e2ff10001c000c00faff2c001c001c00e4ffe4ff1e00eeff,f4ff02000c000c00e2ff3e001a000a0014002400f8ff06001c000c000c00ecff,fcff0e00f6ff14001000ceff34001400eafffaff0c00feffeeff00000600f6ff,eeff10001600dafffcff1e004400d4ffb611ecb09033de12589d9032506e229c
3517,3517,0,ecfffcff0000100010001000fcfffcff1c00faff0c000c001200f4ffceff0e00,0200e4fffafffaff2e00e2fffaff0a000400040036001600faff0c000c001c00,ecff0e0014000400deffdefff4ff1400fafffaff0c00e0ff00002000f6ffe6ff,deff10000600dafffcfffcffd4ff1400209c2832026efa9c6cb0886ed21104b1
3518,3518,0,0a00fcff00002000e2fff2ff0c000c000c000c00e2feeeff02000200fefffeff,f4fff4fffaffeaffd4ffe2fffafffaff040024000600e8ffcaffeaff1c00ecff,8cffdcfff6fff6ff1000000014002400eaff0800feff1c0020000000f6ff0600,eeff2000f8ff06001e00cafff4ff14004cb0966e4e1334af40328a12a29c3a32
3519,3519,0,2a001a0000000000e2ff10000c002c00caff1c002c01eeff020012004e000e00,f4ffe4ff1c00faff2000f2ff0a001a0004000400160054001c00faff1c00ecff,1e001e00f6ff04002000deff140024001800ccff0c002a00000000000600f6ff,eeffdeffcaff46001e000e00040004008e3160126a9da032c86e649c2ab0306e
3520,3520,0,fcfffcff1000eeff2000f2ffccff0c001c000c001c00fefff4ff12002e002e00,22002200faffeafff2fff2ff0a000a002400f2ffc8ff16000c002c00fcffdcff,0e00dcfff6fff6ffeeffeeff04001400eaff28000c001c001000deff06000600,0000eeff0600f8ffdcff0e0044002400966e6e9c46ae946d4a1248afda31c212
3521,3521,0,fcfffcffeeff10000000f2ff0c00fcff0c00faffceff0c0040000200deffeeff,120002000c001c00f2ffe2ffeaff0a000400f2ff460074000c000c001c00ecff,fcffdcfff6ff2200eeffeeff340004003600eaff0c001c0020001000e6fff6ff,000000001600dafffcff3000f4fff4ff601386afcc317e14d49c4032906eea9c
3522,3522,0,fcffecff10000000f2ffe2fffcfffcff1c003c000c000c000200d4fffeff0e00,020002001c00faffb6ff0000faffeafff2fff2ffd8ff36001c000c001c00fcff,fcff0e000400f6ff0000eeff04001400faffdaffd0ffeeff0000200006000600,deff30001600f8fffcff300004002400a29dee30a46d4a9d78aff86eae13c0af
3523,3523,0,0a000a00eeff100010000000fcffecffdaff0c00e2fe0c0040001200eefffeff,f4ffe4ffcafffaff2e00e2ff0a000a002400f2ff460026000c00faffdcffccff,9cfffcfff6ff0400eeff000004000400faff0800feffeeff20003000f6ffe6ff,ceff0000cafff8ff6200ecffc4ff240016afc66e0c1516aeec300a136a9d6a30
3524,3524,0,fcffecff0000ceff0000f2fffcfffcffdaffdafffeff0c00f4ffe4ff3e00feff,22001200daffeaffe2ffe2fffafffaff14000400360026000c000c00fcfffcff,fcff0e000400e6ffceffdeff140014002800faffeeffeeffaeff0000f6ff3600,30000000daff16000e00fcff14003400ee2fe013ca9d5c31b86e649df0aec86e
3525,3525,0,0a00bcffeeff2000e2ff0000fcfffcff2c00faff2c00eeff020012001e001e00,020012000c00faff3e00e2fffafffafff2ff2400160026000c00eaff0c00fcff,fcffccffe6ff04002000000014001400eaff18000c00feff20000000f6ff2600,2000deff06001600ecfffcff54000400f66e409e58adaa6e2c14b8aeba2fa614
3526,3526,0,fcfffcff00001000e2fff2fffcffecff2c002c00eeff1c0002001200eeff3e00,12001200faffdafff2ffe2fffafffaff0400f2ff46000600faff0c00fcff0c00,0e000e00f6ff0400eeff0000f4ff1400fafffafffeff0c00eeffdeff1600e6ff,000020006400daffecff1e001400d4ff5c15c6aebc30ec15a49d182fc86eaa9d
3527,3527,0,fcffecffeeff20000000f2fffcffccffcaffcaff1c00deff120012000e000e00,020002000c000c00d4ff2e00eaffeafff2ff1400160036002c002c00dcffdcff,dcfffcff0400140030000000e4fff4ffdaff28000c00e0ff30002000f6ffe6ff,ceff30004600caff0e0030001400f4ff409e482f6a6e0a9e88aee86e461548ae
3528,3528,0,0a000a00eeff10000000e2fffcff0c001c00faff0c000c00f4ff02000e000e00,12001200eaffdaff20003e000a00eaff14000400f8ff2600eaffeaff1c001c00,0e00dcfff6ffd8ffeeff10000400140008004600eeffd0ffeeff200016000600,30003000daffdaff1e00ecff0400240036aee66e9a16e8ac442e88163a9e2a2f
3529,3529,0,fcff0a00deff0000e2fff2fffcfffcff1c000c00eeffdeff02000200deffeeff,1200d4ff0c00faff3e00e2fffaff0a000400f2ff460036000c000c00ecff0c00,fcff0e00040014000000ceff24001400faffdafffeff1c0000000000f6ffe6ff,30000000e8ff64000e00fcff04003400c82e28165a9ed62ff86ef89ec8ad226f
3530,3530,0,fcff1a00eeff0000f2fff2ffdcfffcffeaff1c00eeff1c0112000200feffeeff,020022000c00fafff2ffd4ff1a00eaff36000400360046000c00eaff0c001c00,0e00dcfff6ff04001000eeff0400f4fffafffaffe0fffeffeeff00002600f6ff,2000eeff0600f8fffcfffcff2400f4ff166fc09e48ac9a6ee81658ade82d3616
3531,3531,0,bcffecffeeff2000000020001c00ecff0c000c00eeffeeff30004000feff0e00,e4fff4ff0c00faffe2ff3e000a00faff0400f2ff260026002c002c00ecffecff,dcffdcfff6fff6ff100010003400a4ffccffdafffeff0c00eeff20002600e6ff,deffeeff0600dafffcff400014000400fa16baad762f3a17889fc82e526faa9e
3532,3532,0,fcffbcff1000000010000000fcffdcfffaff0c00eeffe2fe020002002e00eeff,02001200dafffaffe2ff2e000a000a0004004600260006000c000c00fcffdcff,0e001e000400f6ff0000eeff24001400eaffeaff0c000c00deff000006000600,00002000f8ffbaffecff0e0004000400109f6c2dba6e089f78ad286fde16a8ad
3533,3533,0,fcff0a0000001000d2fff2ffecff1c00fafffaffeeff1c00120050001e002e00,0200e4ff1c00faff2e002000eaff0a0004000400060046000c000c00fcfffcff,ecfffcff0400f6ff100000000400f4ffdafffafffefffeffeeff1000f6fff6ff,eeffeeffdaff160030000e000400040008ad466f881818ac042d2817629f882d
3534,3534,0,fcff2a00400020000000e2ff0c000c001c00faffeeffeeff0200f4ff0e003e00,0200e4ff1c000c00e2ffd4ffdafffaff14000400460074000c00caffecffecff,0e00fcff14001400eeffdeffe4ff14000800eaff1c000c00eeffeeffc6fff6ff,6800deff9cff54001e00ecff040024001a2d7a17869f582e586f9ca0c8ac526f
3535,3535,0,bcffecff0000200010001000fcff2c00fafffaff0c00eeff120002001e00eeff,f4fff4fffafffaff2e004c000a00faffe2ff04001600f8ff0c001c000c00ccff,1e000e00f6ff1400100010003400f4ffeaffeaffe0fffeff000010000600f6ff,1000beff060016000e000e0024000400166f609f08abba6e8c18e8ac502c0e18
3536,3536,0,fcfffcffeeffeeff0000e2ffecff0c001c000c00ceffeeffe4ffe4ffeeff5e00,e4fff4ff2c000c00f2ff20000a000a00240024000600f8ff1c00faff1c00fcff,0e002e000400f6ff00002000f4ff4400faffdafffeff0c00ceffdeff06000600,deffceff1600dafffcff400044000400c01824acf82d10194ca0142c926fa29f
3537,3537,0,fcfffcff0000eeffe2ff00000c00dcff0c000c00deffeeff0200e4ff4e002e00,020002000c00faffe2ff00000a000a0004000400060036002c001c00ecff1c00,1e000e00040004000000eeffd4ff0400faff08000c00feff1000defff6ffe6ff,deff10000600f8ff0e000e00d4ffc4ff46a0462cba6e769f38ac286f001930ac
3538,3538,0,bcff0a00000010000000f2ffecffecfffaff2c001c001c00e4ff0200eeff0e00,f4fff4ff1c00faff0000e2ffeaffeaff04002400160026000c000c00dcfffcff,fcfffcff1400140010000000f4ff0400dafffaff0c00feffeeff0000c6fff6ff,deff3000060016004000fcff04002400c4ab266f841a52aaa42b101ac29fe02b
3539,3539,0,ecfffcff00000000100000000c001c000c001c000c00eeff020030004e001e00,1200e4ffcaff0c00d4ff2e000a000a001400f2ff0600f8ff1c000c000c000c00,dcffdcffe6fff6ff1000000014002400fafffafffeffeeff2000000016000600,eeffeeffbaff160030000e000400e4ff862b501926a0882d886f7ca080ab826f
3540,3540,0,fcfffcff00000000f2ffd2ffecfffcffcafffaffeeff0c001200e4ff3e00eeff,f4ff12000c00fafff2fff2fffafffaff14000400160054001c000c004c000c00,3e001e00f6fff6ffeeff0000f4ff1400fafffafffeff1c001000deff0600f6ff,58000000e8ff0600ecff0e005400e4ff566f86a072aada6e101af6aa802b8019
3541,3541,0,1a00fcff10000000f2ffe2fffcff0c00fafffaffeeffceff02000200feff0e00,1200e4fffaffeafff2ff00005a00faff1400040036000600fafffaff1c000c00,0e000e00f6ffe6ffeeffeeff14001400280028001c000c00eeff00001600f6ff,2000eeff5400daffcaff4000140004001a1ad4aa882dc41a0ca1a42b826f84a0
3542,3542,0,bcff0a00000020003000f2ff0c001c00faff2c002c000c00e4ffd4ffeefffeff,d4ff22000c001c000000e2ffeaffeafff2fff2ff260036000c000c00ecff0c00,8cff0e00f6ff14001000eeff1400f4ffccffdaff0c001c0010000000d6fff6ff,ceff20005400daff0e00fcff04005400c6a05e2afa6e16a0c6aa886f501a10ab
3543,3543,0,fcffecffeeff000000004e000c00fcff1c00fafffefffeff0200e4ff2e00deff,0200f4ff0c000c002e0000000a00eaff1400f2ffc8ff64003c004c002c001c00,0e000e00e6fff6ff0000000014001400eaff08000c00e0ff0000100036002600,00001000daffe8ff3000fcfff4ff040074aa366fa41b42a94029c01af4a0342a
3544,3544,0,fcff0a00eeffeeffe2ff2000ecff0c00cafffaff0c00e2fef4ff22000e00feff,22001200eaff1c00c4ffd4ff1a001a0004000400460054000c001c00fcfffcff,0e000e000400f6ffeeffeeff04001400eaffdafffeff0c001000cefff6ff2600,1000eeffdaff16001e00fcff140024004429ba1ac6a0882d886f40a224aa826f
3545,3545,0,0a000a00eeff100010001000fcff0c00caffdaff0c001c000200f4fffeff0e00,020012000c00faffd4fff2ff0a00faff0400f2ff360036002c000c00ecffecff,0e001e00f6ff040000000000f4fff4ffeaffccff0c00feff10001000f6ff1600,3000defff8ff1600dcff1e0044000400766f96a1f2a8aa6e701b86aa4429421b
3546,3546,0,bcff0a00200010002000f2ffdcfffcff0c00faffe2fe1c0022003000eeffeeff,d4ff02000c001c002e002e00daff0a00f2ff0400360036000c00faff1c00ecff,0e00fcff04000400eeff0000f4ff0400eaffeaff0c00660010001000e6ffd6ff,eeffeeff16000600ecff1e00f4ffd4ff181ccaa98c28441ccca17028a26f44a1
3547,3547,0,0a00fcff00001000f2ff10000c000c00fafffaffeefffeff020040000e00deff,1200f4ff0c00faffd4ff2e000a000a00f2ff040036004600eaff0c000c000c00,1e00fcfff6fff6ffeeff00001400e4ff0800eaff1c00feffeeff00001600d6ff,deff10001600e8ff30001e00e4ff140086a17428fa6ed6a1a2a9886f321cc4a9
3548,3548,0,ecff0a000000200020000000fcffdcff1c00eaffe2feeeff2200f4ffeeff0e00,f4ff0200faffeaff20003e00daff1a00f2ff040026001600eaff2c00dcff2c00,0e000e0004000400eeffdeff04000400280028000c000c002000100006000600,eeff0000caff06000e00ecffd4ff54005aa9766f141de2a8d028421db4a1f428
3549,3549,0,fcfffcff10001000f2ff00000c00fcfffafffafffeff1c00e4ff0200eeff0e00,f4ff1200faff0c00f2ffe2ff0a00faff1400f2ff16003600faff3c00fcff0c00,1e009cfff6ff0400deffeeff04001400eaff28000c000c000000eefff6fff6ff,6800eeffdaff4600fcffecfff4ff240004280c1dd6a1bc27c86f80a274a9c26f
3550,3550,0,bcfffcff10000000f2fff2ffecfffcff1c001c00d0ff3a00d4ffe4ffceff0e00,02000200eaff0c00f2fff2ff0a000a00e2ffe2ffe8ff0600faff0c00dcff0c00,0e00dcff040004000000eeff04000400eafffaff0c001c0000000000e6ffe6ff,0000cefff8ff5400ecff0e0004000400566f60a2f4a72a6f221de2a8ea272a1d
3551,3551,0,dcffccff0000100010001000fcffecff0c00faff0c000c00e4ff22000e00feff,f4ffe4ffeaffeaffe2ff2e00faff0a00e2ffd2ff060036000c000c00fcff0c00,dcffecfff6ff22001000200004003400eaff0800fefffeff100010001600f6ff,eeff00000600f8ffdcff1e001400d4ff9c1d7aa8ec26d21df0a25028c26f44a2
3552,3552,0,dcffecff00000000f2fff2ff0c00fcff0c00faff0c00fefff4ffd4ff3e00feff,f4ff1200eaff0c00e2ff5c00faff0a00d2fff2fff8ff2600faff0c00dcfffcff,0e000e00140004002000000014000400eafffafffeff0c00eeffeeffe6ff0600,eeff30001600baff0e001e00d4ff240090a22e27fa6e16a292a8b86ffa1dcaa8
3553,3553,0,dcffbcff1000eeff0000f2fffcfffcfffaff0c001c00f2fee4ffd4ff0e000e00,f4ff1200faff0c002e002e00eafffaff0400e2ff460006000c001c00dcff0c00,0e000e00f6ff040000000000f4ff0400180018001c000c000000eeffe6fff6ff,10002000f8fff8ff0e00fcffb4ff04002aa8dc6fb01eb4a7ac26421e64a21a27
3554,3554,0,fcffecffeeffeefff2fff2fffcfffcff0c00caffe4feeeff020030002e000e00,f4fff4ffeafffaff20003e00eafffafff2ff1400e8ff16000c000c00ecffccff,0e00fcff0400140000001000e4ff1400daffeaff1c000c0000000000d6ff0600,1000deffe8ff64000e00dcfff4ff34004e26ca1ed4a2a025886f80a35aa8e26f
3555,3555,0,ecffecff10000000e2ffe2fffcfffcfffafffaff0c00feff0200d4fffeff0e00,1200f4ffeafffaff0000e2ff0a00fafff2fff2ffe8ffe8ff0c000c001c00ecff,0e001e000400f6ff0000000014002400faffeaff0c00feffeeffeeff1600f6ff,1000defff8ff5400fcff0e0024001400ac6ff0a264a71a6f021f32a8aa267a1e
3556,3556,0,0a00dcffeeff1000f2fff2ffecff0c000c000c00feff0c00f4ff1200feff0e00,02001200fafffaffe2fff2ff0a001a0014000400e8ff26001c00eaffecfffcff,0e00fcfff6ff1400deffeeff2400f4ffeaff08000c00feffdeff000016000600,deff10000600cafffcff40001400f4ff7a1feaa78025701f02a40e25d26f50a3
3557,3557,0,1a00fcff00001000e2fff2fffcffecffdaffdaff1c001c00220002000e001e00,02001200eaff0c00d4ffd4ff0a00fafff2ff04003600f8ff0c000c00fcffecff,fcff0e00140014000000cefff4fff4ffeaff08000c00feffeeffceffe6ffd6ff,deff48000600e8ffdcff1e00e4ffe4ff60a3a0256a6f44a37ea7686f821fdaa7
3558,3558,0,1a00fcff00001000100010001c001c00daffdaffeeffe0ffe4ff02000e00eeff,0200d4ffeaff0c0020003e00faffdaff0400c0ffe8ff26002c000c00fcffacff,acff0e0004001400000010000400d4ff0800ccff0c00feff200000000600d6ff,deff2000caff46003000fcfff4ff240064a7dc6fd01f76a65c253620c0a34825
3559,3559,0,fcff0a0010000000100000000c00ecffdafffaff0c00feff2200e4ff0e00feff,f4ff0200fafffaffe2ffd4ffdafffaff2400f2fff8ff16001c000c00ccffecff,2e00acff04001400eeff100014002400dafffaffeefffeff0000deff06000600,3000eeff0600160040000e000400140080243020e8a33024886f22a4d8a6e26f
3560,3560,0,fcfffcff0000000010001000ecff0c002c00faffeeff0c00020012003e000e00,f4ff12000c00eaff2e00f2ff0a00faff36001400e8ffd8ff2c002c00dcff0c00,1e000e00040004000000000024001400eaffdaff0c000c001000ceff0600f6ff,3000eeff0600f8ffdcfffcff4400f4ff1c70e0a346a6fa6eb6209ea6b824c420
3561,3561,0,0a000a00100010000000e2ff0c000c00faff0c00feff1a01d4ffe4ffdeff0e00,f4fff4ff1c00faffd4fff2ff0a001a00f2ff0400260006001c000c00dcfffcff,ecff1e00320014000000eeff04000400080018002a001c00eeffeeff0600f6ff,eeff20006400f8ffdcff1e00f4ff14001021e4a67023ce20fea4bc23d26f50a4
3562,3562,0,0a00bcffdeff0000f2ff2000fcffecfffaffeaff1c000c00f4ff0200eeff1e00,1200e4ffdafffafff2ff3e000a00faff14000400060036000c001c00dcffdcff,0e00ecfff6ff0400200000000400d4ffacffdaff0c00feffeeff00001600e6ff,eeff20000600daff300030001400040050a40c241a6f58a4bea6b86f742178a6
3563,3563,0,acffecff0000100010001000ecfffcffcaff0c001c002a00d4ff0200feffeeff,020002000c00fafff2fff2fffafffaff0400040016001600caff0c00dcfffcff,ecff2e002200f6ff0000100014001400dafffafffefffeffeeff1000f6ff2600,eeff2000f8ff06003000fcff2400240034a61c704e21e6a55a23e620c8a4b023
3564,3564,0,fcfffcffdeff0000d2ff10000c00ecff0c00faffeeffeeffe4ffe4ff0e002e00,f4ff0200eaff0c00e2ff3e00faff1a00e2ff0400f8ff36001c002c00ecff0c00,9cff0e000400140000002000040004000800faff0c00feff000000001600f6ff,1000deffdaff16003000fcff140044003a235021c8a4e222786feea558a6e26f
3565,3565,0,fcff0a0000000000f2fff2fffcff0c00daffdaffe0fffeffc6ffc6ffeeff1e00,1200f4ff0c002c00f2ffe2fffaff0a00040004003600f8ff0c00faff1c002c00,ecff0e001400f6ff1000100004000400eaffeaff2a000c002000000006000600,00000000e8ff4600fcfffcff040004001c70fea446a54a6f96214ea62023c421
3566,3566,0,ecfffcff0000eefff2ff0000ecfffcff0c00faffeeffd0ffe4ffc6ff4e00feff,f4ffd4ff1c00faff2e003e001a000a001400240026002600eaff0c00fcffecff,1e00ecff04001400100000000400e4ff0800ccff0c000c00deff2000f6ffe6ff,deff00001600f8ffecff30001400c4ffca22b8a5522252220ea61a22d26f38a5
3567,3567,0,ecffdcff200010001000f2ffdcff0c00bafffafffefffeffe4ff12000e000e00,f4fff4fffaff0c002e00e2ff0a00faff04000400160006001c002c00fcff0c00,2e00dcff1400f6ff0000deff04001400080018001c00feff0000100006000600,deff10001600f8ff0e00fcff0400f4ff04a65a225a6f76a52ea6b86f302348a5
3568,3568,0,0a00fcffeeff2000f2ffe2fffcfffcfffaff0c00feff0c0002000200feff3e00,d4ff1200dafffaff2e00f2fffaffeaff04000400f8ff26001c00faffecff0c00,2e000e000400f6ff0000eeff3400140046002800fefffeff0000200006000600,10001000daffdaff1e00fcfff4ff340076a51c70d02346a5ea217a23b8a52422
3569,3569,0,0a00fcff200000001000f2ff0c001c00faff0c000c00eefff4ff12001e002e00,e4ff12001c00faff2000d4ff0a000a000400240036000600faffeaff0c00fcff,1e005e0004002200eeff0000f4ff0400eaff28000c001c002000eeffe6ff1600,30000000f8ff540030000e00e4ff140060212a23c6a51222c86feea578a5e26f
3570,3570,0,fcffecff0000000000000000fcff0c000c00fafffeff1c00e4ff50000e000e00,0200f4ffeafffaffe2fff2ff1a00fafff2ffe2ff26000600faff1c00fcff0c00,1e00ecff0400f6ff000010001400f4ff3600daff0c00eeff0000300016000600,1000eeffdaff1600ecff0e002400e4ff1c7074a698a43a6fbc23fea464217023
3571,3571,0,ecff0a00100020000000f2ffdcff1c00fafffaff0c00eeffe4fff4ff0e002e00,e4fff4ff0c00eaffe2ffe2fffafffafff2ffe2ff3600f8ff0c002c00fcff2c00,0e000e00f6ff1400eeffdeff0400f4fffaffdaff1c000c000000eeffe6fff6ff,ceff00001600e8ffecff1e003400f4ffda235ea4dc20f0232ea75621d26f18a6
3572,3572,0,1a00fcff0000eeff10000000ecffecff2c000c001c00eeff02000200feff0e00,1200e4ff1c00daffd4ff2e000a00faff0400f2fff8ff3600faff0c00fcffecff,2e002e000400f6ff1000100024000400faff0800d0ff0c00eeff10002600f6ff,000010001600daff0e001e0014000400c4a690204a6f46a69ea4c86f982490a4
3573,3573,0,ecff0a001000000000000000fcfffcfffaffcaffeeff0c00220002001e000e00,120022002c000c000000f2fffaff1a00140004000600e8ffeafffaffdcfffcff,fcff2e0004000400eeff0000a4ffe4ffccffeaff0c001c001000defff6ff1600,deff4800f8ff16004000dcffe4ff2400d0a3cc6fe02408a43620ec23b8a6aa20
3574,3574,0,ecffdcff0000eefff2ff20000c00ecff0c000c00eeff0c00020012002e001e00,0200e4fffafffaffe2ff2e00fafffaff0400d2ff160006000c000c00ecffecff,1e00fcfff6fff6ff10001000f4ff2400faffeaff0c00feff10003000e6ffd6ff,3000eeff060016001e00ecff2400140020204025c4a63020b86faea750a4c26f
3575,3575,0,ccffecffceff100010000000ccfffcffeaffeaff2c00eefff4fff4ffaeffeeff,020002000c00fafff2fff2ff1a00fafff2ffd2fff8ff26001c00fafffcffecff,9cff0e0014002200eeff10002400e4ffccffeaff1c000c002000eefff6ff1600,2000eeffdaff6400fcffecff04000400ec6f24a768a34a6f8e259ea4b21f0825
3576,3576,0,fcffecff10000000100000000c000c00faff0c000c00eefff4ff12000e000e00,e4fff4fffaff0c00d4ff2e002a000a000400e2ff0600e8ff0c002c001c001c00,fcff2e000400f6ffdeff20000400140008000800feff2a00200030001600e6ff,0000ceff1600daffecff4000340004001e2650a3201f90259ea7921ef26f50a7
3577,3577,0,fcfffcff100000004e00e2ff0c00fcff0c000c000c00eefff4ff12000e00eeff,e4ff12000c000c00e2ff2e001a001a00e2fff2ff36003600fafffaff0c00ecff,0e00fcff140004001000deff0400a4fffaff0800feff6600eeffeefff6fff6ff,deff4800160006001e000e00f4ffe4ff2aa8da1e3a6f74a75ea4986fd825b0a3
3578,3578,0,fcfffcff00000000d2fff2ffecfffcff0c002c00ceffeeffe4ff1200eeff0e00,e4fff4ffeaff0c000000f2ff1a001a001400f2fff8ff26001c00faff3c00fcff,1e000e000400f6ffeeff0000040004000800eaff1c00feff0000eeffe6fff6ff,20000000cafff8ff4000fcfff4ff1400a0a2cc6f5c2618a3c21edc262aa8aa1e
3579,3579,0,dcff1a0000001000f2ff0000ecfffcfffafffaff0c00feff020002000e00feff,020002000c000c00e2ff00000a000a001400e2ff360046002c000c00fcff1c00,dcff0e00e6ff22000000eeff04000400080008001c002a0010002000f6ff0600,5800deffcaff54000e00caff040034004a1ebe26b4a7601ea86f42a8f4a2e26f
3580,3580,0,0a00fcff0000beff10001000ecffecff2c00faffeeff1c01f4ff12000e000e00,02000200eaffeaffe2ff00000a000a00f2ff0400060036000c00faff2c000c00,2e00fcfff6ffd8ffeeffeeff0400f4ff08001800feff0c00200000001600e6ff,1000beffdaff1600fcfffcff44001400bc6f5aa824a22a6fbc26cea32a1e1a27
3581,3581,0,fcff0a000000000000001000fcffecfffaff0c00deff0c000200e4fffefffeff,0200f4ffeaff1c002e002e00fafffaff0400f2ff16000600faff0c002c000c00,1e000e00f6ff04002000eefff4ff1400180046001c007600eeffeeffe6ffd6ff,beff00001600dafffcff1e0014001400fe2670a2c21d7c27f2a8321ec26f3aa8
3582,3582,0,1a00fcff30001000f2ffe2ffecfffcffeaff1c000c00feff0200f4fffeff0e00,0200f4ffcaffdafff2ffd4ff1a00dafff2fff2ff26001600faff0c00dcff1c00,0e000e00f6ff04000000000014001400faffeaffeeff1c001000deff1600e6ff,deff10000600dafffcff1e0024000400caa83c1d3a6f42a800a3786fca27b4a2
3583,3583,0,fcff0a000000eefff2ff20001c00ecfffaff0c000c001c011200d4ff0e000e00,f4fff4fffaff0c00f2ff2000faffeaffd2ff040036001600eaff0c00fcffccff,0e00dcff140004000000ceff04000400eaff18001c00feff00000000e6ff0600,20003000e8ff16001e000e001400040030a2766f6c2706a2c21cbc2754a91a1d
3584,3584,0,fcff2a00eeff100000000000fcffecffcafffaff1c013c01020030001e00feff,12000200fafffafff2ffe2ff1a000a00040004002600b8ff0c000c00ecfffcff,0e001e00f6ff0400eeffeeff1400140046000800feff2a00eeffeeff16000600,1000deffdaff46003000dcff0400f4ff6c1c9428d2a8f41c986f72a904a2c26f
3585,3585,0,0a00fcff0000eeff0000f2ffdcff0c000c000c002c000c001200e4fffeffeeff,1200f4fffaffeafff2ffe2fffafffaff0400f2ff460016002c00fafffcffecff,2e00ecff14000400eeff000014000400ccffdafffeff1c001000eefff6fff6ff,1000eeffdaff1600dcffdcff24000400866f7aa976a12a6fb028b8a1621c9a28
3586,3586,0,0a000a00200010000000f2fffcfffcff0c001c002c00feffd4ff12002e000e00,1200e4ff0c00eaffd4ff3e001a000a00f2ff0400260074000c00eaffecffecff,0e000e0014000400deffeeff04001400faffeaff0c00eeff0000eefff6fff6ff,ceff00006400caffcaff40002400f4ff4429a6a1441c2a2906aa001ba26fd4a9
3587,3587,0,fcffecff00001000100010001c001c000c00faff0c00feff1200c6ff0e00eeff,f4ff1200eaffeaff3e00d4ffeaffeaff04000400460074001c00eafffcfffcff,fcff0e00f6ff040000001000f4ff0400daffeafffeff0c0020000000f6ffe6ff,eeff20000600e8fffcfffcff0400f4ff8aa9181c4a6f62a938a1786ff428b4a1
3588,3588,0,fcfffcff00001000e2ffe2ff0c000c00caff1c002c001c00f4ffe4ffdeffceff,f4ff0200eafffaff1000e2ff0a00fafff2ff1400f8ff16000c001c00dcff0c00,0e000e000400d8ffeeffdeff04002400dafffaff1c00feff100000002600f6ff,deff2000daffe8ff1e001e0014004400f6a0766f2a2936a1401b9029f4a9e21b
3589,3589,0,fcfffcff000000001000f2fffcfffcfffaffdaff1c00feff0200e4ffeeffeeff,e4ff30000c00faff2e002e00faff0a000400f2ff36006400faff1c00ecff4c00,0e001e00f6fff6ff0000eeff1400a4ffccffdaffeefffeff0000eeffe6ffe6ff,1000deffdaff16001e00ecff14001400ea1a0e2a22aa641b486f26aa74a1c26f
3590,3590,0,0a001a003000ceff0000d2ffecfffcffdaff0c002c002c0040001200feffceff,120002000c00faff2e002000eaff1a00e2fff2ff160046001c001c00ecfffcff,0e00ecff0400040010001000140014000800fafffefffeff0000100016000600,0000deff06001600ecffecff24000400666fb4aad6a01a6f042a48a0861af429
3591,3591,0,fcff0a00000020000000e2fffcff1c00fafffaff2c004c0012003000fefffeff,02000200faff1c00e2ff2e00eaffeaff0400e2ff26003600eaffeaffecffdcff,0e00fcfff6ff0400000010000400a4ffdafffaffeeff0c00100030000600f6ff,000000000600f8fffcff1e000400f4ffce2aa6a0841a722ad6aa201b926fa4aa
3592,3592,0,fcff0a0010001000f2ff1000fcfffcff0c00eaffeeff2c00f4ff50001e00eeff,e4ff0200eafffaffe2ffe2fffafffaff0400e2ff460074003c002c00fcff0c00,0e00dcffe6ffe6ffeeff1000140004000800faff0c00feff0000000026000600,deff30000600dafffcff3000e4ff040024ab90190a6f52aa28a0586f002bc4a0
3593,3593,0,fcffbcffeeff20000000f2ff0c00fcff0c00faffeeff0c003000f4ff2e001e00,e4ffe4ffdaffdaff3e000000eaff0a0014000400060026000c000c00ecfffcff,1e000e00f6fff6ffeeffeeff0400f4fffaffeaff0c001c00eeff10000600f6ff,10001000f8ff06001e00caffd4ff040056a0566f222b76a05c19842a60abd019
3594,3594,0,1a00fcff00000000e2ffd2ff0c00fcff0c00caff0c00eeffe4fff4ffeeff0e00,f4ff02000c000c00f2ffd4ffdaff0a00f2ffe2ff060006002c00faff0c00ecff,1e001e00f6ff0400bcffeefff4ff04000800eaffe0ff2a0000000000d6ff0600,1000eeffe8ff16001e00dcff04000400c0185e2bf0aad019386ff8abf29f926f
3595,3595,0,fcff0a0010001000f2ff0000dcffecff0c000c003c010c000200e4ff0e001e00,02000200faff1c002e00f2fffaffeaffe2ff04000600f8ff0c000c00fcff1c00,fcffdcffe6ff04000000100024001400eaffeafffeff0c00eeff00000600d6ff,1000defff8ff1600fcffecfff4ffe4ff566f34acd69fca6e682cc49fd018002c
3596,3596,0,fcffecffeeff00001000d2ff1c001c000c00faff0c000c003000e4ffdeff3e00,1200f4fffafffaffd4ffe2ff0a000a00f2ff040016001600eaff4c001c00ecff,1e00fcff0400f6ff1000000004002400faff18000c002a00eeff200006001600,0000deff6400daffecff30003400f4ff6c2c36a0f018182ee8aca817926fd0ab
3597,3597,0,0a001a0010000000e2ff10001c000c00eafffaff1c00feff0200e4ff0e00feff,120002000c00eaff2000d4ffeaff0a001400f2ff060016001c000c000c00ecff,fcff2e00f6ff0400eeff300014001400faff08001c002a000000eeffd6ffe6ff,deff30004600caff0e001e0004002400c8acc017ba6e20ab649f286fb82ca29f
3598,3598,0,ecff1a0010000000f2ffe2fffcfffcfffaff1c00feff0c00020002000e00feff,e4ffd4fffaff1c002e0020000a00fafff2fff2ff260036000c00faffecff0c00,dcff2e00f6ff04000000eefff4ff0400daffeafffeff0c0020000000f6fff6ff,eeff0000f8fff8ff0e00fcffe4ff1400f69f066f782e569f5c17f82d20ac9e17
3599,3599,0,fcff0a0000000000f2ffe2ff0c00ecff0c002c00eeffeeff02000200eeff0e00,0200f4fffaff0c00e2ff20000a00eaff24001400160006000c000c00ecffecff,1e00fcff0400f6ff0000eeff140014000800ccff0c001c00eeffeeff0600f6ff,3000eeffdaff24004000fcff04001400d017422d80abfa17686fc8ac729f726f
3600,3600,0,fcfffcff2000100010000000fcfffcff0c000c00eeff0c000200e4ff3e001e00,0200f4ff1c00faffd4ff2e00fafffaffd2ff040026003600eaffeaffccffdcff,1e00fcff0400140010000000a4ff140028001800feff0c0000000000f6fff6ff,0000cefff8ff5400fcff0e001400e4fff66e1aad089fea6ef82dc49e7e17d82c
3601,3601,0,1a00fcff0000eeff1000f2ffecff0c00dafffaffd2feeeff120002000e00feff,0200e4ff1c001c0010003e00faff0a00f2fff2ff060006000c001c00acfffcff,1e00fcff1400f6ffeeffeefff4ff1400faff08000c00feffeeffeefff6fff6ff,deff00001600f8fffcff1e002400d4ff0e2ef09e5a17962fb8adbc16526fd8ac
3602,3602,0,0a001a00deff00001000f2ff0c00ecfffaff0c00f2fe0c00120050000e000e00,0200f4ffeaffeaff20002000eaffeafff2fff2ffe8fff8ff2c00caffecffdcff,9cff0e00040032001000eeff1400e4ffdaff1800e0fffeff0000eefff6ffe6ff,ceff20001600dafffcff3000e4fff4ffbaadaa168a6e20acb49e386f3a2eba9e
3603,3603,0,fcff1a002000defff2ff10001c00fcff1c00faff0c000c00120022000e000e00,12001200faffdaff0000d4ff5a001a00f2fff2ff260006000c000c00fcff0c00,fcff0e001400f6ff1000000004001400faff08002a000c0020001000f6ff0600,eeff1000dafff8ff3000dcffe4ff0400f09e266fd62fe89e7c15082e68ad9616
3604,3604,0,dcffdcffdeff2000f2fff2ff0c00ecffeafffafffeff2c002200e4ffeefffeff,12001200eafffaffd4ff2e00faff0a00f2ff0400360016002c002c00ecffecff,1e00ecfff6ff0400eeffeefff4ffe4fffafffafffeff0c00100000000600f6ff,1000eeffdaff64003000ecff24000400cc159e2e18adaa16386f48ae6a9e426f
3605,3605,0,0a00fcffeeff20000000e2ffecff0c00eafffaff2c002c00e4fff4ff0e000e00,12000200eaffeaff2e0000000a00faff36001400260016000c000c00ecff0c00,2e000e0004000400eeff00000400f4ff460028000c000c000000defff6ff2600,1000deff16001600fcff0e0024000400066f56ae4a9eba6e682f749eb615f02e
3606,3606,0,0a00fcffeeff10000000f2ffdcfffcfffaffdaff0c00eeff3000c6ff2e00feff,1200f4ffdaffeaff0000d4ff1a00faff04000400d8ff46000c000c001c001c00,0e000e00f6ff0400eeffeeff1400f4ff1800eafffeff0c0020002000f6ffe6ff,0000deff6400daff0e0040002400e4ff9e2e609e4c151c3148ae2c14126fe8ad
3607,3607,0,fcfffcff00001000e2fff2ff0c00fcff0c001c002c00fefff4ff2200feff1e00,0200f4fffafffaffd4ffe2ff0a001a00140004000600d8fffafffaff0c00fcff,fcffecfff6ffe6ffeeffeeff1400f4ff080028000c000c000000000026001600,100030001600baffdcff1e00f4ff4400e6ae0c158a6ec8ad249dc86eb02ffa9d
3608,3608,0,dcfffcff00001000f2ff20000c002c00cafffaff0c00deff02000200feffeeff,d4ffe4fffaff0c00e2fff2ffeaff0a00f2ff2400360016000c00eaffecfffcff,0e00fcff04001400eeffdefff4fff4ffccff08000c00feff1000200006000600,deff0000daff06003000ecffd4ff0400409ed66e1c31da9d4c14dc3068aed614
3609,3609,0,fcff1a000000eeff100000001c000c000c000c001c002c00f4fff4ffdeff3e00,f4ffe4fffaff0c00e2ff00000a000a00f2ffe2fff8ff06001c000c00fcffecff,0e001e001400f6ffeeffeeff14001400fafffafffefffeff00000000f6fff6ff,58000000baff64001e00baff240004006c142e30e6ad9c14c86ed8aeda9d126f
3610,3610,0,0a00fcffeeff00001000e2ff1c000c00fafffaffdeff1c000200f4ff1e00feff,f4fff4ff0c000c002e000000faffeaff04001400160036001c001c00fcffacff,0e000e00f6fff6ff10001000f4ff04000800fafffeff2a0000000000f6ffe6ff,1000ceff06004600fcfffcff2400f4ffe66e06af3a9d5a6e0c31f49c2e143030
3611,3611,0,1a00fcff10001000f2ffe2ffecfffcfffafffaff0c00eefff4ff0200eefffeff,f4fff4ff0c00eaffd4ffd4ff0a005a000400d2ff460006000c002c001c003c00,0e001e00f6ff04001000000014004400faffeaff0c00feffeeff400006000600,100030001600daffcaff3000040014000e31729dee13803298af2a13f26ef0ae
3612,3612,0,fcfffcff10000000f2ff2000fcffdcff0c000c00deffeefff4ff3000eefffeff,020012000c000c000000e2ffeaffeafff2ff140026001600eaff2c00ecfffcff,fcffecff0400f6ffeeff00000400d4ff0800faff1c0076000000100006000600,deff10000600e8ff1e001e000400f4ff1cb030134a6e86aeb49cc86efa306a9d
3613,3613,0,fcff0a001000ceff00001000ecffecff0c001c00eeffeeff0200f4ff0e002e00,f4fff4fffaffeaff20002e000a00fafff2ff0400260026000c001c000c00fcff,0e002e0014001400deffeeff240004003600faff0c001c002000eeffe6ff0600,10002000060006003000ecff14004400f29cc66ef0321a9dba126c31b0afc212
3614,3614,0,0a000a000000eefff2ff1000ecff0c00faff1c002c000c0002000200fefffeff,0200d4ff0c00faff0000e2ff0a00eaff0400040026000600fafffafffcffecff,0e002e00f6fff6ff0000eeff140004002800eafffefffeff00000000d6fff6ff,3000eeffdaff06004000dcff14001400a0126e31e4ae2e13c86ebcb0a29cc26e
3615,3615,0,ecfffcff0000eeff0000f2fffcff0c000c00daff1c000c000200f4ffeeff2e00,f4ffd4ffeaff0c000000e2ffeafffaff040004000600f8ff0c002c001c00fcff,1e000e00f6ff040010001000d4ff04002800eafffefffeff1000000026000600,58000000f8ff1600ecff0e0044002400866eacb00a9d1a6e7032b49c4212fa31
3616,3616,0,fcff0a00100000001000e2ff1c001c000c00faffeeff0c00120012000e00eeff,e4ff02001c00fafff2fff2ff0a000a0004001400060016000c000c000c001c00,0e00ecfff6fff6ff1000000004000400eaffccff2a000c0010000000e6fff6ff,ceff00004600f8ffdcff30001400e4ff7832e29cde12c0339cb0b610406ea0b0
3617,3617,0,1a00fcff1000000010001000fcffdcff1c001c001c00eeffe4ffe4ff2e000e00,e4ff12001c00fafff2ffe2fffaffeaff1400f2ff540026001c000c00ecfffcff,0e00ecff1400f6ffeeff0000f4ff2400080036000c00feff20001000f6ffe6ff,deff30001600daff0e001e0004000400dcb026112a6e34b0449cb86ef632ca9c
3618,3618,0,1a00fcff00000000d2ff2000ecfffcfffaff0c002c001c00c6ffe4fffefffeff,2200f4ffeafffaffe2ff3e000a001a001400240006005400faff2c000c00ecff,ecfffcff1400f6ffdeff100024000400080008000c000c000000eefff6ff0600,00001000cafff8ff0e00fcff14004400e09b766e5034fa9cc61050335ab14211
3619,3619,0,ecff0a0000000000e2ff1000ecfffcffcaffdaffeeff1c0002000200eeff0e00,d4ffd4ff0c000c002e00e2ff0a000a0024000400e8ff06000c000c00ecfffcff,fcfffcff1400e6ff0000eeff0400f4ff280008000c000c0010000000e6ffe6ff,3000eefff8ff16001e00dcfff4ff0400d610383334b03e12586efcb0529c506e
3620,3620,0,fcfffcff0000eeff0000f2fffcfffcff0c00dafffeffeeff2200f4fffefffeff,020002000c00faff3e00f2ffeaff0a0014002400060046000c00caffdcff0c00,0e00dcff1400140000000000140024002800faffe0ff1c002000000006000600,1000eefff8ff16000e00ecff4400f4ff466e9cb15a9c546d2234529b08104633
3621,3621,0,1a000a00eeff00000000f2ffecfffcffcaff0c00feffdeff3000f4ff0e00feff,f4ff02000c00eaffe2ff20000a00eaff24001400640026001c000c000c00fcff,0e001e00f6fff6ff0000eeff040004002800fafffeff1c00deffcefff6ffe6ff,deffeeff1600caffdcff40004400d4ff8833509bea10ee3430b2a610406e8ab1
3622,3622,0,0a00fcff00000000f2ff00001c00fcff2c00faffcefffeff02001200fefffeff,f4ffe4fffafffaffd4ff2e000a005a000400f2ff16001600fafffaff0c001c00,fcff0e0004001400eeff300024001400080028000c00feffdeffeeff0600f6ff,deff10000600dafffcff30000400140066b22610446d44b0329b386efe34f29b
3623,3623,0,fcff1a0010001000f2fff2ff1c00fcff1c001c00eefffeff400012002e002e00,e6ff04000c001c000000e2ff0a001a00d2fff2ff3600d8ff0c000c00ccff1c00,ecff2e001400f6ff1000100024001400faffeaff1c002a0000002000f6fff6ff,eeff3000cafff8ff3000dcfff4ff1400109b366e9e35ac9b020f0234bab2980f
3624,3624,0,dcfffcff000000000000e2ff0c00fcfffaff0c00feffeeff02001200feff0e00,0400f6ff1c000c00f2ff2e000a001a002400e2ff360036000c00eaff0c00ecff,9cfffcff22000400eeffeefff4ff04000800eaff1c00feff00000000f6ff0600,68000000daff16001e00dcff04002400fe0ed63462b17410386e20b3109bf06d
3625,3625,0,ecfffcff0000deff10000000fcfffcfffafffaffe0ffe0fff4ffc6ffeefffeff,e6fff6ff1c001c003e00f2ff0a000a00e2ffd2fff8ff36000c002c00fcffecff,2e00acfff6ff040000000000e4ff04000800eaff0c000c0000000000e6ff0600,0000beffe8ff16000e000e00f4ffe4fff66da6b29c9b546de235229bc80ece34
3626,3626,0,fcff0a000000eeff0000f2ffecfffcff1c000c00eeffeefff4ff3000feff0e00,e6ff0400fafffaffe2ff20001a001a00f2fff2ff16002600eaff0c001c002c00,0e001e0014000400eeff30000400340028002800eefffeffdeff00000600e6ff,eeffeeff1600daffcaff1e0014000400b635e09ab40f4c3610b3120ef06d46b3
3627,3627,0,2a002a000000eeff1000e2ff0c002c00faff2c001c00fefff4fff4ffdeffeeff,e6ffe6ff0c00faff0000e2ffeafffaff04000400360036000c000c00fcff1c00,9cff0e000400040000001000140014002800eaff0c000c0020002000d6ff0600,deff10005400e8fffcff0e002400140016b33e0e046d50b2b29ae86d8e35c09a
3628,3628,0,ecfffcff0000000010001000dcffecfffaff0c00f2fefeff12002200fefffeff,d6ffd6ffeaff0c003e00f2fffafffaff0400f2ff16003600fafffaff1c00dcff,fcfffcff0400f6ff1000eeff1400e4ff0800faff0c00e0ffeeff0000d6ff1600,00001000daffdaff3000fcfff4ff2400609aaa6d5c375c9b620df23686b3020e
3629,3629,0,fcff0a001000eeff000010001c00fcff0c00faff0c00eefff4ff0200feff0e00,f6fff6fffaff1c002e00f2ffeafffaffd2fff2ff260026000c000c00ecff0c00,ecff0e00f6fff6ff0000000014000400daffdafffeff0c00eeff1000d6ff0600,0000eeffcaff46003000ecffe4ff4400220d723696b2440f286e02b4709a906d
3630,3630,0,fcffecff0000eefff2ff4e000c001c000c001c00feff02ff02001200feffeeff,f6ff0400eaffeafff2ffd4ff1a000a000400f2ff54001600faff0c000c00ecff,2e008cfff6fff6ff1000000024002400faff0800eeff1c000000000016001600,4800deffdaffe8ffecff0e0004002400ba6db6b3dc9ad46c8236de99400dbe36
3631,3631,0,2a001a00200010000000e2ff1c000c000c001c00eefffeff30000200feffeeff,2400f6ff2c000c002e00f2fffaff0a001400f2ff06002600faffeaffecffdcff,0e000e003200f6ff1000deff0400f4ff0800eaff1c000c0000001000e6ffe6ff,deffdeff6400e8ffecfffcff4400e4ff1237609a860eac3772b4d20c806d76b4
3632,3632,0,fcffbcff00000000e2ffe2ff0c000c001c00eaffe0fffeff0200f4ffeefffeff,f6ffe6fffaffeaff0000e2ffeaffeafff2ff0400160046001c00faffecfffcff,9cffdcff1400f6ffdeff3000d4ff040028002800feff0c001000deff0600f6ff,deff30001600daffecff1e00a4ffe4ff94b42e0cb46c6eb5ae99566d3637e099
3633,3633,0,fcfffcffdeff0000f2ff0000fcff1c00faff1c00feffeeffe4ff1200feff0e00,d6ffe6fffaff0c00f2ffd4fffaff0a000400f2ff640016002c000c00ecffecff,0e00fcff140014000000eeff04000400daffeaff0c000c002000deff2600f6ff,deff2000daff06004000fcffb4ff0400a6995a6dd238ac9a320cb2373eb5580c
3634,3634,0,fcfffcffeeffeeff1000f2ff1c001c000c00fafffeff0c00120012000e00feff,24000400eaff0c00f2ff2e00faff0a00f2fff2ff16001600faff0c00fcffecff,1e00fcffe6ffe6ffeeff10001400140028002800eeffe0ff20002000f6fff6ff,6800deffcaff06000e00fcff14001400de0b18388eb5c60dc86d62b5f099806d
3635,3635,0,fcffecff10000000000010001c001c000c00faffd0ff2a01f4fff4ff0e003e00,f6ff04002c000c00f2fff2ffeaff0a00f2ff2400060036000c00faffccff0c00,dcff0e001400040000000000f4fff4ffeafffaff0c002a002000eefff6ff1600,1000deffe8ff16000e000e001400c4ff5a6d84b5069a766c2638ce99c80bd637
3636,3636,0,1a002a000000100020000000dcfffcfffaff0c001c001c00220002002e002e00,f6ff1400faff0c0020005c000a001a00f2ffc0ff5400e8ff1c000c00ecff0c00,fcff0e00140022000000100014000400daffdafffeffe0ffeeff100026000600,ceffeeff4600e8fffcff1e000400d4ff78387699080a323992b5920a206d2eb5
3637,3637,0,fcff0a0010000000f2fff2ffecffecffeaff1c00eefffefff4ff0200fefffeff,140004000c00faff2e00f2ffeafffaff14001400e8ff36002c000c00dcfffcff,0e00ecfff6fff6ff1000000024001400fafffaffeefffeff1000eeffd6ff0600,ceff3000f8ffbaffecff3000e4ff040030b64e0a466cbab6ee98766dc838a099
3638,3638,0,fcff0a000000eeffe2ff0000ccffecfffafffaff0c010c00f4ff12000e00eeff,04000400dafffaffd4fff2ff5a00faff04001400060006000c001c001c00ecff,0e001e00f6ffe6ffdeffeeff1400f4ff080028002a00feff2000000016000600,00001000baffdaff1e00fcff2400440016990a6df8398e99ce09a6395eb68c0a
3639,3639,0,ecff2a001000eefff2fff2ffecffecff0c000c002a00feff120002001e00feff,e6ff14001c000c002e002e00fafffaff14001400260026000c001c00ecffccff,ecff0e001400f6ff0000defff4fff4ff2800faff0c000c0000000000f6fff6ff,2000deffe8ff16004000dcff04002400c40928392ab78209366dd2b57099206d
3640,3640,0,ecff1a00deffeeff1000f2fffcffecff0c00fafffeff0c0002000200eefffeff,04000400eaff1c00e2fff2fffafffafff2ffc0ff06005400fafffaffecfffcff,0e008cff04001400100000001400f4ffeaff0800eeff2a00eeff00000600f6ff,1000ceffdaff46001e001e001400e4ff0a6dd0b68e99666cb6399e986c093839
3641,3641,0,ecfffcff00001000f2ff0000fcfffcfffaff0c00e0ffeeff0200d4ffdeff0e00,f6ff1400eaffeaffe2ff20000a002a00f2ff04001600e8fffaff0c000c00fcff,0e009cfff6fff6ffeeff0000140014002800faff1c00feff20002000f6ff0600,0000eeff1600daffecff1e002400f4ff9839e6984208983af4b60e09e06cbeb6
3642,3642,0,2a00fcff100000001000f2fffcffecff0c00faff1c00e0ffc6ffe4ff2e000e00,f6ff14002c000c002000f2fffaff0a00d2ff1400360006002c000c00ecffecff,0e000e000400e6ffeeff000004002400280028000c00feff000010003600f6ff,000010001600daff0e0030000400e4ff50b73409a66beab79e98e66c183a0099
3643,3643,0,ecff1a0030001000e2ff10000c00fcffdaff0c00eeff1c003000f4fffeff0e00,e6fff6ff1c000c001000d4fffaffeafff2ff14001600f8ffeaff2c00ecff0c00,ecff0e001400220000001000f4fff4ffeafffaff1c000c000000000006000600,eeff1000e8ffe8ff1e00fcffc4ff44006698da6c663b00994e082a3a46b74c09
3644,3644,0,fcffecffeeffdeff200000000c000c00daffdaff2a00eeffe4ffe4ff2e001e00,f6ff14000c000c0010002e000a00fafff2ff0400460016001c00fafffcffdcff,dcfffcff14002200deffeeff0400f4ffeaffeafffefffeff00000000f6ff1600,0000deffe8ff64000e00fcff140024002408b23a4ab86207e66c84b7e098c06c
3645,3645,0,fcffdcffeeffeeff0000e2ffecff0c00faff0c000c001c00d4fff4ffeeffdeff,f6ff0400fafffafff2ffd4ff0a000a0004001400160036001c000c00fcfffcff,fcff0e000400140000001000140014001800eaffeefffeffeeffeeff2600f6ff,1000deffdaff0600ecfffcff44000400ba6c26b8d098f66b3a3b7e98f207fa3a
3646,3646,0,ecfffcff1000eefff2ffe2fffcff0c002c00daff2a000c000200b6fffeff0e00,140004001c00faffe2fff2ff0a005a00f2ff14001600f8ff2c001c00dcffdcff,2e001e00f6ff0400deff100014001400080008001c00eeffeeffdeff06001600,000000001600daffdcff30000400e4ff523b4698e206063c58b82a06806c06b8
3647,3647,0,1a000a0010001000f2ff4e001c000c000c00daff1c000c00f4ff2200eeff0e00,0400f6fffaff2c002e0000000a000a00e2ff0400060046000c000c00ccff0c00,9cffecff140004001000000004000400eafffaffeefffeffdeff2000f6ff0600,eeff30001600daffecff0e000400040096b82408f66beab8ca97d66cba3b1e98
3648,3648,0,dcfffcff10000000d2ff20000c003c00dafffaff0c01eeffe4ffe4ff0e00eeff,e6ffd6fffaff0c002e00e2fffaff0a00f2ff0400260016002c000c00dcffdcff,ecff1e00f6ffe6ff0000eefff4ff0400ccffeafffeff2a00000000003600f6ff,deff1000f8fff8ff4000fcff2400140036988a6ce63c90985a067c3cf8b81207
3649,3649,0,ecffecffceffdefff2fff2ff0c000c000c00fafffeffe0ffd4ff12000e001e00,f6ffd6ffeaff0c00f2ff2e00fafffaff2400f2ff640006002c00eaffecffdcff,0e00fcfff6ff04000000100004000400faffbcffeeff0c0010000000f6fff6ff,2000eeffcaff06004000ecff04001400b406663cb8b9e405666cb8b80e98086c
3650,3650,0,0a002a00200000002000f2ffecff1c00faff0c00eeff0c00e4fff4fffeff2e00,f6ff1400eaffeaff0000e2ff0a000a00e2ff1400640016000c000c00ecff0c00,ecfffcfff6ff1400eeffeeff04002400daffeafffeffeeff0000eefff6ff3600,1000eefff8ff1600dcffdcff24002400166c26b92098566b6c3c1a97e0055a3c
3651,3651,0,1a00dcffeeff0000000000001c00fcffeaffeaff0c005c01300030002e002e00,f6ffe6fffafffaffe2ff3e00fafffafff2fff2ff540006000c00faffccff2c00,1e00ecffe6ff04000000defff4ff04002800eaff0c00feffeeffeeff1600f6ff,0000eeff5400e8ffdcff0e0004000400763d90974605463d1cba2a06f86b98b9
3652,3652,0,0a001a000000ceff00000000ecff1c000c00faff1c00ceffe4fff4ff0e000e00,04001400faff0c003e00d4fffafffaff0400e2ff060054000c00faffdcffecff,fcffecff040014000000000004000400daffdaff1c00eeff200020001600e6ff,deff30002400e8fffcff1e0024000400a6b99805a66ba6ba3a97366c323d9e97
3653,3653,0,dcff2a00ceffdeff00000000fcffdcff0c001c00feff1c00300030002e001e00,d6fff6ff0c00faff4c00e2fffaff1a00c0ffe2ff060026001c000c000c00fcff,2e00ecff0400f6ff0000eefff4ff04001800faff1c00feffeeff000026000600,eeff2000dafff8ff30000e00240034004097786b223e0098fc043c3d38ba3005
3654,3654,0,dcfffcff0000ceff4e00f2fffcff0c00daff0c000c00fefff4fff4ff0e000e00,0400f6fffafffaffd4fff2fffaff0a0004001400460006000c002c000c000c00,1e00fcff040022000000eeff14000400ccff28000c00eeffdeff300026001600,10000000e8ff06000e00ecff04003400f804b63d66bb4604266cbcba7e97d86b
3655,3655,0,0a00fcff000000001000f2ffdcffecffeaffcaff0c000c000200d4ffceff2e00,f6ffe6ffeafffaffe2fff2ffeafffafff2ff1400060046000c00faff0c00dcff,1e000e00f6ff04000000eeffd4ff1400fafffaffeeffeeff00000000e6ff0600,0000eefff8ff5400ecffcaff2400f4ff186ba0ba7097566b7c3e3a97f004823d
3656,3656,0,fcff1a00000000000000e2fffcff1c00faff1c001c01eefff4ffe4ff0e000e00,04000400eafffafff2ff0000faff0a00f2fff2ff16002600fafffafffcffdcff,8cfffcfff6fff6ffeeffeeff04002400faff08000c001c002000100006000600,eeffeeff4600f8fffcff1e0014000400723e40974603623e2cbbda02986b88ba
3657,3657,0,ecfffcffeeff0000100000001c00ecfffafffaff0c00eefff4ff02002e00feff,24001400faff1c002e000000faff0a00f2ff0400f8ff54000c000c00dcfffcff,dcff1e00f6ff14000000000014001400eaffeafffeff0c001000100006001600,ceff10001600daff3000400024001400f0ba5203a66ae6bb0a97766c623ea696
3658,3658,0,fcfffcffeeffcefff2ff3000ecffecfffaff2c002c002c00f4ff0200feff2e00,f6ff0400eaffeaff0000c4ff0a00fafff2ff0400d8ff36000c000c00ecffdcff,ecffdcffe6ffe6ff1000000014002400360028001c00eeffdeffeeff0600e6ff,eeff5800e8ffe8ff0e00ecff04004400e096286b023f40971a03bc3feabb6803
3659,3659,0,ecfffcffeeffeeff00002000fcfffcfffafffaff3c012c000200f4ff0e000e00,f6ff1400faffdaffe2fff2ffeaffeaffd2fff2ff3600f8fffaff1c00fcff0c00,0e009cff04000400eeffdeffd4ff0400faff1800e0ff2a001000000006002600,20000000e8ff6400fcffecffe4ff54009202223fa4bc1603f66bfcba6696786b
3660,3660,0,ecffdcffeeff000010001000dcfffcff0c00eaff1c000c0022000200feff1e00,0400f6fffafffaff2000f2ff1a00faffe2ff0400e8ff26001c000c00dcfffcff,0e001e00e6ff14000000deff14002400280008000c00feff1000000006000600,1000deffe8ff0600ecff0e003400f4ffe86a80bb8296a66a3c3f6a96cc023a3f
3661,3661,0,fcfffcffeeffdeff0000f2fffcfffcfffaffcaff2c002c00220002000e003e00,f6fff6ff0c00eafff2ff4c000a000a00e2fff2ff36000600faffeaff0c00ecff,0e001e000400f6ffdeff1000040014003600faffeeffeeff10001000e6fff6ff,eeffdeff1600f8fffcff1e004400e4ff2840c096920102406ebc6a02286bfabb
3662,3662,0,0a00dcff100000000000f2fffcff0c000c00faff0c00feff400012002e002e00,040014000c00faffe2fff2ffdaffeafff2ffe2ff060046000c001c00ecfffcff,1e001e00e6ff0400eeffeeff1400f4ffdaff28000c00eeffdeff000016000600,eeff30001600caff0e000e002400040050bc6801a66a14bd7a95a66bfa3f5696
3663,3663,0,ecff2a00eeff0000f2ff0000ecff1c00faff1c001c000c00220030000e00eeff,f6ff1400eaff0c00f2ff4c000a00faff0400040036000600fafffaffdcfffcff,0e00fcfff6ff0400eeffdefff4fff4ffccffdaff0c00feff3000eefff6fff6ff,ceff10000600daff0e000e00e4ff24008096b86a904000977601bc3fe2bc0c02
3664,3664,0,fcffecff00001000f2ff1000fcff0c00faffcaff0c001c000200f4ff2e000e00,0400f6fffaffeaff00000000fafffaffe2fff2ff360046002c002c001c00fcff,dcff1e00e6ff14000000deff24001400eafffaff0c000c0000000000f6ff1600,0000eeffdaff46001e00dcff0400240058018840d4bd7201766b4ebd2696d86a
3665,3665,0,fcfffcff0000eefff2ffe2ffccff0c00fafffaffeeffdeff2200f4ffdefffeff,04001400eaff0c002e00e2fffaff0a0036000400540036001c000c00ecfffcff,fcff1e00220014000000100024000400daff2800fefffeffeeff100006001600,1000eefff8ff16000e00ecff24001400786a94bd7296766ac040ba95fc00fc40
3666,3666,0,ecfffcffeeffeeffe2ff00000c00fcff0c000c000c00feff30001200feff0e00,f6ffe6ffeaffdaff200020000a001a002400f2ff260026002c002c001c00fcff,fcffecfff6ff0400eeff0000f4ff240028000800fefffeff2000deff16001600,0000eeff460006000e0030006400f4fff840d295c2004e413ebd2600ac6a82bd
3667,3667,0,fcffecff2000000010000000fcfffcfffaff1c001c00eeff020002001e00feff,f6ffe6fffaffeaffe2fff2ff0a00fafff2ff0400540026000c000c000c00fcff,fcff0e001400f6ffeeff100004000400ccfffaffeeffe0ffeeff0000f6ffe6ff,ceff20001600e8fffcff4000f4ff140020be0800366af4bd5a95b66b4c41e695
3668,3668,0,fcfffcff00001000e2ff0000fcff1c000c00faffeeff2c00300012002e00deff,1400e6ff0c00daffe2ff2e000a000a00f2ff0400260046000c002c00ecfffcff,2e009cfff6ff04000000eeff14001400daffeaffe0ff0c00eeff000016001600,eeff1000f8ff06001e000e00f4ff2400a295186a14422496a0ff1442e2bd7c00
3669,3669,0,fcff0a00000000000000e2ffdcffecff0c000c00eeffeeff1200f4ff0e00feff,14000400faffeaffe2fff2fffaff0a00f2ff24001600d8ff0c00faffecfffcff,0e001e0014000400eeff100014001400faff08001c000c002000eeff06001600,3000eeffe8ff16000e00dcff0400440080ffa84132bf66ff766acebd96958c6a
3670,3670,0,fcfffcffeeffeefff2fff2ff0c00ecff1c00eaffeeff3c01e4ff02000e00eeff,04001400eaffeaff0000e2ff0a00eafff2ffe2ff160026001c000c00ecfffcff,1e00fcffe6ff0400100000001400140036000800feff0c00deff2000f6ff1600,2000defff8ff1600ecfffcff1400f4ff186a20bff495c669a4425a956aff1c42
3671,3671,0,0a00fcff00000000e2ffe2ff2c000c000c000c000c00defff4ff0200deff0e00,e6ff1400faffeaffe2ff0000faffeaffe2ff14001600f8fffaff0c00ccffecff,1e001e0004000400eeff000024002400faffeaff1c00feff100000000600f6ff,0000eeff1600daffdcff0e002400f4ff92428295b6fe54422ebf00ff0c6a2abf
3672,3672,0,fcffecffeeff0000d2ff1000fcfffcfffaff0c00fefffeffe4fff4ffeeffeeff,1400f6ffeaff0c002e0000000a00fafff2ff0400260006001c002c000c00ccff,9cff9cff0400f6ff20003000340004000800faffeeff0c001000eeff1600f6ff,deff00002400dafffcff1e00f4ffd4ff80bf90fe626920c03a95e269e8424695
3673,3673,0,0a00fcff1000eeffe2ff0000dcfffcfffaff0c002c000c00f4ff2200cefffeff,e6ffd6ff0c00daffe2ffd4fffaff1a00f2ffe2ff36000600faff1c000c00fcff,fcfffcff1400f6ffeeff1000f4ff04002800eaff0c000c00deffdefff6ff2600,deff5800f8ffdaff0e00ecfff4ff3400c4948e696443f49590fea4423abf82fe
3674,3674,0,fcff0a001000eeff100010000c000c00faffdaff1c001c0002002200eefffeff,1400f6ffeaff0c00e2ff3e00eaffeaffc0fff2ff54005400faff2c00dcffccff,1e00fcfff6ff14000000100014001400fafffaffeeff0c0020000000f6ff0600,5800eeffcaff16001e00ecffe4ff340094fd4243e0bfc8fd826942c0f694fc69
3675,3675,0,ecffdcff000000000000f2ffecff1c000c00caff2c000c00f4ffe4fffeffdeff,140004001c00faff0000e2fffaff1a001400f2ff460026002c002c00fcffecff,0e00fcff14000400deffdeff14000400eaff2800eefffeff2000eeff06002600,1000defff8ff06000e00ecff2400e4ff6c6976c07495326964430a9552fd7843
3676,3676,0,0a00fcff00002000e2fff2ffecff0c00daff0c000c002c0002000200deff0e00,f6fff6ffeaffeaff2e00f2ffeaff0a00f2ff140016005400eaff1c00fcffecff,0e00ecfff6fff6ff2000100024001400eaffeaff0c001c00100040000600f6ff,0000000046001600fcff30001400f4ff7243749468fdc24372c0b0fc9c69fabf
3677,3677,0,fcff0a0000000000f2fff2ffecff1c000c000c002c002c00f4fff4ff0e002e00,040014000c00dafff2ff2000eafffaff14001400060046001c000c00ecffecff,0e00fcfff6ffe6ff0000100014001400ccff0800eefffeff0000200016001600,ceff10001600dafffcfffcff0400040016c134fd226970c18a94a26928440695
3678,3678,0,fcffbcff1000eeffd2ff0000fcfffcffdaff0c001c001c00d4ffe4fffefffeff,e6ff0400faff0c000000f2ff0a000a00f2ffe2ff54002600daff0c000c00dcff,0e00fcfff6fff6ffeeff00001400f4ff0800daffe0ff0c00ceff0000f6ff0600,eeff1000f8fff8ff3000fcffe4ff24006494ec68c244749540fc06457cc14afc
3679,3679,0,ecfffcff000010004e00e2ff1c00fcffeaff0c002c002c0002001200feff0e00,0400f6ffeaffdafff2fff2ff0a000a00f2ff1400540054000c000c00dcfffcff,fcfffcff04000400deffeeff0400f4fffaff18001c00feffeeffceff06001600,2000eeffdaff06001e00dcffc4ff440000fcca4440c1eafb326932c1d6944c69
3680,3680,0,fcff2a0000000000f2ffe2ffecfffcfffaffdaff2c01deff120002000e000e00,f6ff0400eaffeaff3e00e2fffaffeaff2400f2ff060074002c001c00ecffdcff,ecffecfff6fff6ffeeffeefff4ff0400eaffbcff0c00d0ff0000eeff3600f6ff,2000eeffe8ff54000e00dcff1400f4ffcc6866c13495926826452a94cafbc044
3681,3681,0,0a00fcffdeff10000000d2fffcfffcff2c00caffeeff2c00e4ff0200feffeeff,e6fff6ff0c00eaffd4ff10005a001a000400e2ff16000600faff2c000c001c00,0e00ecff0400f6ff1000100024002400faffeaffe0fffeffeeff4000f6fff6ff,eeffceff0600f8fffcff0e00540004009a451694bafbe244f6c1e0fbfc68acc1
3682,3682,0,fcff1a0000000000f2ff2000ecff0c000c00fafffeffeefff4ffe4ff0e001e00,0400e6ffeafffaff00001000fafffaffe2fff2ff540046003c001c00fcff0c00,fcff0e00f6fff6ffeeff00000400e4fffafffafffeff0c00eeff20000600f6ff,ceff2000f8fff8ff0e0040001400040050c2e2fa106810c23a94d268a0456e94
3683,3683,0,1a000a0000000000f2ff0000fcfffcff1c000c00feff2c000200f4ff0e00feff,f6fff6ffdafffaff2e00e2ff2a001a001400e2ff360054001c00faff1c000c00,0e000e00f6ff14000000eeff14000400dafffaff2a00eeff1000000016000600,000020000600dafffcfffcffe4ff4400b6937c684046d4942efa46455cc2eafa
3684,3684,0,0a000a00200000002000e2fffcffccfffafffaff2c00eeff12000200deff0e00,0400f6fffaff0c00e2ffd4ff0a001a00e2ff0400540016001c00fafffcffecff,0e00dcfff6ff04001000eeffe4fff4ffeafffaffe0fffeffeeffeeffe6ff0600,10000000f8fff8ff1e00baff0400040002faa646cec2aafa926892c3ee938268
3685,3685,0,fcfffcffeeff0000f2ff0000dcfffcfffaff0c00deff0c00e4ff12000e000e00,f6fff6ffeaffeaffe2ff2e006a000a00f2fff2ff540026000c00faffdcff1c00,0e00fcfff6ffe6ffdeff10000400f4ffeaff1800e0ffd0ff00001000f6ff3600,1000ceff060016000e00ecff340024004c68c0c20495f067a4461a94d8f9f045
3686,3686,0,ecff2a0000000000f2fff2ffecffecff0c000c000c000c00120012002e00feff,1400f6fffafffaff2e000000eafffafff2ffe2ff260064000c000c00fcffecff,fcfffcfff6ff1400eeffdeff140024000800faffeeffeeff000000000600e6ff,ceffdeff1600f8ffecff1e002400f4fff646869306fa6e4604c42af9426898c3
3687,3687,0,fcff2a00000020000000f2ff0c000c00daff1c002c00eeffe4fff4ffeeffeeff,04001400faff0c00e2ffd4ff0a00faff1400f2ff360046000c001c000c00dcff,fcfffcff1400f6ffeeffeeff14000400faff18000c00eeffeeff200006001600,eeff30004600daffdcff1e0004000400b0c3a8f9d06762c358936268a046de93
3688,3688,0,fcfffcffeeff000000000000ecff0c001c00faff2c002c00f4ff3000deffdeff,c8fff6ff0c000c002e00d4ffeafffaffe2ffe2ff26005400fafffaffccfffcff,9cfffcfff6ff04001000cefff4ff1400eafffaff0c00feff100010000600f6ff,eeff0000daff06001e00ecfff4ff240036931c68ee4674947af8c447b8c388f9
3689,3689,0,ecfffcffeeff1000200010000c00dcffdafffaff2c000c00d4ff2200feff1e00,0400f6ffdaff0c00f2ffe2fffaff0a000400e2ff060026002c002c001c00fcff,0e000e00f6ffd8ff000020002400e4ffdaffeafffeffeeff2000200016000600,10000000f8ff06000e00ecff0400240036f8364792c4e6f8ce67c0c4ce931268
3690,3690,0,fcff0a00eeff10000000d2ffecff0c00faffdaff1c001c00e4ff0200eeffeeff,040014000c001c002e00e2ff0a000a00f2ff1400640046000c00faffecffdcff,fcff0e00f6ff14001000eeff040014002800faff1c001c0030001000e6ff2600,2000deffcaff0600fcffecff44001400dc67a0c354944067d4476893a8f8d247
3691,3691,0,0a000a0000000000f2ff0000fcfffcff0c00faff2c012c0012001200eefffeff,f6ffe6ff1c00faff20002e00faff0a0024001400260036001c000c001c000c00,1e00fcff140014001000000004001400faffdaffeefffeffdeff1000f6ff0600,deffeeff1600f8ffcaff1e002400d4ff1c48469370f89e4750c5baf8a267b0c4
3692,3692,0,fcff0a00000010004e00e2ffecfffcfffafffaff1c001c00300012000e00deff,f6fff6ff0c001c00e2ffe2fffaffeaff04001400060016000c001c00fcffecff,8cff0e000400140010000000f4ff0400ccffeafffeff0c00000010000600e6ff,ceff30000600dafffcff1e001400f4ffa0c5b6f7206722c528933e6722488e93
3693,3693,0,fcfffcff10002000e2ffe2ff0c001c000c00faff2c002c00f4ffe4ff2e00eeff,f6ff04000c00eaff3e003e00faff0a000400e2ff160026000c000c00fcffdcff,1e002e0014000400100010002400f4ff2800daff1c000c00eeff30000600f6ff,deffeefff8ffdafffcff0e0004003400369326672e48049406f7384870c566f7
3694,3694,0,ecfffcffeeffeeffe2ff0000fcff1c002c00daff0c00fefff4ffe4fffeff0e00,f6fff6ff0c00faffd4ff1000eafffafff2fff2ff060074000c00eaffdcff0c00,1e00fcff040014001000deff0400240036000800eefffeff3000eefff6fff6ff,68000000daff16000e00dcff0400440030f7ac48a0c56ef73e67a0c65e936267
3695,3695,0,1a00fcffeeff0000e2ff2000dcffecff1c00eaffceff3c01e4ff1200ceffeeff,0400f6fffaff1c00f2fff2ff0a001a00f2ff0400d8ff36000c002c00dcffbcff,0e001e000400e6ffdeff2000040004000800eaff1c001c000000eefff6ff0600,1000defff8ff1600dcff0e006400140016672cc6e493e066f848189306f7dc48
3696,3696,0,ecfffcff00000000f2fff2ffdcff1c00daffdaff1c00eefff4ff02003e000e00,e6fff6ff0c002c004c003e001a000a00e2ff0400f8ff36001c00eaffecfffcff,0e001e00140014000000eeff2400040018000800feff2a0010003000e6ff1600,000000001600e8ffecff3000040004002c49f69290f68e48a0c6b6f54267f0c5
3697,3697,0,fcff2a000000eefff2ff10000c002c00caffcaff2c000c00e4ffe4ff0e000e00,e6fff6ffeaffeaff10002e00faff1a00f2fff2ff460006001c003c00dcffecff,0e000e000400f6ffdeffeeff340024000800faff0c00feff000020001600f6ff,eeff10001600dafffcff400004000400ecc660f632669ec608931e675c495e93
3698,3698,0,fcfffcffeeff0000f2fff2ff1c00dcfffafffafffeff2c003000f4ff0e00eeff,f6ff0400faffeaff3e00e2fffafffafff2ff1400360036000c000c001c00dcff,0e00fcff04001400eeff1000f4ff1400180018001c001c001000000006001600,ceff0000daffe8fffcffecffc4ff4400d692d6661e49c49316f65e4a08c7def5
3699,3699,0,fcff0a00ceffeeffe2fff2ffecff0c000c000c002a001c00c6ffe4ffeefffeff,e6ff0400faff0c00f2ffe2fffaff5a00f2fff2ff460046001c001c00ecfffcff,0e000e000400f6ffeeffdeffd4ff040018000800feff0c00deffeeffe6ff0600,30000000daff24001e00dcffd4ff340074f58c493ec702f6be66c0c6b2921267
3700,3700,0,fcfffcff00002000f2ff20000c00dcff1c00faffeeff0c0002002200deffceff,f6fff6ff0c000c000000f2ff0a00faff2400f2ff540026001c00fafffcfffcff,dcff0e00e6ff22002000000014000400eafffafffeff1c0010000000e6ffe6ff,0000ceffe8ff46000e00fcff0400d4ff66668cc7669312665e4ad8920ef54a4a
3701,3701,0,fcfffcff100010000000c2ffecff0c00faff1c00eefff2fe02000200eeffeeff,e6fff6ff0c000c00f2fff2ff1a000a00f2ff04003600e8ff1c002c00fcffecff,0e009cfff6ff0400deffeeff14000400ccff18000c000c002000100006000600,eeffeeff1600e8ffecff0e0044001400264b6692f2f4f44934c8b6f54c6612c8
3702,3702,0,fcfffcff00001000f2fff2fffcffecfffaff0c000c000c00e4ffe4ff2e00eeff,14000400faffeaffe2fff2ff2a001a00f2ffd2ff1600f8fffaffeafffcfffcff,fcff0e000400f6ff0000100014000400ccfffaff0c00eeff0000100006000600,deff10001600e8ffdcff1e000400f4ff82c864f402666ec7c8923e663e4bb292
3703,3703,0,fcff0a0010000000e2ffe2ff0c00fcffcaff1c002a002a0002000200eeffdeff,f6ff14000c00faff3e00f2ffeaff5a00f2fff2ff54003600cafffafffcffdcff,acff1e00040014000000000014002400ccfffaff1c000c00000000001600f6ff,deff3000f8fff8ff3000fcffb4ff240056925666d44a749356f4ba49b2c8e6f3
3704,3704,0,fcfffcff100000000000f2fffcfffcffdafffaff1c00fefff4ff0200eefffeff,e6fff6ff1c00faff200010000a000a00f2fff2ffe8ff46002c002c000c00dcff,1e00acffe6fff6ff200000001400e4ffeaffeafffeff0c00100030002600e6ff,58000000e8ff64001e00fcff1400140028f3784b6cc824f42e6694c9c2921c66
3705,3705,0,1a000a000000eeffe2ffe2ffdcff1c000c00faff1c00eeff400012000e000e00,04000400faffeaff0000d4ff0a000a00f2ffe2ff4600f8ff0c000c001c00dcff,0e001e00040004000000eeffd4ff14002800daff1c000c001000000006001600,0000ceff06001600fcffecff440004009a65f2c8669394650e4c5892a6f36e4b
3706,3706,0,0a00fcffdeff0000f2fff2fffcffecff0c00caff1a010c00e4fff4ffeeff0e00,1400d6fffafffaffe2ff3e002a00fafff2fff2ff060006002c001c001c003c00,fcff9cffe6ff04000000eeff2400f4ff1800faffeefffeffeeff10001600f6ff,100000000600f8ffdcff1e002400e4ff684cec9194f3244b18ca04f3a0652cc9
3707,3707,0,1a000a0020001000e2ff0000ecff0c00baffdaffeefffeff0200f4ff0e001e00,04002400faff0c0000000000faff1a001400040006002600faff0c000c002c00,dcffecff0400f6ffdeffeefff4ff1400eaff28001c002a001000eeffe6fff6ff,ceff30001600e8ffdcff0e00e4ffd4ff92c968f234651cc95892ce65de4b9292
3708,3708,0,fcffdcff00001000f2ff1000fcffecff0c00fafff2feeeff020030001e00eeff,04001400eaffeaff2e002e001a000a00f2ff1400d8fff8ff2c000c00dcff2c00,1e00ecff14001400000000002400f4ffeafffafffefffeff200030004600f6ff,eeff1000f8fff8ff1e000e00f4ff140046926a65a44b169334f2ae4cdcc974f2
3709,3709,0,ecff0a0020000000e2ffe2fffcff0c00fafffaffeeff2a00f4ff1200defffeff,f6ff0400eaffeaffe2fff2fffaff1a00f2ff0400060006001c001c00ecfffcff,fcfffcff040014000000eeff040014001800fafffeff0c0000000000c6ff0600,10001000e8fff8ff0e00ecff1400140038f2fc4cfcc9e4f23e6518ca32924065
3710,3710,0,fcfffcffeeff000010000000ecfffcfffaff1c00eeff0c00e4fff4fffeffdeff,04001400faffeafff2ffd4ff0a00eaffe2ffd2ffe8ff26001c000c00dcffacff,0e008cfff6ff0400eeff0000f4ff24000800faff0c001c003000eefff6fff6ff,1000ceffe8ff46001e00fcff440024000a659ccac692d464ae4cd291c4f1d64c
3711,3711,0,0a002a00000000002000d2ffdcffecfffaff1c000c00feffe4ff0200eeff0e00,e6ff14001c00fafff2fff2ff1a000a00c0ffe2fff8ff5400faff1c00ecfffcff,dcff0e0014001400deffeeff14001400eaff28001c001c005000defff6ff1600,0000deff6400f8ffecff0e00040014009c4dcc9198efa24c98cb70f1f064ccca
3712,3712,0,fcfffcff1000eeff20001000fcfffcffdafffafff2feeeffd4fff4ff0e00eeff,1400e6ffeaff0c002e0000000a00eaff1400f2ff360046000c000c00fcff0c00,fcff9cff14001400ceffeeff2400a4ff360036002a001c00eeff20001600d6ff,eeff00001600baff0e001e00040014007ecbdcf074648cca9291b064264d0292
3713,3713,0,fcff0a0010000000f2fff2ffdcff1c000c00faffe0ff2a000200f4ff0e003e00,1400f6fffafffaff3e00f2ffdaff4a00f2ffd2ff360026000c001c00ecff0c00,8cfffcff04001400eeffeeff04000400180036000c000c0000001000d6ff0600,deff2000f8ffdafffcfffcffc4ff3400ac919a64424dc69290f05e4dc8cb5af0
3714,3714,0,2a000a000000eefff2ffe2fffcfffcff0c00faffd0ff0c00c6fff4fffeff2e00,2400d6ffeafffaff0000d4ffeafffaff1400e2ff360064002c000c00fcff1c00,0e000e000400f6ffeeff100024001400faff18000c00feff20001000d6ff0600,00000000caff16000e000e00240024000cf0cc4d1ccb90ee3064eacc12929064
3715,3715,0,fcff0a001000eeff20000000fcfffcffcafffaff1c000c0002000200eefffeff,d6ff1400eaffeaff2000e2fffaff0a001400f2ff460026000c00eaff0c000c00,9cfffcff1400140010001000f4ff0400daff28002a00feff1000deffe6ff0600,0000eeffdaff64000e00dcfff4ff140026640ecca69224645e4e7291daef1a4e
3716,3716,0,1a00ecff0000eeffe2fff2fffcfffcfffafffaffe0ff1c00d4ff1200feff1e00,2400e6ffcaffeafff2ff2e00faff1a00f2ffd2fff8ffe8fffaff0c00fcffecff,2e009cff1400040000001000340014002800eafffeff1c000000200026000600,0000cefff8ffe8ff0e000e004400f4ffa84e9c91a0ee324d1acd1cef586418cc
3717,3717,0,1a00ecff00000000f2ffd2ffdcfffcff1c000c00e0ff0c00d4ffc6ffdefffeff,f6fff6ffeafffaff3e00d4fffaff0a0004002400360054001c00eaffdcffdcff,0e009cff0400f6ffdeff10001400f4ffdaffdaff1c001c000000000006000600,deff30006400baffecff0e0014001400f2cc96efe46382cc92914064f04e0292
3718,3718,0,ecfffcff10000000f2ff00000c00ecfffafffaff0c00fefff4fff4fffefffeff,14001400eaffcaff2e0020001a001a00f2fff2ff160026000c002c00ecffccff,ecffecfff6ff1400deffeeff14001400280008001c00feff0000000006003600,eeff6800daffe8ff0e00fcffe4ff14005c91e663204e50920cef2e4f30cda8ee
3719,3719,0,fcff0a0000000000200020000c00fcffdafffaffeeff2a00e4fff4ffdeff0e00,04000400fafffaff2e00e2ffeafffaffe2ff2400e8ff06001c00faff0c00ecff,dcfffcfff6ff04001000eeff14001400eafffafffeff2a002000eeff06000600,10001000f8ff06003000dcff1400040056ee784fd2cc24ed6e635acdc291c863
3720,3720,0,fcffecff10001000e2fff2fffcff0c00eaff0c000c01eeffd4fff4ff0e00feff,24000400eaff0c00f2fff2ff0a00fafff2ff0400260026000c002c00fcffecff,1e00dcfff6fff6ff0000100014001400daff28001c00eeff2000200006001600,3000befff8ff1600ecffecfff4ffe4ff04631ece409216634e4f829108ee804f
3721,3721,0,0a00ecffeeff1000f2fff2fffcfffcffdafffafff2feeeffe4ffe4ff0e001e00,f6ff0400eafffaff3e00f2fffaff0a000400f2ff260036002c000c002c00dcff,1e00fcff04001400deffdeff0400f4ffeaff36000c000c001000ceff0600e6ff,0000eeff0600daffdcff1e0044000400684f5c91a4ecc04e3acedcee4863d0cd
3722,3722,0,ecfffcffeeff1000f2fff2ffecffecfffaffdafffeffeeffb6ff12002e00eeff,14001400eafffaff200020000a00faff04001400460006000c001c001c00fcff,1e00fcff1400f6ffdeff10000400f4ffeaff28000c000c0000000000f6ff1600,ceff68000600dafffcff3000f4ff24005eceaaed2663d2cd32910e63d04f7291
3723,3723,0,0a00fcff00000000200020000c00fcffdafffaff0c001c0050002200eeff0e00,2400e6ff0c00fafff2ff20000a001a00f2ff04004600f8ff0c000c00ccffccff,dcff0e00f6fff6ff000010000400140008000800feff0c0040001000f6ffe6ff,ceff1000f8ffdaff0e00fcffe4ff04001c91c462764f50926ced5e4f60ce58ed
3724,3724,0,ecff2a002000eeffd2fff2fffcff0c000c001c000c000c00d4ff02002e002e00,24000400fafffaff2e002e00faff0a00e2ff14000600f8ff0c001c00fcffacff,fcff0e00f6ff0400deffeeff0400140008000800feffeeff0000eeff2600f6ff,eeff0000dafff8ff0e00ecffe4ffe4ff1cec5e5030cea4eb0e637acf82911863
3725,3725,0,fcffdcff0000000010001000ecffecffcaffdaff0c00eefff4fff4ff0e00deff,0400f6fffaff0c004c00e2ff1a000a001400f2ffd8ff36000c002c00ccff0c00,7cffdcff04000400eeffeeff14000400fafffafffefffeff0000eeff06001600,1000deffdaff06001e00ecff440014006462d4cf3092b66292505291f0eb9050
3726,3726,0,ecfffcff00002000d2ff10000c00fcffeafffaff2c00f2fee4ffe4fffefffeff,f6ff14001c00faff20002e000a00eaff2400e2ff060006000c000c001c00ecff,0e001e003200f6ff1000deff14001400fafffaff0c001c001000000016001600,000000004600e8ffecff0e00440024000e513c9116eb4c50cacffceb5c6218cf
3727,3727,0,1a00dcffeeff1000100010000c000c000c00daff0c001c002200f4ffeeffdeff,e6ff24000c001c002e00f2fffafffaffd2fff2ff260016002c000c00dcffecff,0e00fcfff6fff6ffeeff000014001400faff08000c000c003000eefff6ffe6ff,deff10004600cafffcff1e002400140034d01eeb46621ecf3291be620a516291
3728,3728,0,fcff1a0010000000100000000c000c00faff1c000c00feff02000200eeff0e00,f6ff1400eafffafff2ffe2ff0a001a00f2ff0400360026002c00fafffcff2c00,0e001e00f6ffe6ffdeff1000040004002800faff0c000c003000100006001600,eeff4800e8fff8ff3000fcfff4ff44001c9124629c50c0910cec4251c8cfa0eb
3729,3729,0,bcfffcffeeff0000000010000c00fcffeaffeaff0c002c0102001200deff1e00,04001400faff0c000000f2fffaff0a00e2ffb0fff8ff36004c002c00ecfffcff,dcff1e00f6fff6ffeeffeeff040014000800daff0c002a0020000000e6ff1600,1000ceffdaffe8ff3000fcffe4ff44009eea2e514ecf96ea1e626ed06291fc61
3730,3730,0,fcfffcff200010000000e2ffecfffcff0c00daffdeffeeffe4ffc6ffcefffeff,2400f6ff0c00fafff2fff2ff1a00fafff2fff2ff2600f8ff1c002c00fcff1c00,0e00ecff1400f6ffdeff000004001400080046000c000c000000000006001600,6800defff8fff8ff0e00ecff04002400886184d0f091a061b251029164ea8a51
3731,3731,0,fcffecff00000000f2ffe2fffcffecfffafffafffeffeeffe4fff4fffeff0e00,04000400faff0c00e2ff00001a000a001400f2ff260026000c000c000c00dcff,fcff0e00f6fff6ffeeff0000140004002800bcff0c000c002000eeff06000600,0000deff1600f8ffecff1e004400f4ff4852fc900ee9d2520ed1aceb7c613cd1
3732,3732,0,fcfffcff00000000f2fff2ffccfffcffdaffdaff2c000c00e4fff4ff0e001e00,0400f6ff1c000c00d4fff2ff0a000a00f2ff0400260026001c002c00ecfffcff,fcfffcff04001400eeff100014001400daff3600feff0c000000100036000600,eeff30001600e8ffcaff1e002400140074d1fee940619ed0c2904a612a523291
3733,3733,0,0a000a0010001000e2fff2fffcfffcffdaff0c00eeffdeff020002000e00eeff,e6ffd6ffdaff1c000000e2fffaffeaff04000400d8ffe8ff2c002c001c00fcff,1e009cff14001400deff000004000400eafffaffeeffd0ff3000000026000600,eeff2000daffe8ff1e00fcfff4ff0400ec9058619253c09196e92652bcd1e4e9
3734,3734,0,0a002a000000eefff2ff00000c00fcffcaff1c00eeff2c00f4fff4fffeff0e00,0400f6fffaffeafff2fff2ff1a00fafff2ffe2ffd8ff16000c00eafffcfffcff,ecfffcff140004001000eeff140004002800faff0c00eeff1000deff16000600,30001000daff16001e00ecffe4ff540042e988520cd170e83a61e2d2d8907c61
3735,3735,0,0a00fcff10002000e2ff3000ecffecffeaff0c000c000c004000f4fffefffeff,f6ffe6fffaffdafff2ff00000a00faff1400f2ff06000600faff3c00ecffccff,dcfffcfff6ff1400000000001400f4ffeaffdafffefffeff20000000e6ff0600,1000ceffe8ff16001e00ecff3400e4ff88604ed2c09100614a53c290bae82653
3736,3736,0,fcff0a001000100000000000fcfffcfffaff0c00ceffeeff02000200deff0e00,d6ff14001c00faff2e002000faff0a00e2fff2ff260046000c00cafffcffccff,fcffdcff040004001000eeff040014000800faff0c00feffeeff3000f6ff0600,eeffeeff0600f8ffdcff1e00440024005a53ec9090e76254c2d298e7fc606cd2
3737,3737,0,fcfffcff20001000f2ff1000ecfffcfffafffaff1c002c00f4fff4fffeffdeff,e6ff04000c000c00f2ffd4fffafffaff0400e2ff160006003c000c00ccffdcff,fcff0e00140004000000100014001400faffeaff1c00eeff00002000e6fff6ff,deff30006400e8fffcff30002400f4ff40d362e8c260b0d2b2901a61b653d890
3738,3738,0,0a00fcffeeff1000f2ff0000ecffecff0c00fafffeffceff120002001e00feff,0400f6fffaffeaffe2ff0000faff0a00f2ff0400060036000c000c00dcff1c00,ecfffcffe6fff6ff00000000140004002800eafffefffeff2000000016003600,deff3000daffe8ff1e000e00f4ff2400dc902860c254e09188e73c547ed30ae8
3739,3739,0,1a000a00000010002000f2ff0c00fcffeafffaff0c00deff12001200eeff2e00,040004000c000c00f2ff0000faff0a00f2ffe2ff2600f8ff2c00faff0c00fcff,dcfffcff2200f6ffdeff100004001400faff28000c000c0030000000f6ff1600,0000eeffcaff6400fcffecffd4ff64006ce77a53e0d2c0e67a6002d3a8905260
3740,3740,0,1a00fcffeeff2000f2fff2ffecff0c000c000c00deff0c00300012001e00feff,f6ff14001c000c00f2ff00000a00faffe2ff04005400f8ff0c001c000c00fcff,1e00fcff04000400eeffeeff140004003600faff0c00feff3000000006001600,1000eeffdaff5400fcfffcff240004002860b0d3609162608c5482909ae71654
3741,3741,0,fcfffcff10000000f2ffe2ffecff0c000c001c00feff0c00220012000e00feff,140004000c00fafff2ffe2fffaff0a000400f2ff060006000c00faffecff2c00,0e001e00140004001000000014001400faffdaff1c002a0010001000f6ff0600,1000deff0600e8ffdcff0e005400b4ff32549c9080e6025584d4b8e6ca5ffed3
3742,3742,0,0a00fcff0000defff2ff0000ecff0c003c001c001c00eeff12002200fefffeff,f6ffe6ff0c000c0000000000fafffafff2ff0400e8ffd8ff1c000c00ecff0c00,fcff0e00f6ff14000000000004001400080028000c00eeff2000200006000600,000000001600dafffcff1e00040014004ed49ce6cc5f50d59290865f2654d890
3743,3743,0,fcff1a0010000000f2fff2fffcfffcff0c003c001c011c003000f4ff0e000e00,f6ff14001c00faffe2ffe2ff0a00fafff2ff0400f8ff3600faff0c00dcff1c00,fcff0e000400f6ffceffdefff4ff240028000800feff0c001000200006000600,deff10001600daff1e00fcffe4ff44009c90c85fa0559091aae58c54e6d428e6
3744,3744,0,fcff1a000000000010001000fcffdcff0c00faffdeffeefff4ffe4ff0e001e00,e6fff6ff0c001c0020003e001a00eaff0400e2ffe8ff06003c001c00ccffecff,0e00dcffe6ff04000000000004000400fafffaff0c000c002000200026000600,1000deffcaff06001e00dcff140024003ce61655e0d514e5b65fb4d5c8905a5f
3745,3745,0,0a000a000000eeffe2fff2fffcff0c00fafffafffeff0c0102000200fefffeff,140004000c000c000000e2ff0a00fafff2ff04001600f8ff0c000c000c00ccff,0e000e000400f6ffdeffeeff14001400faff36000c00eeff00002000f6ff2600,2000defff8ff4600fcfffcff2400e4ff225f7cd570918c5f4c55d290c8e55e55
3746,3746,0,fcff1a0000002000f2fff2fffcff0c001c00eafffeff0c00d4ffe4fffefffeff,1400d6ffdaff0c002e002e00eaff0a0004001400160006000c00eafffcff0c00,0e00fcfff6ff1400deffeeff340004000800faff1c000c001000000006001600,0000eeffe8fff8ffecff0e002400e4ffb6557c9094e42e5654d57ae40a5f76d5
3747,3747,0,1a002a00000000001000e2ffdcffecfffafffaff1c00feff1200e4ffeeff0e00,f6ff04001c000c00e2ffe2fffafffaff140004000600aaff2c00faffdcfffcff,0e000e000400f6ffeeffeefff4ff0400eaff08001c000c00300000003600e6ff,eeff10005400f8ffecff0e0024000400a8d6f0e4b45eced64290965fae558890
3748,3748,0,0a00ecff2000eeff2000f2ff0c00ecfffaff2c00ceff2c00f4ff0200eeffdeff,e6ff04001c001c004c0020000a001a0024001400360036001c001c00ecfffcff,0e00acff040004001000000004000400daffeaff0c00eeff1000000016000600,deff1000e8ffdaff4000fcffb4ff24007c90e25e3e567091fae34c5686d628e5
3749,3749,0,fcff0a000000cefff2ff00000c001c001c000c00deffe2fe0200f4ff1e002e00,0400f6fffafffaff3e00e2ff0a000a000400d2ff160026000c000c001c00dcff,fcffdcfff6fff6ff2000100014002400eaffdaff0c000c000000200006001600,eeff0000caff0600fcffecfff4ff1400dae35256ccd764e3a65e74d67890725e
3750,3750,0,0a001a002000deffe2fff2ff0c001c002c002c00ceffeeff020040003e00feff,1400f6fffaff1c001000e2fffafffaffe2ff04001600f8ff0c000c00ecfffcff,9cff0e00f6ff0400deff0000d4ff240018002800feff1c002000000006001600,0000defff8ff16000e00dcff3400f4ff925e18d76091245e8c56829000e4ee55
3751,3751,0,1a00fcffeeff10000000e2fffcfffcff0c000c00ceff0c000200d4ff0e00feff,e6ffe6ff0c00eaff000000001a000a000400f2ff3600c8ff0c001c00ccffecff,fcff2e001400f6ffdeffdefff4ff2400faffdafffefffeff10001000e6ff0600,300000004600e8ffecffecff14000400c2565c9054e30e5774d768e3025e9ed7
3752,3752,0,fcff1a0000001000f2ff1000fcff0c000c00faff0c013c01120040003e003e00,e6ff14001c000c0010002e000a00faffd2ff04003600e8ff2c003c000c00fcff,0e00dcfff6ff14001000defff4fff4fffaff2800eefffeff00000000e6ff0600,ceff58006400baffecff0e001400d4ff0ed80ae3245e3cd8de8fe65dae567890
3753,3753,0,fcfffcff00001000d2ff2000fcfffcff0c000c002c000c0012001200feff0e00,1400f6ffeafffaff4c00f2ff0a000a0014000400c8ffd8ff0c002c003c00fcff,fcff0e000400f6ff0000200014000400eaffdaffeeffeeff0000100026000600,eeff30000600daff30000e00d4ff04004c90c65d8e57409198e2fc563ed840e3
3754,3754,0,fcff0a001000eeff0000f2ff1c001c00faff0c00eeffeeff0200f4fffeff2e00,0400f6ff1c00eaffe2ffc4fffaff0a002400f2ff4600f8ff2c00eafffcffdcff,fcfffcff1400f6ff000000002400e4fffaff08001c00feff00001000e6fff6ff,eeff1000daff16000e00dcffd4ff24003ae2f2561cd900e2d65d18d96890925d
3755,3755,0,fcfffcff100010000000d2fffcff1c000c00faffeeff0c0012001200deff2e00,f6ff14000c00eaff2e000000faffeafff2fff2fff8ff4600faff1c00fcff0c00,1e000e000400f6ffeeffeeff1400240028002800feff1c00eeff2000f6ff2600,5800deff06001600ecffecff34002400765dced81a91685d7c57929034e28657
3756,3756,0,0a00fcffeeff0000f2ff1000fcff1c00faff0c000c00eefff4ff12000e000e00,e6fff6ff0c00faffe2ff20000a00eaff04001400f8ff4600faff2c00ecffdcff,ecff0e00f6ff04000000100014001400faffdaff1c000c001000eeff06000600,1000beff2400f8ffecfffcff0400e4ff82576c9090e11e5838d924e1125d30d9
3757,3757,0,0a00ccffeeff0000f2ff0000fcffecff0c00eaffceffdeff22001200eeff3e00,14001400fafffaff0000f2ff0a00eaff1400e2fff8ff26002c001c00ecffecff,2e00ecfff6fff6ff1000eeff140004000800eafffefffeffeeff200006000600,deff2000f8ffdaffdcff3000140004007ed94ee1f85c68daee8f565de6574890
3758,3758,0,0a000a001000eeff0000f2fffcfffcffeaff0c00feffeeff2200e4ffeeffeeff,040014001c00eaffe2fff2fffaff2a00f2ff040046004600faff1c00fcffdcff,fcff1e000400f6ff0000deffd4ff0400faffbcff0c00eeff1000000026000600,eeff00000600daff0e00fcffe4ff04006c90065d0459da9074e0d058b0d9a4e1
3759,3759,0,ecff1a0000001000e2ffe2ff0c00ecffcaffdaff0c000c0030004000eeff0e00,e6fff6fffaff1c00e2ffe2fffaffeafff2ff0400060026000c000c00dcffccff,ecff0e00f6ff140000002000f4fff4ffeaff28000c001c0000003000f6ff2600,1000eeffcaff16000e00dcffe4ff04009ee03858b8dae2e0165d68d948904a5c
3760,3760,0,0a001a001000eeffe2ffe2ffecff0c00faff1c00eeff1c01120012000e002e00,04001400faff1c00e2ff20001a00faff04001400f8ff16002c002c001c00ecff,8cfffcfff6ff0400deff100014000400faff2800feff2a0030000000f6ff2600,2000deffdaff4600ecffecff14000400965c48da4091785c80585290c4e03658
3761,3761,0,0a00fcffceff000000000000fcffecffeaff0c00eeffcefff4ff1200eeffdeff,1400f6ff0c001c003e000000fafffaff04001400f8ff46000c000c00dcffecff,fcffbcfff6fff6ff00001000140024002800eafffefffeff100000000600f6ff,eeffdefff8ff0600ecff0e004400f4ffb8583c9002e004598cdae4e01a5c30da
3762,3762,0,1a00fcff000000002000f2ffdcff1c00eaff1c00eeff0c000200d4ff0e003e00,140032001c00eaffd4ffe2ffeaff0a00140014000600d8ff0c002c00ecff1c00,fcff2e00f6fff6ffeeffdefff4ff0400080036000c00feff0000eeff1600f6ff,100010004600f8ffdcff1e00e4ff1400eada4ee0485cb8db3290065cf8589890
3763,3763,0,fcff0a00eeff0000000020000c00ecff0c00caff0c00eeffe4ff22000e000e00,140004000c00faff4c000000faff0a0004001400460016000c00eaffccffecff,0e009cff22001400deff000004000400eafffaffeefffeff200030000600f6ff,000010000600caff40000e00e4ff24004c90225c5459409180dfc05840db32e0
3764,3764,0,fcfffcff2000deff0000f2fffcff0c00fafffaffeeffdefff4ff12002e002e00,140014000c00eaff0000d4fffaff1a000400f2fff8ff1600faff0c000c001c00,fcff1e00140004001000eeff04002400eaffacff0c000c0030000000f6ff3600,10001000f8fff8ff1e00ecffe4ff140048dfe85888dce4de065c90dc5890fa5b
3765,3765,0,fcffdcff00001000f2ff0000ecfffcff0c00faffeeffe2fe120012000e000e00,f6ff1400faff0c00f2ff00001a00fafff2ffd2ff260006000c00faff0c00ccff,1e00dcff040004000000eeff04000400eaffdaffeeffeeff100030001600f6ff,3000deffbaff4600fcfffcff2400e4ff925bfadb0a91385b90595290cade5859
3766,3766,0,1a00fcff000010001000e2fffcfffcffeaff0c000c000c0002000200feff0e00,240004001c00eaffb6ff2e00faff0a00140004000600d8ff3c00faff0c00ecff,fcfffcff04000400eeff000004001400fafffaff0c000c000000000006000600,000010000600e8ffbafffcff1400e4ff88594c9046de7a5a10dc30de1a5b62dc
3767,3767,0,fcff2a00deff000000001000dcff0c00eafffaff2c004c0030000200eeffeeff,f6fff6fffaff1c00e2ff2e001a00faff04001400060054002c000c001c00dcff,fcfffcfff6fff6ffeeff20001400e4ff0800faffeefffeffeeff0000f6ffe6ff,ceff00001600dafffcff4000e4fff4ff1cdda8def85a26ddde8f645ba8593890
3768,3768,0,fcfffcff1000000000002000fcffecff1c00fafffeff1c00120002002e00eeff,f6ff14000c000c000000e2fffafffaff04000400460036001c001c00ccff0c00,1e000e00f6fff6ff0000eeff0400f4ffbcfffaff0c00eeff00000000f6fff6ff,ceff10001600f8ff1e00fcffe4ff34004c90b45aaa5a0a91c0ddd45a3add5ade
3769,3769,0,0a00fcffeeffdeff00000000fcffdcff0c00faffeeff4c00f4ff12000e00eeff,1400f6ff0c000c002e00d4fffaff0a000400f2ff060006001c000c000c00dcff,fcfffcfff6ff14000000100014000400daffeaff0c00feff0000400006000600,10001000e8ff16005000fcff040004008cdd325aa6dd66dd945a60dc58907e5a
3770,3770,0,2a002a0010001000f2fff2ffecff1c00fafffaff1c00defff4ff0200eeff0e00,14001400faff2c002e0020000a000a0004000400e8ff16001c00faffdcff0c00,dcff1e000400d8ffdeff00001400240028001800fefffeff30000000f6ffe6ff,0000eeffcaff1600fcffecff34001400625a28defa90ca5aa45ade8f4add585a
3771,3771,0,fcff1a00eeff00002000f2ff0c00dcfffaffcaff0c000c00220012000e00deff,0400f6fffaff0c002e00e2ff0a00eafff2ffb0ff260016001c001c000c00dcff,ecffecfff6ffe6ff000010000400e4ff0800ccffeeff0c00300030000600f6ff,deffdeff1600e8fffcff30002400c4ff745a5c9026dd385bc0dd20ddd8597add
3772,3772,0,fcfffcff100000000000f2fffcfffcfffaffbaff1c00feff300012000e00feff,14001400eaff0c002e00d4ff1a001a00f2ffe2ff16001600faffeaff0c00fcff,fcfffcff1400f6ff0000eeffe4ff0400eaff08000c00eeff10000000f6ff0600,deff10001600f8ff0e0030001400f4ff88de1cdd7a5aa4de4290345ace5a4890
3773,3773,0,0a000a000000eeffd2fff2ffecfffcff1c00daffeeffdeff120002000e00feff,1400e6ff0c00fafff2fff2ffeaff0a00f2ff0400e8ff16003c000c00dcffdcff,ecfffcffe6fff6ffeeffeeff24001400daff28000c00e0ff20003000f6ffe6ff,eeff1000dafff8ff1e001e00f4ff14005c906859585bca9080dcf45a4ade72dc
3774,3774,0,ecff0a00eeff00001000e2ffdcffecffcafffaffeeff0c00220030000e00feff,1400f6ff1c000c00e2ffe2fffaff0a000400f2ffd8ffd8ff2c002c00dcffdcff,dcff1e0014000400eeffeeff24001400eaff18000c00feff2000200016000600,0000eeffcaff16000e00dcffe4ff340018dc145bf4de28dcb05960df38909859
3775,3775,0,bcffbcff0000000010002000ecffecfffaffdaff0c000c00f4ffe4ff0e00eeff,040004000c000c00f2fff2ff1a00fafff2ff04000600f8ff0c000c001c00dcff,0e00dcff0400f6ffeeff10003400e4ffeaff0800eeffeeff300000001600f6ff,2000deffdaff1600fcfffcff2400f4ff185978dfca902a5a265cfe8ff2db3a5b
3776,3776,0,fcfffcff1000eefff2ffe2fffcff0c00caff0c001c001c00020012000e000e00,0400f6ff0c00fafff2ff2e000a000a00d2ff04001600f8ff0c000c00ecfffcff,ecff0e0022000400deffeeff14001400eaff08001c000c002000000036001600,2000deff06001600ecfffcff24000400e25b7c9098dbb85b90dfacda2859a2df
3777,3777,0,dcfffcffeeff0000f2ff1000ecfffcff0c000c001c00eeff0200f4ffdeff0e00,140014000c00faff20002e00eaff0a0014000400160036000c000c00dcffecff,0e00fcfff6fff6ff2000eeff040004001800daffeeffeeff000020000600f6ff,deff1000e8ffcaffdcff0e00f4ff04004ee0cada6459f2df829050590a5c3890
3778,3778,0,fcff0a0000000000f2fff2ffecffdcffeaff0c000c000c0012004000feff2e00,1400f6ff0c00faff2e002000faff0a00f2ffd2ff5400f8ff0c002c00acfffcff,1e001e00220014002000000004001400dafffaff1c000c00300010001600f6ff,000030000600f8ff1e00ecff240004006c90b858885cfa907cda765c32e0d0da
3779,3779,0,1a000a000000000000000000dcffdcff0c000c003c01eeff02004000fefffeff,1400f6ff1c001c0010001000fafffaff04001400260006002c002c00fcffecff,0e00dcff0400f6ff0000000024001400eaff08001c000c003000eeff0600f6ff,eeffdeffcaff46003000fcfff4ff040048daa65c02e168daa05854e048909858
3780,3780,0,1a00fcffeeff00000000f2fffcffecfffafffaffeeff2c00120012002e000e00,04000400eaff0c000000d4ff0a004a00f2ff0400f8ff36002c00faff2c00fcff,fcff0e00140004002000eefff4ff0400daff18000c002a003000200006001600,2000defff8ff16000e00fcff0400240098582ee10a910459665c429020da6a5c
3781,3781,0,1a000a00eeff000010002000fcffdcff0c001c00eeff1c00f4ff3000feff2e00,1400f6fffafffaffe2ff2e000a00faff2400b0ffb8fff8ff0c001c000c001c00,0e00fcfff6ff04001000deff24002400eaffeaff0c001c00deff20001600f6ff,eeffdeff0600f8ffecff1e0014000400065d6c90e2d9385de4e0c8d9a657d4e0
3782,3782,0,ecffecff0000200030000000ecff0c00cafffaffeefffeffe4ff02000e002e00,e6ff04000c00eafff2ffe2ffeafffaff04001400f8ff0600eaff0c000c001c00,dcff1e001400f6ff00000000e4ff0400faff2800feff1c00eeffdeff0600e6ff,eeff10006400daffecff0e000400e4ff0ae20ed9945822e1ae8f5058e25c2890
3783,3783,0,1a00fcff0000eefff2fff2ff1c00fcfffaffdaffeeff2c01020030002e000e00,14001400faffeaffe2ff3e00fafffaff1400f2ff3600f8ff0c000c00fcfffcff,fcfffcfff6ffe6ff1000100004000400faff0800fefffeff000000000600f6ff,000010000600cafffcff1e00d4ff14005c90d857685dda90f8d8d65ca4e130d9
3784,3784,0,ecff0a0000000000e2fff2ffecff0c00daffbafffeff0c00e4fff4ffeeff1e00,e6ff0400faff0c002e00d4ffcaff1a0004000400460036002c000c00fcfffcff,ecfffcff1400040010000000d4ff1400360018000c002a003000eefff6ff0600,00001000f8fff8ff1e00dcff140024008ed8765d82e2f4d8ac5798e238904657
3785,3785,0,fcff2a000000eeffe2ffe2ffecff0c000c00fafffeffeefff4fff4fffeffeeff,140014000c00eaff3e00e2ff0a00faff14000400f8ff36004c00fafffcff2c00,dcfffcffd8ff14000000eeff24001400daff28000c00eeff0000deff16001600,1000deffcaff2400ecfffcff440004007257dae21a91f057e65dee8ff8d7325d
3786,3786,0,fcff0a00200010000000f2ffecfffcfffafffafffeffeeff0200f4ff3e000e00,240014001c00eaff2e00d4fffafffaff1400f2ff060016001c00fafffcff0c00,0e00fcff04000400deff000014001400080008000c00feff00000000e6ff0600,2000eeff16000600fcff0e002400e4ffb65d4c908cd8145ed8e244d7265700e3
3787,3787,0,fcffecff0000eeffd2ff00001c000c000c00faffeeff1c00f4fff4ff3e000e00,f6ff1400fafffaffd4ffd4ff0a00eaffe2ffe2ff060026001c000c00dcffdcff,dcff0e00f6fff6ff1000200004000400faff08000c000c002000000006003600,eeffeeff1600f8ffecff30001400f4ff7ae30ed83057a4e382904c57125e7890
3788,3788,0,fcff0a0000001000e2ff0000fcffecff3c00fafffeff1c00f4ff02002e000e00,14000400faffeafff2ffe2ff0a000a00f2ff140006000600faff2c001c000c00,8cfffcff04000400eeffeeff040004001800eafffeffeeffeeff0000e6ff0600,00000000f8ff0600fcff0e00f4ff44007c90e256245e709104d7a65ef0e358d7
3789,3789,0,ecfffcffeeff1000e2fff2fffcff0c00faff2c00eeff0c00020012002e00feff,04000400fafffaff00000000eaffeafff2ff04002600f8ff1c003c00ecff1c00,1e000e00140004000000000014000400dafffaff0c00feff20002000d6fff6ff,2000eeffdaff16001e00fcfff4ff2400e8d6925ef4e33cd7bc5648e388902e56
3790,3790,0,fcffecff000010001000f2ffecff0c00fafffaff2c000c000200d4ff0e002e00,f6ff1400faffeaff20002e00faff1a00040004003600d8ff2c000c00ccffecff,0e002e0004000400deff0000f4ff14002800fafffeffeeff1000eeff0600f6ff,eeffeeffcaff7200fcffecff340004003256dae370913057a65ece8f18d7525e
3791,3791,0,fcff1a001000000010001000fcff0c00caffeaffdeffeeffe4ffe4fffefffeff,14002400eaff0c00f2ffe2ff0a00fafff2ff04001600f8ff0c000c00fcffecff,0e00fcfff6fff6ffeeffdeff34001400faff1800fefffeff0000100006000600,0000deff16000600fcff1e002400c4ff025f8c90aed6c45ea2e444d7fe55c8e4
3792,3792,0,fcfffcffeeff00001000f2ffecfffcfffafffaff0c00eeff0200d4ffcefffeff,04002400fafffaff0000e2ff0a000a00040014005400f8ff2c000c00ecff0c00,dcfffcff1400040010001000d4ff1400faff0800feff0c00eeffeeff0600f6ff,ceff10001600f8ffdcff0e00f4ffd4fff0e478d69e5634e45290ec550a5f9890
3793,3793,0,0a00fcff00000000f2fff2ffdcff0c00daff0c00eeff0c000200f4ff0e00feff,14002400fafffaff0000e2ff0a00faff0400f2fff8fff8ff1c000c00fcff0c00,0e00ecff14000400eeff2000f4ff0400360056001c000c003000200006001600,eeff1000e8ffe8ff1e00fcff040024008c90a655245f509124d6665e58e5e0d5
3794,3794,0,fcffecffdeffeefff2ffe2fffcffdcff2c00caff0c004c00f4ff02002e00deff,f6ffe6fffaff0c003e00e2ffeaffeafff2ff04004600f8fffaff0c00bcff0c00,dcffdcffe6ffe6ff200010000400f4ff36000800feff0c0000002000f6ff0600,10000000f8ff16001e00cafff4ff440038d6225f44e520d63c5682e698902e55
3795,3795,0,fcffecff00000000d2ff2000dcff0c00caff1c003c01fefff4ffe4fffeff3e00,f6fff6ffeafffafff2ffe2fffaff1a00f2ff1400160036000c004c00dcff1c00,dcff1e00e6fff6ff00002000d4ff0400eaff2800feff0c004000100016000600,1000deffe8ff1600ecffecff2400140016550ce630911e56565f529020d52a5f
3796,3796,0,fcfffcffdeff00000000f2ff0c00ecffcaff1c001c000c00120012000e00feff,e6ff1400eaff0c00f2ffe2fffafffafff2ff0400e8ffe8ff2c000c000c000c00,fcff0e0004001400eeff000014000400faff08000c000c00200020001600f6ff,0000deff4600e8ffdcff1e002400f4ff625f9c9050d5645fd2e634d4ce5408e6
3797,3797,0,0a00ecffeeff0000e2ffe2ff0c000c00daff0c002c002c0022000200eeff0e00,f6ff0400faffeafff2ff00000a000a000400f2ff36002600faffeafffcff1c00,0e00dcff22001400eeffeefff4ff140008001800fefffeff000020000600f6ff,deff00005400caffecff30002400f4fface6bcd46055a2e5929068549a5fa890
3798,3798,0,fcfffcff10002000e2fff2ff0c00fcffdaffdaff0c002c00e4ffd4ff0e002e00,0400f6ff0c00eaff3e00e2ff0a00fafff2ffe2ff0600e8ff1c000c00ecffbcff,2e008cfff6fff6ff1000defff4fff4ff180028000c00eeff200030001600e6ff,eeff1000e8ffbaff30000e00c4ff44008c909654e45f809104d48a6040e738d4
3799,3799,0,fcff1a001000eeff00000000fcff0c001c000c00fefffeff1200e4ff4e001e00,f6ff04000c00eaffe2ff2000faff1a00e2ff140026000600faff0c00ecffecff,1e000e00f6ff0400eeffeeff04001400280056000c00eeffeeffdeff1600f6ff,58001000e8ff16001e00fcffd4ff040040d3386020e730d58653c2e6a8900654
3800,3800,0,ecfffcffeeff00003000f2ffdcff0c00caffeaffe2fedeff120012000e000e00,040004000c001c002e003e00eafffaff14000400260026004c00faffdcff0c00,0e000e002200f6ff0000eeff04000400ccffdafffefffeff300010000600e6ff,1000beffdaff0600fcfffcff140014002254ece69091a2542a609290a8d3da5f
3801,3801,0,fcfffcff10000000e2fff2fffcff1c000c00faffeeffeeffe4ff0200feff0e00,f6ff1400fafffaff2000d4ff0a00fafff2ffe2fff8ff06001c001c00fcfffcff,fcffecff1400f6ffeeff10000400f4fffaffeaffeefffeff00000000f6fff6ff,3000deff1600f8ffdcff0e001400e4ff6860cc9020d41460a6e8f4d39653fae7
3802,3802,0,ecff0a00000010000000f2ff2c00fcff0c00faffe2feeefff4fff4ff3e000e00,04000400faffeafff2ffd4fffaff0a0014000400060026000c000c001c000c00,3e001e00e6ff040020002000e4ff040008000800e0ffeeffeeff200006000600,00000000f8ffdaffecff0e000400d4ff92e89ed2225420e8b290f6528c60a890
3803,3803,0,ecff0a002000ceff10000000fcff0c00faff0c001c000c00f4ff12000e003e00,d6ff0400daff1c00e2fff2fffaff0a000400e2ff060016001c002c00ecff5c00,ccff2e0014000400deff2000f4fff4ff280008001c00feff1000100006000600,000000001600daffecfffcffd4ff3400fc90ea522061a09142d29a60aae858d3
3804,3804,0,ecff0a00100000002000f2fffcffdcff0c00eaffeeff0c00e4ffe4ff0e000e00,040014000c000c002e00f2fffaffeaffd2ff1400060036001c002c00ecff1c00,fcffdcff14001400eeffdeff1400040008004600c2ff0c0040000000d6ff2600,1000eeffdaff16003000ecff040024004ed2e86080e852d3065366e9d8902653
3805,3805,0,0a000a00eeff00001000e2fffcfffcffcafffafffefffefff4ffe4fffeff0e00,14000400faffeaffd4ffe2ff0a00faff3600040026003600faff1c00fcff0c00,2e00fcff0400f6ff0000eefff4ff140056004600e0ffd0ff00000000e6ff0600,6800cefff8ff06000e00ecff2400f4fffa5222e9c0916253ba60c2903cd23c61
3806,3806,0,fcffdcff000000000000f2fffcffecfffaffdafffeffeefff4ff0200deff2e00,04000400eaffeaff2e003e000a00faffe2ff1400d8ff16001c002c00dcfffcff,0e00fcff040014000000eeff14000400ccfffaffe0fffeffeeffeefff6ff0600,1000beff16001600ecff0e004400e4ff4861cc90ecd0e060c6e94ed1ba5274e9
3807,3807,0,fcfffcff100010001000f2ff1c001c001c001c001c001c000200e4fffefffeff,04001400eaff1c00200020001a00fafff2ff14003600f8ffeafffaff3c00fcff,0e00fcff04000400deffeeff140014000800eaff0c00eeffeeff000006001600,deff00006400e8ffecff0e00040004002eea44d152535ee9c290b6526c61f890
3808,3808,0,ecfffcff20000000f2fff2fffcfffcffdaff0c001c01eeff12000200deffceff,f6ffe6fffaffcaff4c00f2ff1a000a00f2ffe2ff160046001c000c00fcffdcff,dcff0e00f6ff0400200000000400e4ffeafffaff1c00eeff000030001600e6ff,deff10000600e8ff0e00fcff24001400dc909e51466200925ed15a6144ea5cd1
3809,3809,0,fcffdcff2000defff2ff10001c00ecff0c000c000c001c01e4ff02002e00eeff,320004000c001c000000e2ff0a000a003600240016001600eaff1c00dcfffcff,ecfffcfff6fff6ff00003000e4ff240008002800feffeeff10004000f6ff0600,10000000daff06001e00ecff0400140064d07861eee9a6cfa2515aea42910a52
3810,3810,0,fcff0a00eeffeefff2ff10001c000c001c002c00feffceffd4ffe4ffdeff0e00,04000400eafffafff2fff2ff0a000a0014000400260036000c00faffccffdcff,0e000e00f6ff0400eeffeeff14001400080008000c000c001000ceff16001600,1000eeffe8ff1600ecffecff14000400be51feeaf091c252ba61229182d0cc61
3811,3811,0,ecff1a00000010001000e2fffcff1c000c001c000c00eeff0200e4ff3e000e00,040004000c00faff00000000dafffafff2fff2ff16001600fafffaffccfffcff,fcff0e0004001400ceffdeff04000400dafffaff0c00feff10003000f6ff0600,0000eeff0600f8fffcfffcff2400f4ff24620c911ecf36622cecaed07a5160eb
3812,3812,0,dcffecff00001000f2ffe2ff1c00fcff2c000c00feff0c00f4ff30000e00feff,14001400faff0c00d4ff2000eaffeafff2ff1400f8ff36002c001c00fcff1c00,0e00ecff0400f6ffdeff00001400f4fffaffeaffeeffe0ff00000000e6fff6ff,ceffeeff2400daffbaff1e002400e4ff2eeb34d0325266eb329142501c623291
3813,3813,0,ecffccff0000defff2ffe2ffecff0c00faffdaff0c00eeff02000200eeff2e00,f6ff04000c00eaff0000e2fffaffeaff0400e2ffe8ff64000c000c001c000c00,0e00fcfff6fff6ff0000100004000400eafffaffeefffeff1000100006001600,eeff20000600f8ff0e001e00a4ff14002c91fe50766220927acf4e62f0eb12d0
3814,3814,0,ecff0a0010000000e2fff2ff1c00dcfffaff0c00eeffe2fed4ffe4ffdefffeff,140004000c000c00e2ff2e000a001a00f2fff2ff460026000c000c00fcfffcff,0e001e00f6fff6ff10000000e4fff4ff280008000c00eeff00000000f6ff0600,10003000e8ff06004000ecffe4ff54007ecf3462e4eb20ceb250bcec22912a51
3815,3815,0,dcffecff100010001000e2ffecffecfffafffafffeffeeff22000200feffceff,14001400faff0c003e00e2ff0a000a00d2ffc0ff26000600eaff0c000c00fcff,fcff1e00040004003000300014000400080036000c00feff20001000f6fff6ff,2000eeffdaff54001e00dcff4400f4ff9e50eeeb30928e519e625291c0ce9c62
3816,3816,0,1a00fcffbeffeeff0000f2ffecff1c001c00faff2c00e2fe02001200eefffeff,f6fff6fffafffafff2ff2000fafffaff0400e2ff460036000c001c002c00fcff,1e000e001400040010002000140014003600fafffeff0c000000000026001600,eeffcefff8ff0600dcff1e002400040074622c9162cdc6623cedaace2050f6ec
3817,3817,0,0a00ecff10000000e2fff2fffcfffcffdaffcaff1c001c000200f4fffefffeff,f6ff0400fafffaff20002000eaffeafff2fff2ff260026000c00faffecffecff,fcff0e0004000400deff0000140024000800faff0c00eeff000000001600e6ff,ceff00000600baffecff1e00f4ffe4ff70ed4ece4e51d4ec5291ae4f08635291
3818,3818,0,0a001a0020002000c2fff2ff0c00dcff0c000c000c00eeffe4ffe4ff0e000e00,f6fff6ffeaffeafff2ffe2ff1a00fafff2ff14003600f8ff0c000c000c001c00,dcff1e00f6ff04000000eeff04001400faff28000c000c00ceffeeff06002600,000030000600caff0e00fcff0400e4ff5c91fe4f266310920ace6e63a6ed40ce
3819,3819,0,fcfffcff100000000000e2ff1c00ecffdafffaff0c001c005000f4ffeefffeff,e6ff04001c00faff2e00e2ffeaff0a00f2ff0400540046002c000c00ecff0c00,dcfffcff140014002000eeff0400d4ffeafffaff1c001c000000eeffd6ffe6ff,10003000f8ff160040000e00f4ff3400b2cd3463f4ed82cc5e4fcced7291704f
3820,3820,0,1a00fcff00001000f2ff00000c000c00fafffafffeff4c0040000200deff0e00,1400f6ffeafffaff0000e2ff1a00dafff2ff04003600e8fffaff0c00ccfffcff,0e00ecffe6ff0400100020002400f4ff0800faff0c00eeff1000100006001600,1000deffcaff06000e00fcff0400d4ff284f7cee1092be504e63a291d0cd4863
3821,3821,0,1a00ecffeeff0000200000000c00ecff0c00faff2c011c01e4ffd4ff0e00eeff,0400f6fffaff0c0010000000faff1a000400f2ffe8ff26000c00faffdcffecff,fcff0e00f6ff14000000000014001400faffeafffeff2a004000eeffe6ff0600,0000defff8ff1600fcff1e002400e4ff44635c9172cc46630cef1ace004f20ef
3822,3822,0,0a00fcff1000eefff2fff2fffcfffcff1c003c001c000c0022004000feffdeff,14002400faffeaffe2ffd4ff0a00faffd2fff2ffd8ff16002c00faff1c00fcff,0e000e00140014001000000014001400eaffeaff1c000c00eeffeeff0600f6ff,ceff30001600baffdcff0e00140014000cef72cdf84df4ed82915e4ed863e291
3823,3823,0,0a00fcff000000001000f2fffcffecff0c00faff2c001c00f4ff0200eeffeeff,f6ff14000c00faff4c00d4ff0a001a00e2fff2ff260036000c000c00ecffecff,0e001e00140014000000eefff4ff2400daffeaffe0fffeff30001000f6ff0600,ceff1000f8ffcaff30000e00f4ff04007c91b84e046490922acd4e6360efd0cc
3824,3824,0,fcff0a0020000000f2ffe2fffcfffcffdaffcafffeff2c00020002000e00deff,f6ffd6ffeafffaff2e002e00faff0a0004000400060026000c001c00fcfffcff,fcff0e000400f6ff200010001400e4fffaff28000c00eeff300040001600f6ff,00000000e8fff8ff1e00fcfff4ff04005ecc2664f0ee72cb5e4e60f0c2915a4e
3825,3825,0,fcfffcff10001000f2ff1000dcfffcfffaff1c001c000c000200f4ffceff0e00,04000400fafffaff3e00e2fffaff1a00f2ff14005400d8ff1c004c00fcff0c00,fcff0e00f6ffe6ff000010000400f4fffaffeafffeff0c00eeff100016001600,2000eeffe8ff06000e00ecff24000400cc4d02f02693124d30649291e8cb1864
3826,3826,0,0a00ecff100010001000f2ff0c000c00fafffaff48002a00e4fff4ff2e000e00,1400e6ffeafffafff2ffe2ff1a000a001400f2ff360046002c000c00fcff1c00,0e00fcfff6ffe6ff1000eeff1400f4ff3600faffeeff1c00eeff100016000600,0000eeff1600f8ffecffecff1400f4ffda64bc9184ca546460f0aacbfa4d50f0
3827,3827,0,1a00fcff10001000f2ff0000dcff0c00faffdaff1a011c00f4ff02002e000e00,f6fff6ff1c000c00f2fff2ffdaff0a00e2ff04006400f8ff1c000c00ecffecff,ecfffcff14002200eeff10002400e4fffaff18000c002a00eeff0000e6ffe6ff,ceff00006400f8ffecff0e00f4ff040062f0aecbb24c50f036924e4d7864f291
3828,3828,0,bcfffcffdeff2000e2ff1000fcfffcffcaffcafff2feeeff1200f4ff0e002e00,1400e6fffaff0c003e0000000a000a0004000400160054002c002c000c001c00,1e000e00f6fff6ff0000100024000400faffbcffeeffeeff000000000600f6ff,deff0000f8ffdaff0e000e00e4fff4ffdc916c4d8464b692dacb00650af148cb
3829,3829,0,fcff1a000000defff2ff20000c00dcff1c00faff1c00eeffe4ffe4fffeff0e00,1400f6ff0c00faff0000d4ffeaff0a000400140026004600fafffaff0c00fcff,0e00fcfff6ff0400deff0000140014000800eaff1c00eeffeeffceffd6ff2600,10001000e8ff06003000dcff140044008cca0a6590f0bcc9ee4c20f1f291504d
3830,3830,0,fcfffcff100010000000f2fffcffecff0c000c00feff0c00e4fff4ff0e000e00,140014000c00faff00000000faff0a00e2ffe2ff060026000c001c00fcffccff,1e000e00f6ff0400000000001400f4ffeafffaffeefffeff1000eeff1600f6ff,1000eeffe8ff06000e00fcff24000400ac4c48f21693b44bf06448927cca2065
3831,3831,0,fcffecff10000000e2fff2ffccfffcffdaff0c00d0ffe0ff0200e4ff0e000e00,f6ff04000c00faff20002e00faff1a000400e2ff2600c8ffcaff1c001c000c00,dcff0e00040014000000eefff4ff0400fafffaff0c000c002000deffe6ff0600,1000deff06000600fcff0e00240014005a65dc91ccc8146594f238cab04c2af2
3832,3832,0,fcfffcff0000100020002000ecfffcfffaff2c00eeffeeff120002002e002e00,e6ffe6ff0c001c002e00e2ff0a00eaffd2ffe2ff160016002c00faffdcfffcff,fcffdcfff6ff0400000030002400e4ff0800fafffeff0c00000030003600f6ff,eeff1000160006000e0040002400d4ff88f2a2c9044bccf148922e4c80655292
3833,3833,0,0a00fcff10001000f2ff1000fcff0c00cafffafffeffe0ff120012002e000e00,140014003c000c00f2fff2ff0a000a002400f2ff060016000c000c00fcffdcff,2e000e00f6ffe6ffeeff100004001400180028000c00feffeeff000006001600,ceff5800f8ffcafffcfffcff0400240046928c4c5465469354c9d06426f3dcc9
3834,3834,0,0a00fcffdeff1000f2fff2ffecfffcff0c00faff0c00eeff020040004e000e00,e6ffd6fffaff0c002e00f2fffaffeaffe2ff0400e8fff8ff1c00fafffcff1c00,fcff1e00f6fff6ff1000eeff2400f4ff180028000c00feff0000eeffd6ff0600,0000eeffdaff06003000ecff14004400e2c88a6572f29cc80e4c16f47292b84b
3835,3835,0,1a000a00200020002000f2ffecfffcffcaff0c00feff1a0102000200eeff2e00,04001400faff1c002e002e00faff0a000400f2fff8fff8fffaff0c00fcfffcff,9cff0e001400e6ffeeff100004001400360036000c00feff1000200026002600,10000000daff0600fcfffcff14001400e84b78f38493a44a50654892b2c8e065
3836,3836,0,0a002a001000100000000000ecff0c000c00faffeeffeeff4000f4ff1e00eeff,f6ffe6ff1c000c000000f2ff1a000a00e2ff1400060016000c000c000c00bcff,0e00fcfff6ff1400000000000400f4ff3600daffeeff1c0020005000e6ff0600,1000cefff8fff8fffcff0e000400e4ff266666929ec7c46506f474c8384bd6f3
3837,3837,0,0a000a0010000000e2fff2ffdcff1c00eafffaffeefffefff4ff12000e001e00,f6ff2400faff0c00d4ff00000a000a002400f2ffe8ff06000c000c00ecffdcff,0e002e000400e6ffeeffdeff04000400faff3600eeffeeff00000000d6ff2600,000000001600caffecff0e002400f4ff04f522c8ae4982f5a892ce4be065c292
3838,3838,0,fcff0a000000000010000000ecffecff1c00faff1c00eeff02001200feff0e00,f6ff1400faff3c004c0000000a00fafff2ff2400f8ff1600faff0c00ecffdcff,ecff0e00f6ff140030000000e4ff1400360008000c00feff1000eeff06001600,eeff3000060006000e00fcfff4ff44009692264bb4655693a0c78e66bef432c8
3839,3839,0,fcff0a0010000000e2ffe2ffecffdcfffaff1c000c01fefff4ff0200feff2e00,04001400faff0c00f2ff2e001a00faffe2fff2ff460026000c00faffdcfffcff,fcff2e001400f6ffeeff000004001400faff3600e0fffeff00002000f6ffe6ff,0000eefff8ff06000e00ecffe4ff040022c85666c2f5dec63e4aa6f4d2929c4a
3840,3840,0,fcfffcff0000000000000000ccfffcfffaffdaffeeff0c00f4ff02000e00eeff,f6ff0400faff0c0020002e00faff0a001400f2ffe8ffe8ff0c00eafffcff2c00,0e00fcfff6fff6ff0000ceff1400d4ff1800acff0c00feff000000000600e6ff,2000eeffcaff46000e00baff1400f4ffb64a14f584934049ae66d89282c74066
3841,3841,0,1a001a00eeff10000000f2ffecffecffeaff0c00eeff1c00f4fff4ff3e001e00,14000400eaffeafff2fff2ff6a00eaff2400f2ffc8ffe8ff0c000c00dcff0c00,0e001e00f6fff6ffdeffeeff0400040008000800feff0c00000000000600f6ff,1000ceff46001600dcff0e0024000400c666c69210c6426656f590c7bc49eef5
3842,3842,0,0a0074002000100000000000ecffecffeaff0c002a010c001200c6ffdeff0e00,04003200eafffafff2ffe2ffeaffdaff0400f2ffc8fff8ff0c000c002c00fcff,8cfffcff140014000000eefff4fff4fffaff0800feff1c001000eefff6ffe6ff,eeff10004600caffecff0e00e4fff4ff50f63cc7304922f6c8920849c266c292
3843,3843,0,fcffecffeeff0000e2ff1000fcffdcfffafffaff0c002a00120002000e00feff,040004000c000c004c0000001a00fafff2fff2ff1600e8ff0c004c003c00ecff,0e002e00f6fff6ff0000eeff1400d4ffdaffeafffeffeeff200040000600f6ff,eeff58000600cafffcff30000400e4fff6926c491067b49398c62e672ef660c6
3844,3844,0,fcffecff00000000f2fff2ffecfffcffdaff0c00fefffeffe4ff0200eeff3e00,0400f6ff0c00faffd4ff1000faff0a000400d2ff160026002c00faffccfffcff,fcff9cfff6ff0400deff100004001400eaffeaffeeff2a0000002000f6fff6ff,10000000f8ff16003000fcffd4ff34003cc6d666bef7d0c5e8480af802933c49
3845,3845,0,ecff1a00eeffeeff10001000fcfffcff0c00faff0c000c00f4ff12002e00feff,14000400faff3c00d4ff00001a000a002400f2ffd8ff3600faff3c000c00ecff,dcffecffe6fff6ff0000100004001400eaffeaff0c00eeff100020000600f6ff,20000000daff06001e00ecff24000400dc48a0f6e4939e477e672893c0c56267
3846,3846,0,0a000a0010000000200000000c00ecfffaff1c002a001c00f4fff4fffefffeff,e6ff14001c000c000000e2ff0a001a00f2ff0400060016001c000c000c000c00,0e000e0004000400200000001400f4ffeaff08001c000c0000000000e6fff6ff,1000eeff16000600ecff1e001400e4ff2667f692e2c4e066b6f778c4a24826f7
3847,3847,0,dcffdcff00000000f2fff2ffecffecff1c00caff0c000c00f4fff4ff0e000e00,1400e6fffaffeaff2e003e00faffeaffe2ffd2ffe8ff2600eaff1c00fcff2c00,dcff1e00e6fff6ff100000000400f4ffeaff0800feff0c00eeffeeff0600e6ff,deff00000600e8ffecff30000400040006f8c0c56e47bef81893d84892675e93
3848,3848,0,1a00fcffeeffdefff2ff0000ecfffcfffaffcaff2a000c00f4ff0200feff0e00,0400f6ffeaff0c00e2fff2ffeaff6a00e2ffe2ff0600f8ff1c00fafffcffdcff,1e001e00e6ffe6ffdeff1000e4ff1400daffdafffefffeff20003000f6ff1600,deff10000600f8ff1e000e00f4ff240046933c4820673494a8c4ae6706f850c5
3849,3849,0,ecfffcff1000000000000000ecfffcfffaff0c00eeff0c00f4ff02000e000e00,0400f6ff0c000c00f2ffe2ff4a000a00f2ffe2fff8ff36000c001c001c000c00,0e001e00f6ff0400000010001400040036002800fefffeff10000000f6fff6ff,10000000f8ff06001e00ecff04002400f0c476672ef952c464476af8ae93f247
3850,3850,0,fcff2a002000eeff20000000fcff0c000c001c002c002c00f4ff1200feffeeff,f6ff14003c00fafff2fff2ff1a00fafff2fff2ff060016000c00faff1c00dcff,dcfffcff040004000000eeff04001400daff3600feff0c002000deffe6fff6ff,0000eeffcaff54001e00ecff440014007647a8f86494de46be67989358c4e267
3851,3851,0,fcfffcffceff0000f2ff1000ecfffcff0c00faff0c000c00020002000e000e00,d6fff6ffdaff1c0020005c000a00faffe2fff2ff16000600fafffafffcfffcff,0e000e0014000400deffeeff14000400eaff0800eefffeff0000eeff16000600,1000befff8fff8ffdcff1e002400c4ff1c689693e2c350670af988c4124748f9
3852,3852,0,fcff1a000000000000000000ecff0c000c00faff2c011c00120002000e002e00,140014001c000c00d4ffd4ff0a001a000400b0fff8ffd8ffeaff0c00fcffecff,fcff0e00040014001000000004000400eafffaff1c001c00100000000600f6ff,deff48000600f8ffecff30001400040048f91cc43046eafa5893544632687e93
3853,3853,0,fcff1a0000000000e2fff2ff1c00ecfffafffafffeff0c01020030002e000e00,f6ff14001c00eafff2fff2ff1a000a00f2ffe2ffd8fff8ffeaff0c00ccfffcff,dcff0e00f6ff0400eeff200024001400eaff2800feffeeff0000400016000600,deff5800f8ffdaff1e001e0024001400a693364790673494f6c25268a8f9a8c3
3854,3854,0,fcfffcff10001000e2fff2fffcfffcfffaff0c000c002c00020012000e00eeff,d6ff04002c00faff3e00e2fffafffaff0400f2ff540016000c000c00ecff0c00,dcff0e00140014001000eeff14001400ccfffafffeff0c00eeff1000f6fff6ff,00002000e8ff46003000ecff0400240080c25c68dafab2c2a4467eface93d246
3855,3855,0,ecffecff20000000f2fff2fffcfffcfffaff0c002c01feff400040002e002e00,f6ffd6fffaff0c000000d4fffaff0a00e2ff0400360036001c00faffccfffcff,fcff8cff0400e6ff0000eefff4ff04001800ccff0c00feffeeff30000600f6ff,0000deffcaff4600fcff1e00f4ffe4ff7646b2fa14959245e26878939cc26268
3856,3856,0,0a00fcffeeff00000000d2fffcfffcfffafffaff4c00fefff4ff12003e000e00,040024000c00fafff2ff0000eafffaff0400e2ff36004600faffeaff1c000c00,0e00fcfff6ff14000000000024000400460036000c001c0010000000f6ff0600,1000ceff06000600fcfffcff2400f4ff5c68c6932ec220680efb82c1a04578fa
3857,3857,0,fcfffcff0000eeff0000f2ff0c00dcff0c001c000c000c00220022002e001e00,04001400fafffaffe2ff2e000a00faffd2fff2ff1600f8ff0c002c00ecffecff,0e00fcfff6ff04000000100044001400460046001c001c0000000000f6ff0600,eeff10000600e8ffdcff1e002400e4ff62fb50c2c2449afb1a942446dc682e94
3858,3858,0,ecfffcff000010000000e2ffdcfffcfffafffafffeffeeff30000200ceffceff,f6ff0400faff0c00f2fff2fffaff4a00e2ffd2ff1600d8ff0c001c001c001c00,fcffecff040004000000deff0400f4ff2800eaff66001c0000000000d6fff6ff,deff10000600f8ffecffdcffd4ffe4fff69366463068f49416c222697afbfcc1
3859,3859,0,ecfffcff00000000f2ff0000fcff0c00dafffaffeeff0c00020002001e00feff,f6fff6fffaff2c00f2ff0000fafffaff3600e2ff160006001c000c000c00fcff,0e000e0004000400100010001400140056003600eeff0c00eeff3000f6fff6ff,eeff1000daff06001e00fcffe4ff440086c1ec68bafca0c1d6440efb4e947045
3860,3860,0,fcfffcff00000000f2ffe2ffecff0c00caff0c000c00feff020002000e000e00,e6ff14000c00faffe2ffd4fffaff0a00f2ffe2fff8ffe8ff1c000c00dcff0c00,fcfffcff140004001000eefff4ff0400faff46000c001c001000000016001600,1000deffcaff1600fcfffcff04001400ca44c2fb24959244d2685a942cc1fc68
3861,3861,0,fcffdcffeeff00000000e2ff1c001c00faffcaff4c001c00b6fff4ff0e002e00,0400f6ff0c00faff000000000a000a000400d2fff8fff8fffaff0c000c00dcff,1e000e000400f6ffeeffdeff2400140018000800eeff0c00eeff1000e6ff0600,2000eefff8ffdaffecff1e005400b4ff0c69469480c0706860fc42c1b0444afc
3862,3862,0,0a001a0000000000f2fff2ff0c001c000c00fafffeffeeff1200f4ffeeff2e00,14001400fafffaff2e002e00faff0a00e2ff040046000600fafffaffacffbcff,dcff0e002200040000000000f4ff1400eafffaff0c00feff1000eeffc6ff1600,deff10006400cafffcff1e000400b4ff04fd16c1924338fd7a9454436c699e94
3863,3863,0,ecfffcffeeff0000d2ff30001c001c00faff2c00feff0c000200e4fffeff0e00,24000400fafffaffe2ff4c000a000a00e2ff0400e8ff36001c001c00fcff1c00,fcff1e00f6ff14000000200014001400fafffafffefffeffeeff4000f6fff6ff,eeff1000f8ffe8ff0e000e0014002400a494f643c068549522c0326942fddcc0
3864,3864,0,fcffecff00000000f2fff2ffecffecff0c000c000c00feff0200e4fffeff2e00,140004000c000c002e0020001a00faffd2fff2ff360016001c000c00ccffdcff,fcff0e000400220000000000f4ff1400dafffaff1c00feff00000000e6ff1600,10001000f8ffe8ff3000dcff0400240076c04c69e8fdb0bf544370fee694a843
3865,3865,0,fcfffcff00000000f2ff0000fcffdcfffaff1c002c001c00e4ff02000e002e00,24000400fafffafff2fff2ff0a000a00f2ffe2fff8ffd8ff1c00faffecfffcff,0e00fcfff6ffe6ff10001000f4fff4ffeafffafffeff0c00200010000600f6ff,0000ceffdaff4600fcffecff14002400124320feb495d4428269ba947cc0bc69
3866,3866,0,dcff1a00deff1000e2fff2ffecfffcff0c00eafffeff2c00e4ff02001e000e00,f6fff6ff0c00eafff2ff00000a005a00f2fff2ffd8fff8ff1c00faffdcffdcff,2e002e0004001400ceff0000d4ff0400eafffaff0c001c0010000000e6fff6ff,eeffdeff06000600ecfffcfff4ff04007c69b49490bf0269c0fe2ebf484302fe
3867,3867,0,0a00fcffeeffdeff0000e2ff1c00fcfffafffaff0c000c00300002003e002e00,140014000c001c00e2ff2e000a000a00d2fff2ff06000600eafffafffcfffcff,fcffecffd8ff04001000100014000400fafffaff0c000c002000400016000600,eeff00000600daffecff0e001400040090fed6bfd44216ff1a952443fc694695
3868,3868,0,fcff1a000000100000001000fcffecfffaff0c000c004c00120002000e004e00,040032001c00eaffe2ffd4ff0a000a00f2ff1400c8fff8ffeaffbaffdcfffcff,0e000e001400f6ff1000100014000400dafffaff2a00eeff0000deff06000600,deff20001600f8ff0e00fcffa4fff4ffc4947242b6690496bebe366ab2feeabf
3869,3869,0,2a00fcff0000defff2fff2ff0c00ecfffafffafffeff4c004000f4ff2e000e00,0400e6ff0c001c00d4ff2e00faff0a001400e2fff8ffe8ff0c00fafffcffacff,fcffdcffc8ff140000000000040014000800eafffeffeeff00003000f6ff0600,00000000dafff8ff3000dcfff4ff240020bf186a86fff2be6442c0fe66955c42
3870,3870,0,fcff0a00eeff1000d2fff2ffecfffcffeafffaffeeff1c001200d4fffeffeeff,f6ffe6ff0c001c00f2ff00001a000a00e2ff2400e8ff2600faff0c00fcffdcff,fcff0e00f6fff6ff0000deffd4ff040018002800eeff3a001000deff06000600,10001000f8ff06000e00dcfff4ff14007841b6fff4953442366a3a9562be4c6a
3871,3871,0,fcfffcffeeff00001000f2ffecff0c00faff0c002c010c00e4ff12003e00feff,f6fff6ffeaffeaffc4ff3e000a000a0004001400360054000c000c000c00ecff,fcff0e000400f6ff0000200014001400eaffeaffe0fffeff200040000600f6ff,0000ceff0600f8ff0e001e002400d4ff186ad29592be266ab0ff2ebebc41baff
3872,3872,0,fcff1a00000020001000f2fffcff0c00caff1c002c00deff22000200feff1e00,0400f6ff0c000c00f2ffe2ff0a001a00040004002600f8ff2c000c00fcff1c00,0e001e00220014001000eeff04001400faff28001c00feff2000deff0600f6ff,eeff00001600e8ffecffecff1400e4ff980050be2e4174009a952041fc69b695
3873,3873,0,fcfffcff0000defff2ff10000c000c000c00daffeeffdeffe4fff4ff2e00feff,e6fff6ff0c001c0020002e00daff0a00e2fff2ff160026002c000c001c00fcff,dcfffcff04000400000000001400f4fffaffeaffeefffeff300020000600f6ff,ceff3000daffcaff0e001e00c4ff14003e96b840166a34963ebd566a7c00d2bd
3874,3874,0,1a00fcff00002000f2fff2ffdcff1c00fafffafffeffeeff0200e4fffeff2e00,f6ff24000c000c00e2ffe2ff0a002a00d2ff0400f8ff1600eaff2c000c002c00,1e001e0022001400eeff100004001400280028000c000c00deff0000f6fff6ff,10002000e8ff06003000fcff0400240064bd586a2401a4bd90405601c6953c41
3875,3875,0,0a000a00eeff000010001000fcff0c00eafffaffdeff0c00020030001e00feff,0400f6ff0c001c003e000000faffeaffe2ff0400d8ffe8fffaff0c000c000c00,0e000e001400f6ff00001000f4ff1400fafffaff0c00eeffeeff30000600f6ff,eeffceffdaff16001e00fcff0400040038403801a296ae40c66a7a9582bd8c6a
3876,3876,0,0a00fcff000000001000e2ffecffecffbaffeaff2c011c002200e4ff2e00feff,040014002c00faff0000e2ff0a00eaff1400e2ff2600f8ff1c000c00fcfffcff,1e002e00f6ff040010001000040004002800faffeefffeff000000001600f6ff,0000defff8fff8ffecffecff1400f4ff986a5e9624bd766a46013ebc9240cc01
3877,3877,0,fcfffcffeeff0000f2fff2ff0c000c001c00faff2c00eeffe4ffe4ff0e002e00,e6ff1400faff2c003e00f2ff1a000a000400240016005400faff1c00fcff0c00,fcfffcff14000400300010000400e4ff2800ccfffeff1c001000eefff6ffe6ff,deffeeff16000600dcff30002400f4ff4202e4bcfa3fc4018a966040086b1696
3878,3878,0,fcff1a001000100010000000ecfffcffdaff2c004c002c00e4ff1200eeff2e00,140004000c001c00e2ff1000faff0a00e2ffe2ff260036000c001c000c00ecff,0e002e0014000400100020000400f4ffeaff18002a00feff20002000f6fff6ff,ceff0000f8ffe8fffcfffcfff4fff4ffd096623f966af0962ebcf66af802d2bc
3879,3879,0,1a00fcff20000000f2fff2ffecfffcfffaffdaffeeff4c00220022000e000e00,f6fff6ff1c001c00f2ffe2ffeaffeafff2ff14002600f8ff2c000c000c001c00,0e000e0004001400200010000400f4fffaff0800feff0c0000000000f6fff6ff,00002000e8ff06003000fcffe4ff54001ebcc86a360336bc8c3f7a0276961a3f
3880,3880,0,1a000a00deff0000f2fff2ffecff0c00caff0c000c00feff0200f4ff0e00feff,e6fff6ffeaff1c00f2ffc4fffaffeaffe2ff0400f8ff36000c00eaffecfffcff,0e000e00040004000000520014001400faff28000c00feff20003000f6ff0600,20000000caff0600fcffdcff34002400123f62035097f23ee66b2a97fabb386b
3881,3881,0,1a00fcff0000eefff2ff00000c00fcfffaff0c000c00eeffd4ff02000e001e00,f6ff1400eafffaffe2ff4c00faff5a00e2ff1400540016000c00faff0c001c00,0e00dcff040014000000200004000400faffeafffeff1c00eeff200006002600,0000defff8ff0600ecfffcff34000400e86af09686bbc66a2a03febbda3e8803
3882,3882,0,fcff0a00000020000000f2ffecfffcff1c00faffeeff2c00c6fff4ff0e00feff,04000400faff0c0000000000eaffeaff04000400460016000c000c00fcff0c00,fcff1e00040022000000000024001400eaffccffeeff0c00deff1000f6ffc6ff,deff00004600f8ffdcff1e000400d4ff620330bb923eb603da96ac3e886b8696
3883,3883,0,0a000a00eeff0000e2ff00000c00dcffcaff0c001c000c00f4fff4ff1e00feff,04001400faffeafff2ff3e00daffeaff0400e2fff8ff4600fafffafffcfffcff,1e00dcff0400140010000000e4ff14002800faff1c000c004000200016001600,deff30001600caff1e000e00e4ff04002097623ee66aa0979cbac66be8039abb
3884,3884,0,ecff2a00deff0000e2ff0000fcff0c00faffdaff1c002c0030001200eeff0e00,0400f6ff0c000c00e2ff2e00eaff1a00f2ffe2ff4600f8ff0c000c00fcffecff,0e00fcfff6ff04001000eefff4fff4fffaffdafffefffeffdeffeeff06000600,00000000bafff8ff0e00ecff04000400c0ba386bd60456bb9c3eec04c696423e
3885,3885,0,fcff0a000000ceff0000e2fffcff0c00daffdaff2c000c001200d4ff0e00eeff,0400f6ffeaffdaffd4ff20000a000a00d2fff2ffe8ff16000c004c00ccff1c00,0e000e00f6ff14001000ceff240014000800faff0c00feff0000eeff06001600,10000000caff24001e00ecffe4ff0400963d3805a097a43d166cea9648bad86b
3886,3886,0,0a001a00eeff0000000000000c00fcff0c00daff2c002c0030001200deff0e00,04000400faff0c002e00f2fffaff1a00d2fff2ff06003600faff2c00fcffdcff,0e00fcff040004000000deff0400240018001800eeff2a00deff2000f6ff1600,1000deff060006000e00fcff2400e4ff786b8097c6ba666b5c0558b9723d2005
3887,3887,0,fcfffcff0000deff00000000fcfffcff0c001c00eeff0c00e4fff4ff0e003e00,140014000c000c00f2ffd4ff0a000a00f2ffd2ff3600d8fffaff0c001c000c00,2e00fcff0400f6ffdeff2000e4ff0400fafffaff1c00eeff0000100006003600,deff00004600f8ffecff30002400e4ff340686b9063d66059a975c3de86b4e97
3888,3888,0,ecff0a00eeff2000e2ffe2fffcffdcfffaffdaffeeff0c00120002000e00eeff,f6ff0400faff0c004c00f2ffeaff0a00e2ffd2fff8ff36001c002c00dcff2c00,9cff1e00040004001000defff4ff1400daff08000c00feff300020000600f6ff,eeff1000f8ffcafffcff1e0014000400a097263d466b009888b9a66cd005a8b9
3889,3889,0,fcfffcff0000defff2fff2fffcfffcff0c002c000c004c00f4ff3000deff0e00,040004001c00fafff2ffe2ff0a00eaff1400d2fff8ff3600faff0c00ecffecff,0e003e000400e6ffeeff000004000400daffccff0c00eeff10000000f6ff0600,00001000e8fff8ff3000dcff0400240026b9986bb605d0b9cc3ccc05ae97d23c
3890,3890,0,0a00bcff0000eeff20000000dcfffcfffafffaffeeff0c00f4ffc6ff0e000e00,04000400faff0c004c00f2fffaffdaffd2ffd2ff46002600fafffafffcfffcff,1e009cfff6fff6ff10000000e4ff14001800eafffefffeff30001000f6ffd6ff,1000ceffdaff1600fcfffcff24002400103cd4065098863c866caa9758b9086c
3891,3891,0,0a00fcffeeffdeff00001000ecff1c001c000c00eeff0c00020030003e000e00,1400f6ff0c00faffd4ffe2fffaff5a00f2fff2ff160006000c001c00dcfffcff,0e000e000400f6ff00003000f4ff1400fafffaff1c000c00000020000600f6ff,1000deff1600f8fffcff1e00f4fff4ff7a6c36980ab9366b8a07f8b86a3b1807
3892,3892,0,fcff2a00eeff00001000f2ffdcffecfffaff1c000c00eeff0200e4ff2e003e00,f6fff6ffeaffeaffe2ffe2ff0a00faffd2fff2ff060026000c000c00dcff1c00,dcffecfff6ff1400000010002400f4ffeaff0800eeff1c0000002000e6ffe6ff,deff10001600f8fffcff30001400e4ff540766b8163cb2074e986a3b486c2e98
3893,3893,0,fcffdcff1000eeffe2ffe2fffcffecff0c00faffeeff0c00f4fff4ff2e00feff,0400f6ff0c00eaffe2ff2e004a00faffe2fff2ff46004600eaffeaff1c00ecff,0e001e001400f6ffeeff1000140014002800faff2a00eeffeeff100016001600,00001000f8fff8ff1e001e00e4ff14008698c23ae66b6098c4b7766c5008d8b8
3894,3894,0,fcff1a00eeff00004e000000fcfffcfffafffafffeffceff40003000deffeeff,f6ff14001c00faff00000000dafffaffe2ffd2ff1600d8ff0c000c00ccffecff,ecff0e00e6ff040020001000f4fff4fffaffeaff0c00feff00002000f6ffd6ff,00001000e8fff8ff3000ecffd4ff3400e6b7ba6c92075ab8aa3a5e081e984a3b
3895,3895,0,0a001a000000eefff2fff2ffecff0c00fafffaff0c000c00300022001e00feff,14001400eaffeaff2e0000000a00faffe2ffe2ffe8ff06000c001c002c000c00,0e00dcfff6fff6ffdeff000014002400fafffafffeffeeffeeff000016002600,30001000daff06001e00ecfff4ff1400723a2c081099563b966cca97f6b7586c
3896,3896,0,ecffecffceff20002000f2ffdcffecff1c00faff1c001c00120030003e00feff,e6ff04000c001c00f2fff2ffeaff1a000400d2ffd8ff36000c001c00fcffecff,fcffecff04000400eeffeeff0400e4ff0800eaffeeff2a00200000000600e6ff,1000deffdaff0600fcff1e003400e4ffaa6ca6987ab7666c9e08e4b68e3ae208
3897,3897,0,0a000a0010001000f2fff2fffcffecff0c003c002c000c0030000200eeff1e00,14000400faff1c00d4ff4c000a000a000400240026000600fafffaffecffccff,0e001e00f6fff6ffeeff10005400f4ff3600faff0c00feffeeffcefff6ff1600,000010001600caffbaff4000440014001c0960b7383a82088e98aa3ad06c5e98
3898,3898,0,0a00fcff0000eeff1000f2ffdcffecff0c00faff0c00eeff22000200deff0e00,f4ff1200fafffaff4c0010000a00faffe2ff0400e8ff36000c001c00ccffccff,dcfffcfff6fff6ff0000defff4fff4ff08004600feff0c00100000002600e6ff,ceff30004600e8ff0e00fcfff4fff4ffe6989839f66b4099b2b6066dc20956b7
3899,3899,0,fcfffcff0000ceff0000e2ff0c00dcfffaff0c00defffefff4ff0200eeffeeff,0200f4fffaff0c00e2ffe2ffeaff1a00e2fff2ff06000600faff0c00ecffecff,fcff2e00f6fff6ffeeff100014001400eaff2800feff0c002000000016000600,0000eeffcafff8ff3000fcff04002400b0b6da6c1009fab656390e092099e839
3900,3900,0,ecff0a00eeff100010000000ecfffcfffafffaffeeff1c000200d4ffdefffeff,120012000c000c00d4ff3e000a000a00f2fff2ff160046001c00eaffdcffccff,fcff1e001400f6ff2000deffe4fff4fffafffafffeff0c0040001000e6fff6ff,2000deffcaff4600fcffdcff240024001839f6097e99b239466d0e999eb6c06c
3901,3901,0,2a001a00deffeefff2fff2fffcff0c00daffdaffeeffeeff1200e4ff0e00eeff,1200f4ff0c00faff0000f2ff1a00faff04001400e8ff3600faff0c00ccff1c00,fcff9cffe6ff04000000100024001400eafffaff0c00feffeeff20000600f6ff,0000deff06000600fcff0e0054001400fa6c2699bab6866c9e09b2b66839020a
3902,3902,0,0a001a001000eefff2ff0000ecfffcffdafffaff1c00eeff12001200feffeeff,e4fff4ff0c00fafff2ff3e00eafffaffe2ffe2ff36002600fafffafffcffecff,2e000e002200040000000000f4ff0400eaffeaff0c000c00100010000600f6ff,eeff10001600f8ffecff0e0024001400960ab0b6323990090e999638306d3099
3903,3903,0,1a001a00000000000000f2ffecffecff0c00faff0c000c0040001200feff0e00,020002000c00faffe2ff2000faff1a00d2ffd2fff8fff8ffcaff0c009cfffcff,fcfffcfff6fff6ffceff2000f4ff14000800eaff0c00feff2000100006001600,deff10000600dafffcff0e00040054008699a838866cbe9942b5066dba0a2eb6
3904,3904,0,fcff1a001000ceff00001000fcffdcff0c000c004c000c0040003000feff0e00,02001200eaff0c00f2ff2e00faff0a00f2fff2ff06002600caff2c00ecffecff,2e009cff0400f6ff0000eeff04000400fafffaff0c002a000000000006001600,eeff3000dafff8ff4000cafff4ff240094b56a6d180b3eb68638720b70991638
3905,3905,0,1a00fcff10000000f2fff2ffecfffcffeaff0c00eeff0c0040004000eeff0e00,12000200eaff0c00f2ffd4fffafffaffe2ffe2ff0600e8ff1c00fafffcffecff,dcfffcff0400f6ffdeff10001400f4fffaff0800fefffeff0000000016000600,1000eeffdaff0600fcfffcff140004001838fe0bce997238566d2e99aeb5506d
3906,3906,0,fcff0a00000010000000f2ff0c001c000c00faff1c00feff400012000e00eeff,0200e4ff0c00fafff2fff2ff0a001a000400f2ff460026001c002c00ecfffcff,2e000e00f6ff140000000000e4ffd4ff0800dafffeff0c0000000000f6ff0600,6800deff16001600fcfffcff240024009a6da6996eb5946cc40b42b45637560c
3907,3907,0,fcfffcff0000eeffe2fff2ff0c000c00cafffaffeeff0c0002004000defffeff,120002000c000c00e2ffe2ff1a000a00f2ffe2ff06002600faff1c000c00ecff,0e001e00f6ff0400eeff100014000400faffeaffeeff0c00eeff100036000600,1000eeff1600f8ffcaff30001400e4ff320d04b58e37b80bce99b237806d9099
3908,3908,0,fcfffcff0000eeff2000f2fffcffdcfffaff1c000c000c00120022003e000e00,e4ff12000c00faffe2ffd4fffaff1a00e2ff040006004600faff0c00ecff0c00,dcff0e000400f6ff10001000f4fff4ff2800eaff0c000c002000100016001600,ceff10001600f8ff1e001e0014000400409ab236246d1e9af2b3386ebe0c80b4
3909,3909,0,1a00ecff10001000f2fff2ffdcffdcfffafffaff2c00feff12002200eeff0e00,e4ffd4ff1c001c002e00f2ff0a00faff14000400460054001c000c00ecffccff,0e000e00f6ff040020001000f4fff4fffaff1800feff0c000000eefff6ff0600,20002000caffe8ff4000fcff0400440096b38a6d760cceb4f236920c509a8e36
3910,3910,0,ecff1a000000deff2000f2ff0c000c00faff0c001c000c00f4ff40002e000e00,e4ffe4fffaff0c00d4ffe2fffafffafff2ff14000600c8ff0c002c00fcff1c00,1e009cff040014002000eeff040014001800eafffeff0c00000000002600f6ff,1000eeffdaff06001e000e00040024007236620dce9afe36e86da29a36b4906d
3911,3911,0,1a00fcff00000000f2ffe2ffecff0c00dafffaff2c00eeff02000200eeff0e00,e4fff4fffafffaff2e00e2ff0a00fafff2fff2ff360026000c00faff0c00dcff,0e000e0004002200000000000400f4ff0800eafffeff0c00200000000600f6ff,1000eeff0600f8ff0e001e0014001400266e809afeb3d46cf20de2b3be359e0d
3912,3912,0,1a001a00000000001000e2ff1c00fcffdaff0c000c00ceff220012002e000e00,f4ff12000c001c000000f2fffafffafff2fff2ffe8ff46003c003c001c00ecff,0e00fcfff6fff6ff0000100024001400fafffaff1c006600000000002600f6ff,deff10001600f8ffdcff1e004400f4ff6e0e56b35c36840fc29a2235c06da09a
3913,3913,0,fcfffcff1000eeffe2ffe2fffcffecfffaffdaff3c012c0030003000deff0e00,c6ffe4ff0c00faffe2ff2e000a000a00f2ffe2ff26001600eaff1c00ecfffcff,0e000e00f6ffe6ff100010001400f4fffaff08002a000c00deff10000600f6ff,eeff20000600e8fffcff1e0004001400b09a5635146d2c9b30b3286ea80e60b3
3914,3914,0,fcfffcffeeff000000002000ecfffcff0c00faff1c002c00f4ff1200eeff0e00,f4fff4ff2c001c000000f2fffaff1a000400e2ff360016001c001c002c00dcff,1e001e001400f6ff10002000040024002800eaff0c00eeff0000eefff6ff2600,00000000daff06001e00ecffd4ff0400e6b2266e4410b0b3e235d20ee09a7e35
3915,3915,0,0a000a000000eeff2000e2ffdcff0c00eaff0c002c002c00f4ff02000e00feff,d4ff0200faff1c00f2ffe2ff0a005a0014000400260054001c001c00ecfffcff,0e001e00f6ff0400eeffdefff4ff1400fafffaffe0ffeeff0000eeffe6fff6ff,0000eeffe8ff16001e00ecfff4ff24009434ee0eac9bee34186ec29ab4b2c06d
3916,3916,0,fcffecff00000000f2ff0000fcff0c00faffdaff2c000c0040001200eeffdeff,1200f4ff1c00faff2000f2ff0a00faff1400f2ff060026002c000c00dcffdcff,2e000e00f6ff1400300010000400f4ff1800eafffeff1c001000100006000600,0000ceffdaff0600fcff1e001400d4ff466e209b40b1246d720f70b29e34480f
3917,3917,0,fcfffcff2000eefff2ff0000ecff0c00daff0c00feff0c00f4ff0200eeff0e00,020002001c00faff20002e001a00faff0400e2ff160016001c000c00ccff2c00,dcfffcfff6ff04002000000014000400ccfffaff1c000c00eeffeefff6ff0600,ceff100016000600ecff30000400e4ff361026b280340a11429b6235306e009b
3918,3918,0,fcffecff0000eefff2ff3000dcffdcfffaff0c000c000c00020002000e00feff,02000200eafffafff2ff20000a004a000400f2ff460036000c00faffecfffcff,0e000e00f6ff2200eeff000014000400eafffaffeeffeeff000010000600f6ff,deff1000daffdaffdcff0e0014000400809b8434746dfc9b10b2786e081024b2
3919,3919,0,fcff0a001000eeff00001000ecff0c001c001c001c00defff4ffd4ffdeff3e00,020012000c000c0020003e000a000a00e2ff140036003600eafffaff1c000c00,0e000e00140014001000000004001400daffeafffeff0c00200000000600f6ff,000010001600f8ff1e00ecfff4ff64008cb1766ed81154b0f233620f609bc633
3920,3920,0,ecfffcff1000eeff00000000dcffecfffafffaffeeff1c00120002002e00feff,02000200faffeaff2e00e2ff0a00eaff2400f2ff2600f8ff3c000c000c00dcff,0e00ecfff6ff040000000000e4ff14000800faffe0fffeff2000000006000600,1000defff8ff06000e00ecff24001400e832e6105a9ce033586ef49b74b1206e
3921,3921,0,fcffecff00000000e2fff2ffdcfffcff0c00daff2c002c00f4ffe4fffefffeff,1200e4ff0c00eaffd4ffd4fffafffaff14000400360054001c00fafffcfffcff,fcff0e002200d8ffdeff00000400040008000800fefffeff2000deff16001600,3000eeff0600f8ffecfffcff4400f4ff766e009cd4af446df610acb126339211
3922,3922,0,fcfffcff1000ceffd2ff1000fcff0c000c00faff2c00eeffe4ff3000cefffeff,0200e4fffaff0c00e2fff2ff1a000a00e2ffd2ff060016000c002c00ecffecff,dcff2e00f6fff6ffeeff1000e4ff1400dafffafffefffeff000010001600f6ff,eeff00004600daff0e003000e4ffd4ff96110cb17033ce12f49be032606e129c
3923,3923,0,fcff2a0010001000f2ffe2ff0c00fcff0c00faff0c002c0012000200ceffceff,0400f6ff0c00eaff0000d4ff0a001a0024001400260046000c000c00dcfffcff,0e001e0014000400eeffeeff140004001800daff1c00feff0000eefff6ff2600,deff1000f8ffe8ffecff0e00e4fff4fff09b4832a46dea9cbcb0686ef21144b1
3924,3924,0,fcffecffdeff00002000e2fffcffecff0c00faffeeffeeff02001200deffeeff,1400e6ff0c002c0010002e00eaff1a00e2ffd2ff0600d8ff0c00faffdcffdcff,dcffdcfff6ff0400deff10001400f4ff2800dafffeffe0ff2000eeff0600d6ff,eeff0000daffe8ff0e00fcff04002400acb0766e9e1364af30324a12929c1a32
3925,3925,0,ecff2a0020001000e2ff0000dcfffcffbaff0c00fefffeff300040000e000e00,e6ff0400fafffaffe2ff20005a000a000400040026000600faff0c00ecff1c00,1e002e00d8fff6ffeeffeeff14002400080036000c000c00eeffeefff6ff2600,1000eeffbaff16000e00ecff040004002e317012fa9c7032a86e549c0ab0706e
3926,3926,0,1a000a00eeffeeff0000f2fffcfffcff1c00daff0c00deff0200f4ffeeff2e00,f6fff6ff1c00fafff2ff2000fafffaffe2ff04001600e8ff0c000c00ccffdcff,fcfffcfff6ff04000000000014001400faff0800fefffeffeeffdeffe6ff0600,0000deff4600f8ffecff1e0024000400966e7e9cc4aea46daa1288afaa31a212
3927,3927,0,fcff1a0000000000f2fff2ffecfffcff0c00faff1c004c0030001200fefffeff,f6fff6ff1c001c00e2fff2ff0a004a00f2ff04003600f8ff0c000c00dcffdcff,fcfffcff0400f6ffdeff100014001400daffeafffefffeff10001000f6fff6ff,eeffeeff1600baffecff30002400f4ff00131cb000325e14d49c2032806eda9c
3928,3928,0,1a001a001000cefff2ff0000dcffecffdafffaff0c000c0040004000feffdeff,f6ffd6ff0c001c0000000000eaff1a00f2fff2fff8ff36000c00faff1c00fcff,0e00ccff140004000000eeff0400a4ffccffccfffeff1c000000eeffe6ff1600,deff00000600caff0e001e0004001400429d8e30e26d5a9db8afd86e8e1390af
3929,3929,0,ecfffcff10001000e2fff2ff1c000c001c00faffdeff1c00020022002e00feff,d6ff1400fafffafff2ff3e001a00faff0400e2ffc8ff2600eaff0c00fcff0c00,fcfffcfff6ffe6ff00000000140034000800fafffeff0c00eeff1000f6ff0600,eeff1000e8ff06001e000e003400540066afd66edc14f6ad0c312a136a9d1a31
3930,3930,0,ecff1a000000000000000000dcff1c000c00eaff2c000c00f4ff12000e002e00,f6ff24000c001c000000d4ff0a000a00040014000600d8fffaff0c00fcffecff,0e001e00040014000000eeff04000400eaffdaff0c000c002000deff0600f6ff,3000deffdaff06001e00baff040024001e30d013aa9d6c31c86e989ef0aeb86e
3931,3931,0,1a000a0010000000e2fff2ffecfffcfffaff0c002c012c00120002002e004e00,e6fff6fffafffaff00000000daff5a0004001400d8ffd8fffaff0c001c002c00,0e00fcff0400e6ffdeffeeffe4ff04001800faffeeff0c0020002000e6fff6ff,0000deff06002400ecff0e002400e4ffd66ec29df6ad8a6e2c1448af0a305e14
3932,3932,0,0a00fcff0000eeff10001000fcfffcfffafffaffeeffd2fe12001200feff1e00,0400f6fffaff0c00f2fff2ff0a000a0014001400f8fff8ff2c00eaff0c00dcff,0e00dcff14000400eeffeeff14001400daff0800feff0c0000000000f6fff6ff,deffdeff1600f8ffdcff30002400f4ff2c15e6aeec30cc15b49d982f906eaa9d
3933,3933,0,0a001a0000000000f2fff2ff2c00fcff0c000c00eeff1c00120002000e00feff,f6fff6fffafffafff2fff2ff1a000a0014001400c8ff2600caff2c00fcffecff,0e00ecff1400f6ffeeffdeff140014000800faff1c00feff0000300036000600,deff20000600dafffcff0e00e4ff1400809e882f7a6e3a9e68aee86e7615b8ae
3934,3934,0,fcff0a00eeffeeff00001000fcfffcffcaff0c000c00feffd4ff12002e002e00,140014001c001c00f2ff00000a001a00f2ff1400f8ff06002c00eafffcff0c00,ecffecff0400f6ffdeffeeff140014005600eaff1c00eeffeeffdeff16000600,100010000600daff40000e00e4ff740066ae066fda1638ad842e68163a9ee02e
3935,3935,0,ecff1a00eeffeeff1000f2fffcff0c000c000c002c000c00020002000e00eeff,f6ff1400eafffaffd4ff2e00eafffafff2fff2fff8ffe8ff2c00faffdcfffcff,1e00fcfff6fff6ffeeff000004001400eafffafffeff0c003000100016000600,2000eeffdaff46000e00fcff04004400d82e18162a9ea62ff86ed89eb8ad426f
3936,3936,0,bcfffcff20001000f2ff1000ecffecffeaffeaffdeff3c01020012002e00feff,0400e6ffeafffaff0000f2fffaffeaff0400f2ff540036000c000c00dcffccff,dcfffcfff6ff14000000eeffd4ff0400daffeafffefffeff0000000006000600,0000defff8ff0600fcff0e0014000400d66ea09ea8acba6e881688ad682e5616
3937,3937,0,fcff1a000000defff2fff2ff1c000c00faffcaffdeff0c0002000200fefffeff,0400f6ff1c00eaffd4ff00005a00faff04001400360046000c000c00fcff0c00,dcffdcfff6fff6ff000010002400f4fffaff0800feffeeff10003000f6ff0600,0000eefff8ffe8ffecff300014001400ba169aad562fb817589f942e526f9a9e
3938,3938,0,2a00ecff2000eefff2ffe2fffcffdcff0c00faff0c002c000200f4ffeeff2e00,140014001c001c00f2ffd4ff0a000a000400f2ff36001600faff0c00ecffdcff,1e000e00040004000000000014002400faff08001c00d0ff00002000e6ff1600,ceff20000600e8ff1e00ecffd4ff0400109fac2d8a6e669f28add86e0e1768ad
3939,3939,0,1a00fcff00001000e2ff0000fcffecff0c00faff2c00feff40000200eeff2e00,f6ff04000c001c00e2ffe2ffdafffaff1400f2ff460026000c00faffdcff1c00,0e00fcfff6fff6ff100030000400f4fffaff28001c001c0010000000e6fff6ff,00001000e8ff06000e00fcff0400f4ff3aad066f981858ac242d1817029fb82d
3940,3940,0,dcff1a00eeff000000000000ecff0c00daffcafffeff2c0012000200eeffeeff,140014000c00eaffe2ffe2fffaff0a00c0fff2ff260006000c00faff0c001c00,fcfffcff2200040020000000040004002800fafffeff0c0020002000f6fff6ff,0000eeffcaff1600fcffdcff1400f4ff1a2d5018669fb82e386f6ca090ac726f
3941,3941,0,fcff0a00eeffeeffe2ff0000ecfffcfffaffcafff2fe3c000200f4fffeff0e00,f6ffd6fffafffafff2ffe2ff0a005a00f2ff0400e8ff46000c000c00fcffdcff,fcfffcff040004000000200024000400360008000c00e0ffdeff000016000600,1000ceffdaff1600fcff0e0004001400266f809f20abba6e5c1808ad182d2e18
3942,3942,0,0a00fcff0000eefff2fff2fffcffecffeaff0c000c002c00e4ffd4ffeeff1e00,f6ff14001c000c00f2ff00000a001a000400f2ff46002600faff0c00acffdcff,0e00dcff1400f6ff00000000f4fff4ff280028000c00eeffeeff2000d6fff6ff,ceff20004600f8ffecff0e00f4fff4ff3018a8ac882e20196ca0242c526fa29f
3943,3943,0,dcff0a00000010002000f2ffecffecff0c00faffceff0c000200d4fffeffeeff,f6ff0400eaff1c00f2ff3e00faff2a000400f2ffc8ffe8fffaff0c00fcffdcff,1e00fcff140014002000100014000400fafffaff2a000c000000eefff6ffe6ff,deff1000e8ffe8ff1e000e00e4ff040006a09a2cba6ef69f88ac486f2e1850ac
3944,3944,0,fcfffcffeeff0000e2ff0000fcffccff0c00faff0c00eeff0200f4ff2e002e00,e6ffe6ff1c001c0020002e000a00faff04000400f8ff1600faff1c00ecfffcff,fcff2e00140004000000200004001400eaff2800e0ff1c0020003000f6ff0600,eeff0000f8ff06001e00dcffe4ff1400e4ab566f461a18abf42b3c19d29f602c
3945,3945,0,0a00fcff10000000f2fff2ffdcfffcffdaffeaffeeff0c000200f4ff0e004e00,1400e6fffafffaff0000f2ff1a00fafff2fff2ffe8ff36001c00faff0c002c00,9cff0e00d8ff04000000eeff14002400faff2800feffeeffeeffeefff6ff1600,1000eeffdaff06000e00dcff14002400a62b6019e69fb82d486f8ca080ab626f
3946,3946,0,0a000a00000010000000f2fffcfffcff0c001c00feff1c011200f4ffdeffeeff,140024000c001c002e00f2ff1a001a00e2ff1400060026001c000c000c00dcff,0e001e002200140010000000f4ff2400faff18000c00feff2000eeffe6fff6ff,0000deff4600f8fffcfffcff0400e4ff666f96a042aaaa6e101aa8abe02ad019
3947,3947,0,1a000a00000000001000f2ff0c000c00eaff1c001c00eeffd4fff4ff0e00eeff,04000400fafffaff0000e2ff5a001a00f2fff2fff8ff16002c002c00dcff0c00,8cff0e001400220020000000e4ffd4ff0800daff0c001c0010002000f6ffe6ff,eeff00001600e8ffdcff30002400b4ff4a1ad4ab882d841aeca0a42b926f22a0
3948,3948,0,ecff1a0000000000f2ff0000dcfffcfffaffcafffefffeff02001200eeff0e00,f6ff0400fafffaffd4ff2e006a00faff14002400f8ff36001c002c00ccffecff,dcff0e001400e6ff00000000f4ff1400daff18000c000c00eeff3000f6ff1600,ceff10000600dafffcff1e0004000400b6a0462bea6e46a0a8ab686f501a20ab
3949,3949,0,dcff0a0020000000000010001c000c00fafffaff0c00deff020002000e000e00,f6ff04001c001c002e00e2fffaffeaff04001400460054000c000c00ecfffcff,0e000e0004000400eeffeeff040014002800faff0c00eeffdeff000006000600,eeff3000dafff8ff1e00ecfff4ff4400a4aa766f741bd2a99029101ac4a0202b
3950,3950,0,0a00dcffeeffeeff0000f2ff0c00ecfffaff1c000c00eeffe4ffe4fffeff0e00,04001400fafffaffd4ff2000fafffaff14001400060026002c00faffecffecff,fcff0e000400f6ff0000000004002400fafffaff0c000c00eeff2000f6ff0600,2000eeffcaff64003000dcff140024005429fa1af6a0882db86fbca154aa926f
3951,3951,0,0a000a0000000000f2ffe2ffccff1c000c00caffeeffe0ffd4ff1200feff0e00,140014001c00fafff2fff2ff1a000a00e2ff04004600d8fffaff0c00ecfffcff,9cff0e000400140000001000140004002800ccffeeff1c000000eeffc6ff1600,1000cefff8ff16001e00ecff1400d4ff766f26a162a9fa6e801bb6aa5429221b
3952,3952,0,fcfffcffeeff200000000000fcffecfffafffaffeeff2a00020002000e00eeff,f6fff6fffaff1c0020004c000a00faff0400d2fff8ff1600faff0c00ecffdcff,9cfffcff0400140000003000140024001800eaffeefffeff300020000600e6ff,0000eeff16000600fcff40002400d4ffaa1baaa98c27541c80a2cc27926f24a1
3953,3953,0,1a00ecff1000eefff2ffe2fffcfffcffdaffcaff0c00eeff0200d4fffeff0e00,0400f6ff1c000c002e00d4fffaff0a00f2ff0400e8ff26000c001c00ecffecff,1e000e00e6ffd8ffeeff000014001400daffeafffeffe0ffdeff1000f6fff6ff,beff10000600dafffcfffcff04004400a6a1c4280a6fd6a1b2a9886f521c14aa
3954,3954,0,fcfffcffeeffdefff2ff0000ecff0c00faff1c00eefffeff02001200feff0e00,f6fff6ff2c001c00f2ffd4ff1a00fafff2ff2400160006002c000c00fcffdcff,9cfffcfff6ffd8ff1000eeffa4ff04002800eafffeff0c002000eeff0600f6ff,00001000e8ffe8ff1e000e00f4ff04008aa9766f541d02a98028321d94a1f428
3955,3955,0,fcfffcff00000000e2ffd2ffecfffcfffafffafff2feeeff40003000eeff0e00,14002400eaff1c00d4ffd4fffaff0a00f2ff14000600e8ffeafffaffbcff0c00,0e001e0004002200eeffcefff4ff0400ccffeaff0c00feffeeff20000600f6ff,3000eeffdaff46000e00dcff140034000428fc1c34a28c27486f60a284a9c26f
3956,3956,0,ecffbcffeeff2000e2fff2ff0c00fcfffaff2c001c00eefff4ff0200feffceff,040014000c000c00e2ff2e001a00fafff2fff2ff1600f8ff0c001c000c000c00,0e00ecff22001400deff1000240004000800eafffefffeff100000000600f6ff,0000beff16000600ecff0e001400f4ffbc6f30a212a83a6f221dd2a8da27aa1c
3957,3957,0,0a00fcff20000000100010001c001c00dafffaffeeffeeff3000e4fffeff0e00,1400f6fffafffafff2ffe2fffafffaff0400e2ff1600e8ff0c00eafffcffccff,ecfffcfff6ff0400eeffdeff040004000800dafffefffeffeeff000006000600,deff10001600daffecff3000f4fff4ff8c1d0aa92c27821dd0a2bc27c26f64a2
3958,3958,0,fcffdcffdeff0000000010001c00fcff1c001c00d0fffeffe4ff02000e000e00,1400e6fffafffafff2fff2ff0a002a00f2fff2ffe8ffd8ff0c00fafffcffecff,fcff3e00f6ff0400eeffceff24001400280028000c001c0000002000f6ffe6ff,eeff3000e8fff8ffecff1e0024000400b0a2de263a6f16a2a2a8586fda1d24a9
3959,3959,0,dcffecff1000eeff2000f2ff1c00fcffdaffcaff2a00eefff4ff12000e000e00,040014000c00faff2e000000caff1a0004002400f8ff06000c00eaffecffdcff,dcff0e002200f6ff10001000d4ff0400fafffaff0c00feff20001000e6ff0600,deff6800e8fff8ff0e00fcfff4ff14009aa8bc6f701ea4a74c26421e74a23a27
3960,3960,0,fcfffcff00000000f2ff0000ecffecfffafffaffeeff0c0040000200eeffeeff,e6ffe6ff0c00faff3e00f2ff1a00fafff2ff0400c8fff8ff0c000c000c00ecff,dcfffcff0400140010001000140094fffafffafffeff0c0020000000f6fff6ff,2000deffdaff46003000ecff040004006e267a1ef4a2b025c86f50a33aa8d26f
3961,3961,0,0a00fcffeeff1000f2fff2fffcffecffdaffcaff2a00d0ff3000f4ff0e000e00,0400f6ff1c00faff200020000a00daff2400f2ffd8ff06000c001c00fcff0c00,1e00dcff0400f6ff0000100004000400fafffaffeeff1c002000200006002600,6800ceffe8ffe8ff1e00fcff34000400cc6fd0a214a7ea6e021fb2a89a267a1e
3962,3962,0,ecfffcff00000000e2ff00000c00fcffeafffaffeefffeff0200f4fffeffeeff,2400f6fffaff1c00c4ff20001a001a00f2ffe2ff2600f8fffaff0c00dcffccff,dcfffcff040014001000cefff4ff040036000800fefffeff0000eefff6ffe6ff,0000000036000600ecff1e00040024004a1feaa77025601ff2a3ac25b26f20a3
3963,3963,0,fcfffcff10000000f2ff00000c000c00faffdaffeeff1c00e4ff0200eeffeeff,040024000c000c00e2ff0000faff0a00f2ff0400360016000c00faffccff2c00,fcff0e00f6fff6ffceff000024001400faffeaff6600eeff00001000e6ffe6ff,deff20001600e8ff0e000e00f4ff040080a3a0256a6f64a342a8a86f521feaa7
3964,3964,0,ecff0a000000eeff20002000fcff0c00fafffaffeeffe0ff12001200feff0e00,1400f6fffafffaffe2ff2e000a00faffd2ffd2ff06006400eaff0c001c001c00,fcffecff040014001000100014000400faffccfffeff0c0020000000f6ff0600,eeff0000e8ffdaff3000fcffe4ff1400caa7cc6fe01f04a75c25362080a3c825
3965,3965,0,1a00bcffeeffeeff00000000fcff0c001c00eaff2a002a0002005e00eeff1e00,04000400faffdaffd4ff2e00fafffaff36000400060036000c00faff1c000c00,0e00fcff1400f6ffdeff1000040004003600fafffefffeff2000deffc6fff6ff,1000deffcafff8ffecffecff040004008024102094a3d024886f22a470a7b26f
3966,3966,0,fcfffcffeeff00000000e2ffecfffcff1c00fafff2fe1c00e4ff02000e00feff,14001400fafffaffe2ff0000eaff0a000400f2ff06000600faff0c00fcff1c00,fcff0e00f6ff14000000eeff04000400360018001c000c0000002000d6fff6ff,2000deffe8ff4600ecffecff04000400cc6fb0a3f6a5fa6e56201ea718257420
3967,3967,0,0a000a0000001000e2ff10000c001c00eafffaff1c00eeff020030000e000e00,140014001c00faffe2fff2fffaffeaff14001400160046000c000c00fcffacff,9cffdcff0400f6ff000000001400f4ff180008000c000c00eeffeeff0600e6ff,deff00001600e8ffdcff0e00e4ffc4ffc020a4a68024ee20eea43c24c26ff0a3
3968,3968,0,fcffecffeeff0000f2ff2000ecffdcff0c000c00eeff02ff12003000feffeeff,14001400faff1c0020003e000a000a0014000400360006000c00cafffcffacff,dcff1e00040004002000100014000400faff0800e0ff0c0010003000d6ff1600,ceffdeff1600f8ff0e000e00f4ff040020a4dc23ca6ed8a41ea7886f142198a6
3969,3969,0,ecff2a000000eeffd2fff2ff0c00ccfffaffbaff1c00eeffe4ff02000e00feff,f6ffd6fffaffdafff2ff20000a000a001400f2ff060016000c001c00ecfffcff,0e000e00f6fff6ffeeff000004001400fafffaffeeffeeff000010000600f6ff,10001000e8ffe8ff1e00fcfff4ff240074a61c70bc2106a62a230621c8a41024
3970,3970,0,fcff0a00deff10000000f2ffecff0c000c001c00f2feeefff4ff0200deff2e00,240004000c000c000000d4fffaff1a00d2ff0400160054000c00faffdcfffcff,fcff1e00f6fff6ff1000eeff14002400fafffaff66000c0000003000f6ff0600,30000000daff54001e00ecff04002400ca22302188a47023fc6fcea578a6d26f
3971,3971,0,1a000a0000000000f2ffe2ffecffecff0c00faffeeff0c00f4ff1200feffceff,040004000c000c00e2ff3e000a00faff04000400d8ff26000c000c000c00ecff,1e000e00140014000000100004000400fafffaff1c000c0000001000f6ff0600,1000eefff8ff0600dcfffcff0400c4ffec6fbea4a6a51a6f6a227ea65023e421
3972,3972,0,0a00dcffdeff0000f2ffe2fffcffbcfffaff1c00d0fffeff0200e4fffefffeff,04001400fafffaff2e0020000a00fafff2fff2ffd8ffe8ff1c000c00dcffdcff,fcff0e0004000400100010000400f4ffbcffeafffeff0c00000020000600e6ff,eeffeeff46000600ecff3000f4ffe4ff1a2298a542226222bea53a22c26f18a5
3973,3973,0,fcff0a0020001000f2fff2ff1c00fcffdaffcaffeefffeffe4ffd4fffeff0e00,f6fff6ff1c00faffe2ff2e00faff5a001400f2ffd8ff3600faff0c00ecff1c00,fcfffcff0400f6ff00001000d4ff14002800fafffeffeeffeeff0000f6fff6ff,deff10000600cafffcff30002400240086a57a222a6f56a5fea5986f8422c8a5
3974,3974,0,fcfffcff10000000f2fff2fffcffdcfffaff0c00ceffe0ff2200f4fffefffeff,f6fff6ff0c00fafff2fff2ff0a00faff14001400f8ff26000c00daffecfffcff,ecff0e0022001400100000001400a4ff1800faff0c00feff000000000600f6ff,eeff2000f8ffdaff1e00fcff0400140066a5cc6f022366a51a220a23c8a54422
3975,3975,0,fcffecff10000000e2ff0000ecff0c00faff0c00eeffdeffd4fff4ffeefffeff,0400f6ff0c00faffe2ffd4ffdaff1a000400e2fff8ff36000c00caffecfffcff,0e008cfff6ff0400000020000400e4ffdaff0800fefffeff10000000e6fff6ff,0000defff8ff1600fcffcaffe4ff040080210a23e6a57c21986f1ea628a5b26f
3976,3976,0,ecff0a000000eefff2ffe2ff1c00fcfffafffaff0c00eeff02000200eefffeff,e6ff1400faffeaff4c0000000a00fafff2fff2ff3600f8ff0c00eaffecff0c00,fcff8cff140004000000000014001400280008001c00e0ff00003000f6fff6ff,1000eeffe8ff1600fcfffcff0400d4ff866fb8a5c8a45a6f5a232ea594215023
3977,3977,0,fcfffcff1000eeff1000f2ff0c00fcfffaff1c001c00eeffe4ffe4ffeefffeff,1400e6ffeafffaffe2ffe2ff1a000a00f2fff2ff16000600eaff1c001c00fcff,ecff1e00f6ff1400000020001400140028002800feffeeff0000eefff6ffe6ff,deff00004600caffbaff1e000400d4ffda2340a48c21e023eea67621e26ff8a5
3978,3978,0,1a00fcff00000000f2ffe2ff1c00ecfffafffaffeeff0c00f4fff4ff0e00eeff,14001400faffdaffe2ffe2ff0a00fafff2fff2fff8ff06000c002c000c00fcff,fcff9cff0400f6ffeeff000004001400180028001c00feff0000eeff0600f6ff,deff58001600cafffcff0e001400140014a79020fa6e16a63ea5a86fc824e8a4
3979,3979,0,fcff0a0010000000f2ffe2fffcfffcffdaffeaff0c00feff1200f4ff0e000e00,f6ff1400eaff0c00e2ffe2ffeaff0a00d2fff2ff1600c8ffeaff0c000c000c00,0e00ecfff6ff220010001000f4ffd4ffdaffeaffeeff1c0000001000d6fff6ff,eeff3000f8ff06000e00fcffe4ff2400f0a3cc6f9024f8a34620bc2358a68420
3980,3980,0,fcfffcffeeff100000001000ecfffcfffaffdaffdeff0c001200e4ff1e00eeff,0400f6ff0c00faff0000e2ff0a00faffe2ffe2ffe8ff16001c00faffdcfffcff,0e00fcffe6fff6ffdeff200014000400faffeaffd0ff0c001000eeffd6fff6ff,3000deffbaff54001e00fcffc4ff0400d01f202596a60820c86faea730a4d26f
3981,3981,0,ecfffcff00000000e2ffe2fffcfffcfffafffaff2c00deffe4fff4ffeeffdeff,140014001c001c00e2ff00000a000a00f2fff2ff060006000c002c00dcffccff,1e00fcfff6fff6ff100000002400140008002800eeffeeffeeffceff06001600,2000eefff8ff0600fcff0e0044000400bc6ff4a688a32a6f1e25aea4721f8825
3982,3982,0,1a00fcff0000eeffe2ffe2ff1c002c00faffeafffeffeeffd4fff4ff2e000e00,14000400eaff0c00f2ff3e001a000a0014000400f8ff46000c000c00fcfffcff,fcff0e00140014000000000004001400faff2800e0fffeff0000000006001600,000000001600e8ffbaff1e006400d4ff3e2660a3301fc0256ea7e21ed26f20a7
3983,3983,0,ecff2a000000eeffd2fff2fffcff0c00faffdaff1c002c0022000200feff0e00,140014000c00fafff2ffe2fffaff0a00140014003600f8ff0c000c00ccff0c00,0e00dcff0400f6ff1000eeff04001400faff0800eefffeff00004000f6fff6ff,ceff30000600dafffcff1e000400c4ffdaa71a1f4a6f44a72ea4886fa825b0a3
3984,3984,0,0a00fcff00000000f2ff0000ecffccfffaffdaff1c00eeff30004000eeffceff,d6fff6fffaff1c00e2ffe2fffaffeaffe2ffe2ff26002600eaff0c00ccffecff,0e00fcfff6ff0400100000002400140028000800eefffeff1000300016000600,deffdeffdaff160040001e00d4ff140000a3466f502548a3b21ebc26b0a78a1e
3985,3985,0,1a002a000000eeffe2fff2ffecff0c001c00daff1c00eeff02004000feff0e00,240004000c000c00e2ffd4fffaff4a00f2fff2fff8ff1600faff1c00dcff1c00,0e000e000400e6ffdeff0000040024002800dafffeffe0ffeeffeeff16002600,5800eeffdafff8ff0e00fcff140024005a1ede2674a7501e786f22a880a3c26f
3986,3986,0,fcff0a001000eeffe2fff2ff2c000c000c00daffeeffeeff02002200feffdeff,1400e6ff0c00faff0000f2ff0a00faff14001400e8ff16000c000c00ecff0c00,0e00fcff0400e6ff2000100004000400280008000c001c00eeffeeffe6ffd6ff,1000cefff8ff0600ecff1e0024001400bc6f2aa818a33a6fdc2630a3ba1d1a27
3987,3987,0,dcff0a00100020001000f2ffdcfffcfffafffaffe2fe0c00300012000e00eeff,040004001c001c00f2ffd4fffaff1a00d2fff2ff060026000c002c00fcffecff,fcff0e00f6fff6ff0000eeffe4ff0400daffeafffeff1c0010001000f6ffe6ff,100010001600f8ffdcff0e00040004003e27a0a2e21d0c2782a8521eb26f0aa8
3988,3988,0,dcfffcff0000eeff000000001c00ecfffaff0c000c001c0012003000deff0e00,04000400fafffafff2ff3e002a00fafff2ffe2ffe8ff36000c00faffdcffccff,1e008cffe6ff1400100030002400f4ffdaffeafffeff0c00400050000600f6ff,ceffeeff0600daff0e001e0024000400daa85c1dfa6e62a8e0a2786f7a27b4a2
3989,3989,0,fcff0a001000eeffe2fff2fffcff0c000c00cafffeffdeff0200e4fffeffeeff,04001400daff0c00e2ff0000faff1a00040004000600f8ff0c002c001c002c00,fcff1e000400d8ffeeffdeff14000400eafffaff0c00feffceffdeff06003600,00000000f8ffdaff0e000e002400140030a2cc6f8c2734a2f21c1c2714a96a1d
3990,3990,0,2a000a000000defff2fff2ff0c001c00cafffaff0c00e2fe120012002e00deff,140004000c000c000000e2ff0a00faff0400f2ffd8ff16000c000c00dcff0c00,dcff1e00f6ff0400eeffdeff04001400faff0800eefffeff3000eeffd6fff6ff,1000eeffbaff54000e00fcff14000400ac1c7428b2a8841c786f42a974a2926f
3991,3991,0,dcfffcff00001000f2ffc2ffecff0c00caff0c00defffeff12000200ceff0e00,040014002c00daffe2ffe2ff0a001a000400d2ff0600f8fffaff0c00ecffdcff,dcfffcff1400f6ffeeff0000340014000800faffe0fffeff2000eeffe6ffe6ff,eeffceff06001600dcfffcff1400f4ff866f6aa9c6a10a6f5028a0a2621c3429
3992,3992,0,1a00fcffeeff10002000f2ff0c000c00fafffaffeeffe2fe020050002e00deff,1400e6fffafffaffd4fff2ff0a00faff0400d2fff8ff26002c002c00fcffdcff,fcffecffe6ff140000004200040004001800eaffeefffeff20002000f6ffd6ff,eeffeeff36000600dcff4000f4ffb4ffa428b6a1341c9c28c2a9501bd26f64a9
3993,3993,0,dcff0a000000eeffd2ff2000ecff0c00daff1c001c000c0012003000eeffeeff,d6ff1400faff0c00f2fff2ff1a000a001400f2ff2600d8ff0c002c00fcffdcff,0e009cff1400e6ff1000000004003400180008000c00e0ff0000000006001600,beff68001600caffecff0e002400240024aa181cfa6e72a99ca1586f4429f4a1
3994,3994,0,fcff0a001000deffe2ffe2ffdcffecffeaff0c00fefffeff300002001e000e00,e6ff14001c00faffe2ffe2ffeaff4a001400f2fff8ffe8ff2c000c00ecffecff,fcff0e001400040010000000f4fff4fffafffafffeffeeff00002000d6ffe6ff,eeff2000f8ff16001e000e001400140036a1566fca2936a1101b342a04aa621b
3995,3995,0,fcff0a00eeff0000f2ffd2ffdcff1c00fafffaffeeff3c0002000200feff0e00,f6ff24000c000c00f2ffe2ffeaff0a00f2ff04000600f8ff2c00faffccffdcff,fcfffcff1400040000000000e4ff0400eafffaff1c00feff0000eeffe6ffd6ff,0000eefff8ff16000e00caff04004400aa1a9429a2a9e41b586f46aa24a1926f
3996,3996,0,fcfffcff000000000000e2ff0c000c00faffdaff0c000c0030000200eeff2e00,14000400faff1c003e00f2ffeafffaff04000400d8ff06001c002c00dcfffcff,fcfffcff1400140010001000040004000800eaffe0fffeffeeffeeff2600f6ff,0000ceffe8ff46001e001e0044001400366f74aad6a0ca6ec029a8a0221bd429
3997,3997,0,ecfffcff00002000f2ff1000ecfffcfffaff1c00fefffeffe4fff4ff0e000e00,14001400eaff0c00d4ffe2ff1a000a002400f2ff16001600faff0c00ccfffcff,2e000e00f6fff6ff0000000014001400180028000c00eeffeeff200026000600,200010005400dafffcff1e00140004004e2af6a0841a7a29f6aaa01ab26fd4aa
3998,3998,0,1a00fcffeeffeeffe2ff0000ecffecfffaffeaff2c000c001200e4ff0e00feff,f4fff4fffafffaff0000e2fffaff0a00e2ff0400360016002c00eaffecffacff,0e000e00040004000000ceffe4ff0400fafffaff1c000c000000eefff6ffc6ff,ceff20004600f8ffdcfffcff2400040014ab0a1a4a6fb2a948a0486ff02af4a0
3999,3999,0,fcffecff1000eefff2ff00000c001c000c000c002c002c00020012000e00eeff,f4fff4ff0c000c002e00f2ffdaff1a000400f2ff360016002c000c00acffecff,fcff0e0014000400eeff0000f4ff1400eafffaffeeff1c00eeffeefff6ffe6ff,00001000060006003000fcfff4ff040056a0666f222bd6a05c19942ae4aab019
4000,4000,0,0a00ecff000010001000f2fffcffecff0c001c003c014c00300022001e00feff,f4fff4fffaff1c00f2ff20000a00faffe2ff1400e8fff8ff0c001c00dcffacff,0e000e00e6ff1400100000000400f4ff28002800feff0c0040005000f6ff1600,1000eeffbaff46001e00fcff040024000019fe2ac2aad019486f56aba4a0826f
4001,4001,0,fcffecffeeff200020000000fcffecff0c00caff2c000c000200f4fffeff0e00,e4fff4fffaffeaffe2fff2ff0a001a00e2ff0400f8ff2600faff0c00ecffccff,1e001e00f6fff6ffdeff000004001400eaff1800e0fffeff1000000006002600,3000deff06000600ecffecff44001400066f34ab16a0fa6e882c78a06019802b
4002,4002,0,0a001a001000eeff000000002c001c00fafffaff0c001c0030001200defffeff,120002000c00faffe2ffe2ff0a001a00f2ff04001600d8ffeaff0c000c00fcff,ecff1e00140014000000eefff4ffe4fffaff4600e0ff2a0020001000f6ffc6ff,eeff000046000600dcff0e000400e4ff7e2bf69ff018182e38ac1c18626f80ab
4003,4003,0,dcff0a00100000000000f2fffcfffcfffaffdaff1c002c00f4ff12000e002e00,f4ff1200faff0c00000000000a001a00e2ffe2ff360026000c002c00ecffecff,0e00ecff14001400eeff1000f4ffa4ffdafffaff0c00eeff000040000600f6ff,ceff30004600e8fffcfffcff1400240078ac1018da6e00ab749f386fb62c22a0
4004,4004,0,fcff1a00eeff0000f2fff2ff0c000c001c00faff4c002c00f4ff12000e000e00,0200e4ff0c002c00f2ff2e000a00faff2400f2ff060036001c00faffdcffdcff,ecff0e000400f6ffeeff000014001400eafffafffeffeeff000010000600e6ff,deff1000caffdaff1e001e0044001400b09f166f982ec69f3c17482df0ab8018
4005,4005,0,fcff1a000000000010002000ecff1c00faffeaffeeff0c002200f4fffeff1e00,12000200fafffaffe2ff00000a00faffe2ff1400c8ff46002c000c00ecfffcff,3e000e0014000400eeffdeffd4ff140008000800e0ff0c00eeffeeffe6ff2600,2000eeffdaff0600ecfffcff44005400c0171c2c60aba018286fe8acd29f726f
4006,4006,0,0a000a00eeff0000d2ffd2ffecff0c00caffcaffeeffeeff020002002e000e00,1200e4fffafffaffe2ffe2ff1a001a00f2ffe2ff160036000c000c00ccffecff,0e000e0004000400eeff1000e4ff0400daffeaff0c001c00eeffdefff6fff6ff,1000deffe8ff0600dcfffcff24001400166fd8ac769faa6e682d949e7e17562d
4007,4007,0,0a00ecff00000000e2fff2fffcffdcfffaffdaffceffeeff300012000e00deff,02000200faff1c0000000000dafffaff0400f2ff16000600faffcafffcffacff,0e000e00f6ff1400deff000014000400eaff0800feff0c002000eeff0600f6ff,deff10001600f8fffcff0e001400d4ff522d209f9a17262f28ad2c17526f80ac
4008,4008,0,0a00ecffeeffdeffe2ff0000ecfffcfffaffdaff2c000c0012005000eeffeeff,f4ff0200eaffeaffe2ff3e000a001a00f2ff040036003600eaff4c00dcffdcff,fcff1e00f6fff6ff0000deff140004000800fafffeffe0ff000030000600f6ff,eeff00000600e8ff0e0030000400e4ff1aadca16ca6ed0abe49ef86eea2d129f
4009,4009,0,fcff1a000000eeffe2ff0000ecfffcff0c00daff2c000c0022002200deffeeff,f4fff4ff0c00faff2e00e2ffeaff1a0004001400060006000c002c000c000c00,0e001e000400f6ffdeffdeff04000400360008001c000c00eeffeeffe6ff2600,20003000f8fff8ff1e00ecffe4ff5400f09ef66ee62fd89e6c15082e08ad1e17
4010,4010,0,fcff1a00eeff00000000f2fffcff0c000c000c001c000c00120002000e003e00,f4ff0200eaff0c002000e2ff0a00eafff2fff2ff1600f8ff0c001c00dcfffcff,9cff3e0004000400200000000400f4fffaff08001c000c002000eeffd6ff0600,10001000f8ff4600fcfffcff140024006816ae2ef8acba16186f78aeca9e426f
4011,4011,0,1a001a00eeff300010000000ecff1c00faffcaff0c00feff2200e4ffeeffeeff,e4fff4ff1c000c00f2ffe2fffaffeafff2fff2ffe8ff26000c002c00bcffecff,9cff1e00f6ff14002000eefff4fff4ffeaffdaffeeff0c00000020001600f6ff,1000beff16004600fcff0e00f4fff4ff066fbaad5a9e5a6e482f849e9615102f
4012,4012,0,0a00ecff00000000d2ff1000fcffecfffafffaffeeff1c00f4ff12000e00feff,1200f4ffdafffaff0000f2fffafffaff04000400f8fff8fffafffafffcffdcff,1e002e000400f6ffdeff100004001400dafffaff0c00e0ff2000100036000600,deffeeff0600e8ffdcff0e004400e4ff482f709eac15ac3058aefc13026fb8ad
4013,4013,0,0a000a002000eeffe2ff00000c000c00faff1c000c00deffe4ff0200eeff1e00,f4ff22000c00dafff2ffe2ffeaff0a0014001400160036002c000c00fcff0c00,fcfffcff14001400deffeeffe4ff0400eafffaff0c000c00eeffeeff06000600,eeff20000600dafffcfffcff24001400e6aeec147a6eb8ad749df86ec02f6a9e
4014,4014,0,1a001a00eeffeefff2fff2fffcffecff0c00daffe2fecefff4ff12003e001e00,1200f4fffafffafff2ff00000a00faff0400140006003600faff0c00fcffdcff,fcff0e00f6ff0400deffeeff04001400080036000c00eeff00000000f6ffd6ff,00003000f8fff8ff0e00dcffe4ff2400509e066f8c314a9e1c14ec3088aee614
4015,4015,0,0a001a00eeff1000f2fff2ffecffecffcaff1c00feff2c0012003000deffeeff,f4ffe4ff0c00faff2e00d4ffeafffaffe2ff04001600f8ff0c000c000c000c00,1e008cff040014000000eefff4ff0400faff0800feff0c001000deffe6fff6ff,1000eeffdaff16001e00baffe4ff240070136e3036ae7c15e86e98ae8a9d126f
4016,4016,0,0a00ecffeeff100000000000fcff0c00faffdaff1c00eeff12000200eefffeff,2200f4ffeafffaff2e00f2ff1a00fafff2ffd2ff2600f8ff0c000c00ecff1c00,0e00dcfff6ff0400deffdeff0400f4fffaff0800d0fffeff100010000600e6ff,1000eefff8ff06000e001e001400e4ffd66e46afaa9d8a6ecc30249d1e146030
4017,4017,0,ecff1a001000eeff0000e2ffdcfffcff0c00dafffeff2c01f4ff0200eefffeff,120002000c00faffe2ffd4ffeafffaff0400040026002600fafffaffccff0c00,ecffecff04000400deff00000400040056000800eeff0c000000eeff06001600,100010000600caffdcff0e002400f4ffbe30b29dac14bc3148af4a13e26eb8ae
4018,4018,0,fcff0a003000eeffe2fff2ffecff1c00fafffaffceff0c0040000200feffceff,e4ff0200daffeaff4c00f2fffafffafff2fff2ff060036000c00faff0c00fcff,1e002e00f6fff6ffdeffeeff240004002800daff0c000c0020003000f6ff0600,aeff30000600e8ffecff1e00f4ff14001cb020138a6e56ae249db86eda307a9d
4019,4019,0,dcfffcff0000eeff10000000fcfffcfffafffaff0c00eeff12000200eeff0e00,e4fff4ff0c000c000000e2fffafffaff040004002600e8ff0c000c00dcff1c00,1e000e000400f6ff0000eeff0400f4fffafffaff0c00feff200010001600f6ff,eeff00000600caff1e00fcfff4ff1400129db66eb0324a9d7a124c3160af2e13
4020,4020,0,fcff0a0000000000f2fff2ffecffecfffafffaff0c001c0012004000cefffeff,e4fff4ffcaff0c00f2ff3e00faffeafff2fff2fff8fff8ff1c000c00fcffecff,fcff1e00f6fff6ff000020001400140036000800e0ffe0ff0000200016000600,2000deffcaff16001e000e00f4ff240060125e3154af2e13786edcb03a9d706e
4021,4021,0,0a00fcffeeff10001000e2fffcfffcffdafffaff1c002c0030000200fefffeff,f4ff02001c00daffe2ff0000faff0a0014002400f8ff0600fafffafffcff1c00,fcfffcff04000400eeffeeff94ff0400eafffaff1c000c00eeff0000f6ff1600,1000beff06001600fcffecff2400f4ff666e7cb0fa9c8a6e8032e49c7212aa31
4022,4022,0,2a000a00deff00000000f2ff0c00fcffdafffaffdeff2c0102000200eeff2e00,0200f4fffaff0c00e2ff0000faff0a001400140026003600fafffaffecfffcff,2e00fcfff6ff1400200010002400f4ff2800faff0c00feff300000000600f6ff,1000deff72001600ecff1e001400f4ff2832b29c6e12c0338cb0f610c86e80b0
4023,4023,0,fcff1a000000eeff10000000ecffecffcafffaff1c00ceffe4fff4ffeefffeff,040014000c00faffd4ffd4ffdaff0a0024000400160006000c000c00fcffccff,0e000e00f6ff04000000eeff14000400faff36000c00eeff1000000006000600,deff20001600daffecff0e0004000400dcb0a611846de4af549c986e1633fa9c
4024,4024,0,fcfffcff0000eefff2ff10000c000c000c000c00eeffdefff4ffc6ff0e000e00,14000400faffeaff00000000faff4a000400e2ff060006000c002c00fcffecff,fcfffcffd8fff6ffeeff0000f4ff2400280008000c000c0000000000f6ff1600,0000eeffdafff8ff1e00fcff04004400b09b866ed0337a9c361150330ab1c211
4025,4025,0,fcff1a000000eeff0000f2ffecffecfffafffafffeff2c000200e4fffeffeeff,e6ff04001c000c004c00d4ff0a001a0004001400f8ffe8ff0c000c00ecfffcff,9cff1e0004001400ceffceff04001400eafffaff0c000c003000eeff1600f6ff,10000000daff06001e00ecffe4ff2400a610d83254b03e12986efcb0229c506e
4026,4026,0,2a000a0010000000f2fff2ffecfffcffcafffaff0c00eeff400022004e000e00,0400e6ffeafffaff2e00d4ff1a00faff0400f2ff160026000c000c000c00fcff,dcfffcff0400f6ffeeffdeff2400f4fffaffdafffefffeff20003000e6ffe6ff,4800ceffe8ff5400fcfffcff0400f4ff466e1cb11c9cea6d9033629bc8105633
4027,4027,0,fcfffcff00000000f2ff00000c00fcff1c000c001c000c00020030002e00eeff,040014001c000c00e2ff2e000a001a001400140026000600faff1c00ecffdcff,dcfffcfff6fff6ffeeff1000040004000800dafffefffeff1000deff06001600,1000beff0600f8fffcff40001400f4ff7833909b1a110e357cb13610f06daab1
4028,4028,0,fcff0a001000eeffe2fff2fffcff0c000c000c002c002c01f4fff4ffcefffeff,24001400eaff0c00e2ffe2fffafffaff0400f2ff3600f8ff0c000c00ecffecff,fcffecff1400040000001000040004004600dafffeffeeff2000100016001600,deff20004600dafffcff0e000400140016b23610846db4b0629b686ee633029c
4029,4029,0,0a00fcff1000eeff0000f2fffcfffcffdafffaff1c001c00e4ff2200feff0e00,f6ff1400eafffaff2e00d4fffaffeafff2fff2ff1600e8ff0c00caffecffecff,ecff0e00040014000000eeff0400f4fffafffafffeff0c0020003000f6ffe6ff,eeff4800f8ffdaff1e00fcffe4ff0400209b366e9e351c9c320f9234fab1d80f
4030,4030,0,dcff0a00ceff0000e2ffe2ffccffecffbaffcaff1c010c003000f4ffdeff0e00,f6fff6fffaffcafff2ffd4ffeaffeafff2fff2ff260036001c000c00ccfffcff,fcfffcff1400d8ff20001000e4ff0400eaff2800feffe0ff200030001600f6ff,20000000f8ff06001e00fcfff4ff2400200fb43442b13410486ee0b2509b006e
4031,4031,0,fcfffcff000000000000f2ff0c00ecffbaffdaffeeffceff0200f4ff0e001e00,f6fff6ffeafffaffe2fff2ff0a00faff0400e2ff260006002c001c00bcffdcff,0e00dcfff6fff6ff1000eeff040004001800dafffeff1c00eeff0000f6ff2600,5800eeffdaff0600fcfffcff2400c4ff266e96b26c9b346d2235329b380f0e35
4032,4032,0,0a001a0000000000d2ff0000fcff0c001c00faff0c000c00e4ff02001e00eeff,14000400faff0c00f2ffe2fffafffaff2400d2ff2600f8ff1c000c003c00fcff,dcff1e00f6ff0400eeffeeff140014000800dafffefffeff2000300006000600,eeffeeff1600e8ffcafffcff0400c4ff8635e09aa40fee35c0b2120ed06d06b3
4033,4033,0,0a00fcffeeffeeffe2ff0000fcfffcff1c000c000c00deff02000200feff2e00,e6ffe6ffeaff0c002e00d4ff2a000a00f2ff040054004600faff2c00acffdcff,0e00fcff1400f6ff10001000040004000800fafffefffeff1000eefff6ffe6ff,ceff10005400cafffcffecff2400d4ffd6b25e0eba6dd2b1229b486e6e35009b
4034,4034,0,fcffdcff10000000f2ffe2fffcff1c001c000c000c004c010200f4ff0e00eeff,1400f6fffafffafff2fff2fffaff0a000400e2ff16002600faffeaffdcffbcff,ecff0e000400f6ffdeff0000040014001800eaffeefffeff10000000f6ffe6ff,00000000f8fff8ff1e000e00e4ff0400a09ae66ddc364c9b620db23666b3320e
4035,4035,0,ecff0a00100000001000f2fffcffdcff0c001c003c013c00f4ffe4ff1e00feff,f6ff1400fafffafff2fff2ff0a000a00e2ff0400160064000c000c000c00fcff,0e000e000400e6ff0000eefff4ff0400daffeaffe0ffeeff0000000026000600,0000eeffcaff46001e00dcff14002400420d9236c6b2340f286e90b3a09a906d
4036,4036,0,2a000a000000eeffe2ffe2fffcff0c000c000c00fefffeffd4fff4fffeff0e00,140014000c00eafff2fff2fffafffaff0400f2ff460054002c001c001c00ecff,0e00fcffe6fff6ff10000000f4fff4ffeaffccfffeff0c002000eefff6ffe6ff,1000eefff8fff8ffdcfffcff2400f4ff7a6df6b3cc9a246d1237429a300d6e36
4037,4037,0,fcfffcff00001000e2ffe2ffdcffecff0c001c000c000c001200f4ff0e000e00,04000400eafffaff00000000fafffaff0400f2ff160046000c00faffecffdcff,0e00fcff1400220010000000f4ff0400daffccffeeff0c00200000000600f6ff,ceffeeff7200e8ff0e0030000400e4fff236e699560eda37b2b4220d906df6b3
4038,4038,0,0a00ecff00000000e2fff2fffcfffcfffaffcafffeff0c00f4ff22000e002e00,f6ffe6fffafffaffe2ff2e00faffeafff2fff2fff8ff06000c001c00ecffecff,3e002e00f6ffe6ffeeff000024002400faff18000c00feffeeff200016001600,beff00000600cafffcff1e001400f4ff06b4920cb46c2eb5de99766d5637509a
4039,4039,0,fcff0a0000000000e2ff00000c000c00fafffaff0c00deff120002000e000e00,040014000c00eafff2ffe2ffcafffaff0400f2ff360006000c001c00fcffecff,0e003e00140004001000eeff040004000800faffeeff0c00eeff0000e6ff0600,eeff0000f8ffe8ff30000e00e4ff140086998a6d9238cc9a120c0237ceb4900c
4040,4040,0,1a00fcff10002000d2fff2ff0c000c00fafffaffeefffeff020012000e00eeff,0400f6ffeaff0c00e2ffe2ff1a000a00f2ffe2ff1600f8ff0c001c00dcffecff,0e000e000400f6ffdeffeeff04000400bcffccfffefffeff2000300006001600,2000eeffdaff16003000fcfff4ff24008e0b38381eb6980a086eb2b5009a606d
4041,4041,0,0a00fcff20001000f2ffe2ffecfffcffcaffcaff2c002c00f4ffd4ff0e000e00,f6ffe6ff0c001c003e00f2fffafffaffe2fff2ff160016000c002c00ecffccff,0e000e00140014000000defff4fff4fffaffeafffeff0c000000eefff6fff6ff,1000befff8ff5400fcfffcff0400f4ff4a6da4b59c9a766c46389e99780bb637
4042,4042,0,dcffdcff0000cefff2ff20000c000c000c00faff0c001c00300002001e00feff,040014000c00faff2e0010000a00faff0400e2ff1600f8ff1c000c00dcff0c00,8cff0e00f6ff04001000eeff14000400fafffaff0c00feff2000200026000600,deffeeff1600f8ffecff30002400d4ffa8387699a80a223982b5ae09706d7eb5
4043,4043,0,fcffdcffeeffeeff00000000fcffdcff1c00faffeefffeff020002000e000e00,f6ff14000c00daff0000e2fffaff0a00f2ff04002600e8ff0c00faffdcffecff,0e001e000400f6ffeeffceffa4ff1400ccff08000c00feff0000eefff6ff1600,ceff10001600dafffcfffcff1400e4ff40b62e0b466cbab62e99566dd838c099
4044,4044,0,ecfffcff1000defff2ff00000c00ecfffafffaff1c00eefff4ff0200eeffeeff,f6ff1400faff2c00d4ff4c00eaff0a00f2fff2ff2600e8ff0c00fafffcffdcff,dcfffcfff6ff0400eeff000004001400dafffaff1c00eeff100010000600e6ff,eeff1000160016000e00fcfff4ff140016991a6d183a7e99ce095639feb56c0a
4045,4045,0,ecff1a00000000000000f2fffcfffcfffaffdaff0c000c00d4fff4ff1e00feff,040004001c00daffe2ffd4fffaff0a00f2ff14003600f8ff0c00eaffecff0c00,fcff1e00040014002000eeff14001400eaffeaff0c000c0010002000f6fff6ff,2000eeffcaff46001e00fcffe4ff4400b40918395ab72009266dc2b54099006d
4046,4046,0,0a00fcffeeff0000f2ff3000fcff1c00daff1c00eeff0c00020012004e000e00,040004000c000c0010002e000a000a000400f2ff16001600fafffafffcff0c00,9cff1e00f6ffe6ffeeff10000400f4ff1800dafffefffeffeeff300006000600,1000cefff8ffe8fffcff0e00e4fff4ff1a6db0b6f098666c76399e987c09a839
4047,4047,0,0a00fcff10000000e2ffe2fffcffecff1c000c00deffceffb6fff4fffeff2e00,f6ff1400eafffaffc4ffd4ff0a000a00f2fff2ff1600e8ff0c00fafffcff1c00,fcff0e00040014000000000004000400faffeaff1c001c00000010000600f6ff,eeffeeff16000600dcff40002400d4ff123af6980009883af4b60e09d06caeb6
4048,4048,0,dcff0a0020000000f2fff2ff0c00ecff0c00eaffdeffeeffe4ff02001e002e00,f6ffe6fffaff0c00f2ffd4ffeaffeaff040014001600f8fffaff1c00fcffecff,fcfffcff140004000000eeff040004002800faff1c00feff00001000e6ff0600,deff10004600f8fffcffecffd4ffd4ff60b7c408066cdab7ae98e66c083ae098
4049,4049,0,ecfffcff0000eeff10001000fcffecff0c000c000c00feff120012000e00eeff,1400e6ff0c00eaffd4ffe2fffaff2a00240014000600e8fffaff0c00ccfffcff,0e001e00140004000000200004000400ccfffaff1c00eeff20003000f6ff1600,00001000f8ffe8ff1e000e00c4ff0400a698da6c663bf098ba073a3a46b73c09
4050,4050,0,dcfffcff000010001000f2ffdcff0c002c00faffeeff1c00f4ff0200feff0e00,f6fff6ffeaff2c002000f2ff0a000a0004001400f8ff0600cafffafffcff1c00,2e00dcfff6ff04002000eefff4ff1400eaffeaff0c001c00000020000600f6ff,10000000caff16003000ecff240024006408a23a9ab88207c66c38b8b098c06c
4051,4051,0,fcff0a00eeffeeffe2ffd2ff2c000c00daff3c000c00feff0200f4fffefffeff,f6ff14000c00fafff2ffe2ff0a001a000400f2ff540026000c000c00fcff1c00,0e002e00f6ff0400deff10002400140028002800feff2a000000deff06000600,0000ceffe8ff1600fcffecff24002400da6c80b78098a66b2a3b6e9862085a3b
4052,4052,0,3a00ecff20000000000010001c001c00fafffaff3c01deff02001200feff0e00,040014001c001c00e2ff2e00eaffeafff2ffe2ff360026000c000c00fcff1c00,1e000e000400f6ff1000defff4fff4ff2800eafffefffeff2000000006000600,eeffeeff46000600dcfffcff1400e4ff423b4698d206263c78b86a06906cf6b7
4053,4053,0,fcffdcff10000000f2fff2ffdcfffcfffaffdaff0c002c0022000200eeff0e00,1400f6ffeaff0c002e002e000a001a00f2ff140006000600eaff0c000c00fcff,9cffdcff0400e6ff0000eeff24001400faffdaff2a000c00000020001600f6ff,ceff10001600daffecff1e00f4ff040086b8e406566b1ab9ba97a66cba3b1e98
4054,4054,0,ecff0a000000eefff2ff10001c00fcfffafffaffeeff1c002200e4ff2e000e00,f6ff0400faff1c00200020000a00faff2400040054002600faff0c00fcffecff,ecff1e00e6ff04001000100004001400faff18000c00eeff20000000e6ffe6ff,eeff1000f8fff8ff1e00dcfff4ff2400f6977a6c863c5098aa067c3cc8b84207
4055,4055,0,fcff0a00000000002000f2ffecfffcff1c001c00feff1c000200e4fffeff2e00,04000400fafffaff2e00e2ff5a001a00e2fff2ff260006000c000c001c001c00,1e000e000400f6ffeeff00001400f4fffaffdaff1c00feff0000eeff0600e6ff,0000eeffcafff8ff0e00dcffe4ff14004406303cb8b9b605666ca8b8ee97386c
4056,4056,0,fcffecff10001000e2fff2fffcfffcfffaffdaffeeff1c010200f4ff0e002e00,f6fff6ff2c002c002e00d4fffaffeaffe2fff2ff160016001c00faffdcff0c00,ecfffcff040004000000eeff040004001800eaff0c002a003000000006000600,0000deff060046000e00ecff1400f4ff886b66b93098866b6c3c3a97f005b23c
4057,4057,0,ecffecff00000000f2ff3000ecff0c00faffdafffeff1c0012000200deff0e00,f6ff1400eaff0c000000f2ffeaff0a0004001400260046002c002c00ecffccff,dcffecfff6ff1400eeff0000240004000800dafffeff0c00eeffdeff06000600,0000eefff8fff8fffcff1e000400d4ff163d80972605b43da8b9da05c86b78b9
4058,4058,0,fcff0a000000000000001000fcffecff1c00faff3c00e2fe0200e4fffeff0e00,f6ff14000c000c00000000000a000a000400f2fff8ff0600faff2c00dcff0c00,0e001e00f6ffe6ff0000100014001400eaffdafffefffeff2000300006000600,deff00001600e8ffecfffcfff4ff040096b95805166be6ba2a97166c723d8e97
4059,4059,0,0a00dcff00000000e2fff2ffecffecff1c00faff0c000c00f4ff0200feff2e00,04000400faff0c00e2ff00001a001a00040004003600f8fffaff0c00ecffccff,2e000e000400e6ffeeffdeff04002400faffeaffeefffeff0000000006000600,00000000f8fff8ff0e00ecffd4fff4ff7097786bc43da0973c041c3d38ba4005
4060,4060,0,ecfffcff2000eeff0000d2ffecff0c00eafffaffeeff0c00f4ff3000deff3e00,1400f6ff0c001c00e2ffe2fffaff5a0014001400360026001c000c00fcff0c00,dcff0e0004000400eeff0000040014001800daff0c001c002000deffe6ff1600,20001000baff46000e00dcffe4ff44008804b63df6ba6604366c9cba6e97c86b
4061,4061,0,fcffecff000010000000f2ffecff1c001c000c000c000c004000e4fffeffeeff,e6ffd6ff0c00faff00000000faff0a0004000400160046000c000c00dcff1c00,fcffccffd8ff04000000000004000400daffdaffeeff0c00100010000600f6ff,1000eefff8fff8ffecff1e003400e4ff586b60bad097566bfc3d7a977804d23d
4062,4062,0,dcffecffeeffeeff1000f2ffecfffcfffafffaff1c00cefff4fff4fffeff0e00,1400e6fffaff0c00e2fff2ff0a00faff14001400160006000c00faff2c00fcff,0e000e00140004000000000014001400daffeaffeefffeff00003000d6ff2600,0000000016001600ecfffcff44002400423e0097c603523e8cbafa02986b88ba
4063,4063,0,fcfffcffdeffdefff2ff1000ecfffcfffafffaff2c004c0002000200ceff2e00,e6ffe6ff0c00faffe2fff2ff1a00faff0400e2ff260016000c00faffecff0c00,1e009cff140004002000100014001400fafffaff0c00feffeeff0000e6ffe6ff,deff10001600e8ffdcff30000400e4ff40bb1203d66ad6bb9a96166c123e0e97
4064,4064,0,fcff0a001000eeffe2fff2ffdcffecffcafffaff0c00feff1200e4fffeffceff,040004001c000c00e2ffe2fffaff0a00f2fff2ff260036000c002c00ecff0c00,0e000e00040014001000deff0400240018003600feff0c00eeffceffd6fff6ff,eeff300064000600fcffecffb4ff14001097386b223f7097ba022c3f28bbd803
4065,4065,0,fcffdcffeeff100010002000fcffccfffaff0c000c000c0040002200fefffeff,04000400faff0c004c00f2fffaffeaffd2ffe2ff160006000c000c00fcffecff,0e000e00f6ff1400100010001400f4fffafffafffeff1c00eeff00001600f6ff,0000eeffcaff06001e00dcffb4ff04004202423f16bcb802c66b1cbba696586b
4066,4066,0,2a00ecff00001000e2ff0000ecfffcff0c000c001c00deff12002200eeff0e00,04001400faff1c000000f2ff0a001a00f2ff0400260006001c00faff2c002c00,0e000e00f6fff6ff0000deff24001400fafffaffe0ffeeff0000eefff6fff6ff,10000000caff0600ecffdcff44000400e86aa0bbf096966a2c3f3a9628037a3f
4067,4067,0,1a00ecff00000000e2ffe2fffcffecffeaffeaff2c00feff120012000e00feff,0400e6ffeaffeaffd4ffe2ffeaffeafff2ff140054003600faff0c00fcff0c00,fcfffcff22000400100020003400a4ffdaffeaff0c000c00000010001600e6ff,eeffdeff0600cafffcff30001400140018409096e201b23f2ebc1a02386b0abc
4068,4068,0,fcff1a001000eeffe2fff2ffecffecfffaffeaff1c001c001200e4ff0e001e00,e6ff04000c00eaff2e00f2ff0a001a00f2ff0400460006000c00eaffccffccff,0e00fcff0400e6ffeeff100004001400daffeaff0c00feffeeffeefff6ff0600,deff20001600daff0e00fcffe4ff0400e0bb2202466a04bd9a95766bea3f7696
4069,4069,0,fcffecffceff1000e2fff2fffcff0c00dafffafffeff2c00020022002e00eeff,04001400eaff2c00d4ff2000fafffaff04000400360026002c000c00fcfffcff,0e00dcfff6ff14000000100044001400fafffaffd0ff0c00200010000600f6ff,deff1000060006001e00fcfff4fff4ff6e96a86ab0400097560110408abcec01
4070,4070,0,fcffecffeeff00001000e2ff0c000c00caff2c001c001c01020012002e002e00,14001400faff0c000000f2ff6a000a001400e2ff460026002c00faffdcff0c00,2e00ecff1400e6ffeeffdeff1400140008000800e0ffe0ff3000200006001600,eeffeeffbafff8ff3000fcff1400f4fff8003840c4bd7201866b1ebd2696e86a
4071,4071,0,fcfffcffeeffeeffe2ffe2fffcff0c00faff0c00eeff0c00e4ff0200eefffeff,140014001c00faffd4fff2ff5a001a001400f2ff260006001c000c001c00fcff,0e00dcfff6fff6ffeeffeeff04000400080008001c001c0010000000f6ff0600,3000eeffdafff8fffcffecfff4ff0400786a84bd5496066af0406a965c018c40
4072,4072,0,fcfffcff10001000f2ff0000ccff0c00daffcaff3c010c0002000200deffeeff,f6ff0400fafffaffe2ffe2ff0a00eaff1400f2ff3600e8ffeaffeafffcffecff,0e000e0014001400eeffeeff140004003600fafffeff0c00deff0000f6ff0600,1000000016001600dcfffcff1400e4ffe8404e964400fe408ebd36009c6a42bd
4073,4073,0,fcff0a001000000010001000ecffdcfffafffafffeff0c0012000200defffeff,140004000c00eafff2ff00001a000a00e2ff0400e8ff46006c002c00ecffecff,dcff1e00f6ff0400eeff10001400f4ffeafffaff0c00feff200000000600f6ff,deff10000600cafffcff30000400e4ff20be6800266a34be6a95b66b9c41d695
4074,4074,0,fcfffcff1000deff2000e2fffcffecfffaffcaff0c00eeff120040000e00feff,32001400faffeaff20002e004a000a00e2ffc0ff260016002c000c00ecfffcff,0e000e00f6ff04001000ceff04000400eaff28000c00eeff0000eefff6ffd6ff,deff1000f8ff06000e00ecffe4ff44003e96286af4417296b0ffb04162be1a00
4075,4075,0,2a00fcffdeff1000f2ffd2ff0c000c00caff0c00e0ffd0ffe4ffe4ffdeff0e00,140014000c001c000000d4ff1a00eafff2ff0400060026002c00faffdcffecff,0e00fcff040004000000000014000400eafffaff0c000c00100020000600f6ff,30000000caff46001e00cafff4ff140018006841a2be96ff366a8ebda6957c6a
4076,4076,0,fcfffcffeeff10000000f2ff0c00ecff0c00faff0c001c004000f4fffeffeeff,14000400eafffaffe2ff2e00fafffaff04000400e8ff36002c000c00dcffecff,ecfffcffe6ff0400eeff000014000400faff1800feff1c0000001000f6ff1600,1000deffdaff1600fcfffcff1400e4ffae69c0be3496726994424a953affec41
4077,4077,0,fcfffcff00000000f2ffe2fffcfffcffeafffafffefffeff50003000feff0e00,1400f6fffafffaff2e000000fafffaffc0ffe2ff360026002c002c00ecfffcff,7cfffcff0400f6ffeeffeefff4ff1400dafffafffeff0c0010001000f6ffe6ff,0000000006000600ecff3000f4ffd4ff4242729526ffd442bebe90fffc69b2be
4078,4078,0,bcfffcffceffeefff2ff10000c00ccff2c00faff0c01feff400040000e000e00,e6ff1400faffeafff2fff2ff0a001a00f2ffe2ff060026002c002c00acffdcff,fcff3e00f6ffd8ffeeffdeff0400f4fffaffeaffe0ffeeffeeff3000f6fff6ff,ceff20003600e8ffdcff30001400f4ff70bf90fe526980bf5a95d269d8427695
4079,4079,0,0a002a0010000000f2ffe2ffdcff2c001c001c000c00eeff02001200eeff0e00,14001400eaffdaffe2ff2000daff1a0014000400160006000c002c000c001c00,1e00fcff04000400eeffdeffd4ff140018002800eefffeff000040000600e6ff,00001000f8ffe8ff1e00ecffd4ff0400a2957c695443f49550fe74429abf62fe
4080,4080,0,fcfffcff0000eeffe2ffe2ffdcfffcffcaff0c00eeff1c00f4ff3000fefffeff,e6ff1400dafffaff200000001a000a0014002400360036000c000c00dcff1c00,fcff1e00140004001000deff0400e4ffccfffaffeeff0c00000000000600e6ff,10001000baff16001e00fcffe4ffd4ff10fe424350c0d8fdb26952c04695dc69
4081,4081,0,fcffecffeeff0000e2fff2ffdcffdcffcaffcaffeeff1c003000f4ff2e00feff,f6ff14000c00eaff2000d4ff1a000a0024001400360006001c000c000c00ecff,ecffecff140014000000100024002400180018000c00feff400000000600f6ff,1000eeffdaff46001e001e00240014003c69d6bff495626906441a95b2fd3843
4082,4082,0,fcfffcff0000eeff10002000fcfffcfffaffdaffe0ff0c0002003000fefffeff,1400f6ffdaffeafff2ffe2ffeaff1a00e2ff0400060026002c001c002c000c00,2e001e00e6ff0400eeffeefff4ff2400eaffdafffefffeff2000200026000600,eeffeeff0600e8fffcff3000140004005243649488fd224482c070fcac698cc0
4083,4083,0,0a00fcffeeff1000d2ff0000fcffdcffdaffdaffe0ffeeff0200e4fffeffeeff,f6ff14000c00dafff2ffe2ff0a000a0004000400360036000c003c00ecffecff,1e000e00f6fff6ffdeff00000400e4ffdafffafffeff0c000000100006000600,ceff20004600f8ffecff1e00e4fff4ffd6c014fde26890c0ba948269f8431695
4084,4084,0,fcff1a00000000000000e2ffecfffcfffafffaff0c00feff0200e4ff0e00deff,1400f6fffafffaff20000000eaffeaffe2ffe2ff460006000c000c00ecff1c00,2e001e001400f6ff00001000f4ff1400faff08001c00feff100020001600d6ff,deff1000f8ff06001e00fcfff4ff140046940c693244649510fcc644dcc012fd
4085,4085,0,ecfffcffeeffeeffe2ffe2ffecffecfffaff1c00feffeeff500022000e000e00,040004000c00eaff3e00e2ff0a00eafff2fff2ff2600e8ff1c000c00ecffecff,0e000e00e6ff04000000000024000400fafffaff0c000c001000eeff16001600,10000000daff16001e00fcff0400440094fcba4460c19afc226982c09e941c69
4086,4086,0,ecfffcff1000eeff0000d2ffecfffcfffaffdaff0c00eeff400030003e000e00,f6fff6fffaffeaffe2ff2000faff0a000400f2ff460006000c001c00fcff0c00,0e00fcff0400040000001000d4ff04000800faffeeff0c00eeff0000f6ffe6ff,3000cefff8ff06000e00fcff24001400fc6826c104955268b6446a94aafba044
4087,4087,0,0a00fcffeeff1000f2ff0000fcff0c00faffdaff2a001c0030003000feffdeff,f6fff6fffaffeaffd4ff0000fafffaffd2ff1400360036000c000c00fcff0c00,0e00fcff04000400eeffeefff4fff4ff08002800eefffeff00000000e6ffe6ff,000000000600f8ffcaff3000140004008a4546948afb924572c1e0fb4c695cc1
4088,4088,0,0a00fcff10001000f2ff2000fcffccfffaff0c00feff0c0002002200feff0e00,e6ffe6ff0c00eaff2e00f2ff1a00faff14001400260026001c001c000c00fcff,0e00dcff04001400000010001400e4ffeafffafffefffeff0000deff1600f6ff,deff10006400daffecff1e00f4ffd4ff10c2c2fa5268d0c13a94e26850455e94
4089,4089,0,fcff0a001000100000000000fcfffcfffafffaff2a00feff0200f4ff2e00feff,24001400faffeaffd4ffe2ffeafffaffe2ff040026001600faff0c00dcffecff,2e00ecff1400e6ff10000000f4ff0400faffbcffe0ffeeff2000deff0600f6ff,deff2000e8ffe8ff1e00ecffe4ff0400a6936c68c24514956efa46454cc27afb
4090,4090,0,fcff1a000000100000001000ecff0c00daffeaffd0ffd0ff0200f4ff1e001e00,f6ffe6ffeaff0c00e2ff10001a000a000400f2ff460006000c002c000c000c00,0e001e00e6ff14000000100014002400faff2800eeff0c001000eeff26003600,10000000cafff8ff1e00fcffe4ff040078f916469ec27afa826804c44e94a268
4091,4091,0,0a00fcff00000000100000000c000c00eafffafffeff0c0030000200feffeeff,0400f6ff0c00eafff2fff2ff1a001a0004002400d8ff16001c000c00fcff0c00,fcff2e000400040000000000f4ff14000800eaff2a000c0000000000f6ffe6ff,3000deffe8fff8ff0e000e00040004005c68c0c2e494c0675446fa93d8f95046
4092,4092,0,0a00fcff00002000f2fff2fffcfffcfffaff0c00fefffeff220002000e000e00,1400e6fffaffeaff10003e00faffeaff1400f2ff360026002c000c00ecff0c00,0e000e000400f6ffeeff00001400e4fffaffeafffeff0c00000020001600d6ff,2000100016000600caff1e00140004003647a693f6f9504624c4daf8526828c3
4093,4093,0,ecff2a0000000000e2ff2000fcff0c00caffcafffeff1c00300050000e000e00,f6ff0400eafffaff20002000eaff1a0004000400360006000c002c00ecfffcff,dcfffcff0400f6ff00000000140014002800eaff0c000c0000000000e6fff6ff,ceffeeff0600daffecff3000f4ffe4ff50c368f98067e2c3489352681247fe93
4094,4094,0,ecff1a00ceff00000000f2fffcff0c00daffdaffeeffeeff02001200feff0e00,f6ffe6ffeaff1c00100020000a00faffc0ff0400d8ff5400faff3c00dcff0c00,0e00fcfff6ff0400eeffeeff14001400fafffafffeff0c00deff100016000600,10001000f8ffe8ff0e000e000400f4ff66933c68ce468494caf88447c8c338f9
4095,4095,0,fcfffcff10002000f2fff2ffecffecff1c00fafff2fee0ff120002000e000e00,e6ffe6ffeaff1c00e2ffd4ff0a000a000400f2fff8ff26000c000c00fcfffcff,0e000e0022000400eeffeefff4ff1400080028000c00feff3000000006000600,00000000f8ff16001e00caff1400540098f8464702c446f9526824c4ce93f267
4096,4096,1,0a000a000000eefff2ff0000fcfffcffdaffdaffeeffe0fff4ff2200feff0e00,1400f6fffaffdaff20003e00fafffaff4600e2fff8ff36000c000c00fcffecff,0e00fcffe6ff22000000defff4ff04000800eaffeeff0c0020000000f6fff6ff,5800ceffe8ff4600fcfffcff3400f4ffdc67e2c36494506714476893f8f88247
4097,4097,0,fcfffcff10002000f2fff2ff0c00ecffdafffaff0c00feff02002200ceff2e00,14001400fafffaffe2ff2e00fafffafff2fff2ff16003600faff1c00fcfffcff,fcfffcff040004000000200014000400eafffafffeff1c001000200006000600,ceff0000f8fff8fffcff0e001400f4ff0c48469360f86e4780c56af8c26768c4
4098,4098,0,0a00fcffeeff0000d2ff1000fcfffcff0c000c000c00e0ff220002000e00feff,04001400cafffaff0000f2ffeaff5a00f2fff2fff8ff16000c002c00dcfffcff,2e00dcff1400f6ff00003000e4ff0400eaffeaff0c00eeffeeff0000f6fff6ff,deff00000600caff0e001e00f4ffe4ffc0c520f7106702c508932e674248ae93
4099,4099,0,0a00fcff0000eefff2ff1000fcffecffdafffaff1c002a00120002000e00feff,04000400faff0c00f2ff0000eafffafff2ff1400060026002c000c00fcffccff,fcff0e00f6fff6ffeeff0000d4ff1400ccfffafffeffeeff10000000f6ff1600,ceff58001600f8ff30000e0004001400269386672e48349426f7484860c576f7
4100,4100,0,fcfffcffeeff0000f2ff0000fcff0c00faffbaffeeff1c01f4ff22003e00eeff,14001400eafffaffe2fff2fffaff0a00f2ff0400460006000c002c00ecffacff,2e000e0004001400100000000400140028002800e0ffeeff000000000600f6ff,1000eeffcaff16001e00dcfff4ff2400c0f67c48d0c5bef72e67f0c67e936267
4101,4101,0,ecff0a00100020000000f2fffcffecffdafffaffeeff1c000200e4ff1e00eeff,14000400fafffaff2e000000fafffafff2fff2ff260016000c00faffecfffcff,0e002e00040014000000200014000400faff0800fefffeff0000defff6ff0600,1000eefff8ff16001e000e0044000400266768c54494f066a84818939ef6a248
4102,4102,0,dcfffcff1000eefff2ff0000ecff0c000c00faff1c001c000200f4ffeeffeeff,f6ff04000c000c00e2ffd4ff0a001a0004000400e8fff8ffeaff1c00acffecff,2e00fcffe6ff1400100010001400040028000800eefffeff2000eeff16000600,100000001600f8fffcff1e002400e4ff6c491693a0f60e4960c616f66267f0c5
4103,4103,0,fcffdcff00000000f2ff0000ecfffcfffafffafffeffe2fe400012002e00eeff,140014000c000c00f2ffd4ff0a000a000400f2ff160016000c001c00fcfffcff,0e001e00f6ff0400000000001400240018001800feff1c00deff0000f6fff6ff,ceff10002400f8ffecff1e001400e4ffecc660f6e0667ec6b892ee665a494e93
4104,4104,0,dcffecff0000eeff00002000ecff0c00caff1c000c000c00e4ff12000e002e00,14000400dafffaff000000000a000a00e2fff2ff06001600faff1c00fcffdcff,0e000e000400f6ffeeffeeff04002400acff0800feff0c00eeff3000f6ff0600,00003000e8fff8ff1e00fcffd4ff2400e69216671e49f49356f6ba4950c6fef5
4105,4105,0,ecffecffeeffeeff20000000fcffecfffafffaff0c00feff02001200fefffeff,040004000c00faff200020001a000a001400e2ff26002600faff0c000c001c00,0e00fcff040022000000eeff0400f4ff280036000c00feff2000eefff6ff0600,10001000daff06001e00dcff0400440074f5ac49cec612f6ee66e0c60293c266
4106,4106,0,fcff0a00eeff1000100000000c000c000c00fafffeff2c00400022000e000e00,e6ffe6ffeaff0c000000d4fffaff0a0004000400260046001c001c000c000c00,3e009cff14000400ceffeefff4ff0400faff2800feff0c00eeffeeffd6fff6ff,10001000f8ff16003000caff2400040086660cc7c4932266ba49c8923ef52a4a
4107,4107,0,fcfffcff1000000020002000fcff0c00daffdaff1c001c0030000200deff1e00,1400f6ff1c001c000000e2fffaff0a00f2fff2ff2600e8ff1c000c00ecffecff,0e000e00f6fff6ffeeffdeffd4ff04000800fafffeff0c00eeffeeffe6fff6ff,0000ceff540016000e001e001400e4ff864aa69292f5344a60c7c6f53c6618c7
4108,4108,0,0a00fcff10000000e2ff1000ecff1c00faffcaff1c000c00f4ff30000e00eeff,e6ff0400faff0c00e2ffd4ff1a00faff0400f2ff0600f8ff0c000c001c00dcff,0e000e0004001400000000001400f4fffaffeaffeefffeff000010000600f6ff,beff00004600daffdcff30000400e4ff22c8d4f412669ec7c8924e66b24ac292
4109,4109,0,ecff0a0000000000e2fff2ff0c00dcffbaff0c00fefffeff120022000e000e00,14000400dafffaffd4ff2e000a001a00e2fff2ff160006000c002c001c001c00,0e000e00f6fff6ffeeff00000400f4fffaff08000c00feffeeff00001600e6ff,deff10000600daff40001e00e4ff240086923666e44a749336f47e4a52c816f4
4110,4110,0,0a00fcff0000eeff1000f2ffecfffcfffafffaff1c01feff220002000e00deff,140014001c000c00d4fff2ffeaff0a0004000400f8ff36002c00faff0c00ccff,1e000e00f6fff6ff100000000400f4ff0800eafffefffeff000000001600f6ff,30001000daff06004000fcffe4ff540078f3a84b0ec824f47e6634c9a292d065
4111,4111,0,ecfffcff0000eeff0000f2ffecffecff1c00faff0c012c0150002200feff1e00,f6ffe6fffaffeafff2ff2e001a001a00d2ffe2ff3600f8ffeaff0c00ecff0c00,0e000e00f6ff1400deff1000e4ff0400180008000c00feff2000eefff6ff0600,eeffdefff8ff06000e000e0014001400aa65e2c87493c465ce4a989276f33e4b
4112,4112,0,fcffecff00001000000020000c000c00fafffaff1c01feff400002001e000e00,e6ff1400faff0c002e000000eafffaff14000400f8ff06002c001c000c000c00,fcffdcff040004001000200014000400faff0800d0ffeeff1000eefff6ff0600,1000eefff8fff8ffdcff1e0054000400184cfc9124f4644b64c9e4f29065ecc8
4113,4113,0,ecffecff1000cefff2ff10000c00fcff0c00daff0c00ceffd4ff02000e000e00,140004001c00eaffe2ff20000a005a0014000400060026000c00eafffcffccff,fcff2e0004000400eeff10000400140028000800eeffe0ff00001000e6ff0600,deff10001600caff0e000e00d4fff4ffc2c968f274653cc958921e66ce4ba292
4114,4114,0,fcff0a000000eeff0000e2ffdcffdcffdaffcaff0c00eefff4fff4fffeff1e00,f6ff14002c002c0010003e00eaffeafff2fff2ff26001600faff0c00fcff0c00,ecff0e00f6ff0400eeffdeff04000400ccff2800eeffc2ff00002000f6fff6ff,eeff2000f8fff8ff1e00fcff0400540036929a65344c669354f2ce4cecc9aaf2
4115,4115,0,fcfffcff0000000020000000ecff1c00dafffaff2c00eeff120012002e00feff,e6ff14000c000c000000e2ff1a00eaff0400e2ff360006002c000c00ecffecff,1e000e000400f6ffdeff1000d4ff0400ccffdaff0c001c0020003000e6ff0600,10000000f8ff16001e00ecffe4ff24008ef1bc4c8cc914f3be6574c942927065
4116,4116,0,fcfffcff00002000e2fff2fffcff1c000c00faff1c001c00f4ff12000e003e00,f6ffe6fffafffaffe2ffe2fffaff0a00e2fff2ff160016002c001c00dcfffcff,0e001e00040004000000deff0400040028003600feff1c0010000000f6fff6ff,3000eefff8ff46001e00fcff040014001a65bcca5693d4640e4de29134f1c64c
4117,4117,0,ecfffcff00000000f2fff2ff0c000c001c000c000c00eeff0200f4ff1e000e00,f6ff1400fafffaffe2ffe2ff0a001a00f2fff2ff16000600eafffaff1c00dcff,2e002e0004000400eeffdeff14002400eaffeafffeff0c001000eeff06000600,1000deff6400f8ffecff30002400e4ff5c4dcc9138f0b24c28cb80f1e064acca
4118,4118,0,0a00ecffeeff1000e2fff2ff0c00dcffeafffaff2c00eefff4fff4ffdeff2e00,e6ff1400eaff0c00e2ffe2ff0a000a0014001400d8fff8ff0c001c00ecffecff,0e000e000400f6ff0000eeff04000400eafffaff1c00feff00000000f6ffe6ff,deffeeff0600dafffcff1e00040004000ccbfef09464acca36929064364d3292
4119,4119,0,fcff0a0020002000e2fff2ffecffecfffafffaff0c001c000200d4fffeff0e00,f6ff04001c000c002e00e2fffaff1a00f2ff04000600d8ff2c001c000c00fcff,fcff0e00e6fff6ff0000000014001400faff18000c00eeffeeff2000f6ffe6ff,eeff30000600f8ff1e000e00d4ff24009c91ba64d24cf692d0f0ae4dccca6af0
4120,4120,0,fcfffcff10001000d2fff2ff0c00ecffcaff0c00feff3c00e4ff2200defffeff,0400e6fffafffafff2ffe2ffeaffeaff0400f2ff8aff26002c000c00fcffdcff,0e000e000400e6ff000010000400f4ff08000800eeff0c0000002000f6fff6ff,0000deffdaff64001e00ecff140024003cf0dc4dfccaa8efa0647acc22924864
4121,4121,0,fcffecff100030001000d2ffecffdcff0c00daff4c000c00f4fff4ff0e00feff,040014000c000c00e2ffe2fffaff0a00f2ff0400060006000c00faffbcffecff,0e00fcff1400f6ff0000eeffe4ff14001800faff2a000c002000000026001600,1000deff060016001e000e00e4ff24007a6472cc269344640e4e2692a0efea4d
4122,4122,0,fcffecffeeff0000e2fff2fffcfffcffbafffafffeff4c00020030001e000e00,f6ff1400fafffaff200000000a000a0014001400f8ffd8ff2c00faffecffbcff,0e002e00f6ff0400deff000024000400fafffaff0c000c00000020000600f6ff,eeffdeffe8ff0600dcff1e003400f4ff584e7c91a0ee104eeacc4cef4864c8cb
4123,4123,0,fcffdcff0000000000001000ecfffcfffaffdaff0c001c00d4ff02002e000e00,f4fff4ff0c000c000000d4fffaff0a000400f2ff160016004c000c000c00ccff,dcff0e00f6ff0400eeffdefff4ff2400eaff28000c000c00deff20001600f6ff,deff10001600f8ff0e001e0004000400f2cc56ef1464a2cb1692a064a04ee291
4124,4124,0,1a000a000000eeff00000000dcff0c000c001c002c00fefff4ffe4fffefffeff,1200e4ff0c00faffe2ffe2ff0a001a00f2ff0400060026001c000c001c002c00,0e00fcfff6ff04000000000014001400faff2800feff0c00eeff3000f6fff6ff,eeff5800f8ffe8ff0e00fcffe4ff04007c91c663904e80923cef2e4fe0cc60ef
4125,4125,0,ecff0a0010000000f2fff2fffcfffcffdaff1c001c00feffe4ffc6ffeeff2e00,f4ff1200faff0c00f2fff2ff0a000a00e2ffe2ffd8ff16002c000c008cff0c00,dcff1e00040004000000100004000400eaffdaff2a002a003000eeff06000600,00000000f8fff8ff3000dcff1400240056eef84e02cd94ed2064eacce291c863
4126,4126,0,fcfffcff0000eefff2ffe2ffecffecfffaffbaff2c000c00f4ff02000e00eeff,d4fff4ff0c00fafff2ff0000faffeafff2ffe2ff060006000c003c00ecff0c00,1e000e00e6fff6ff10001000e4fff4fffaffdaffeeff0c00deff20001600f6ff,00001000daff5400fcfffcff2400f4ff246362cde69276631e4f529118ee004f
4127,4127,0,fcfffcffeeff200000002000ecfffcffdaffbaff2c000c000200f4ff0e00eeff,e4ff22000c00faffe2ff3e00faffeafff2ff24000600e8ff4c000c00dcff1c00,fcff1e0004000400000020000400e4ff1800faff0c00eeff000000000600f6ff,0000eeff5400daff0e000e002400f4ff884f7c91a4ec084f4ace9cee486350cd
4128,4128,0,2a001a001000ceff10002000fcfffcff2c00daff4c002c00020040000e001e00,f4fff4ffeaff0c00d4ff4c000a000a0004000400e8fff8ff0c002c00ecffdcff,2e000e001400f6ff000000000400f4ff0800fafffeffe0ffeeff200016000600,eeff10000600dafffcff400024000400cece16ee4663a2cd6291ee62c04f9291
4129,4129,0,ecff0a0000001000200010001c00fcfffafffaffeefffeffe4ffe4fffeffeeff,f4fff4fffaff0c002e00e2fffaff0a000400e2ff0600e8ff0c00eafffcffdcff,dcfffcff040004001000deff04000400fafffafffefffeffeeffdeffe6ff0600,eeff10000600e8ff0e000e00f4ff04006c91c462a64fc692ecedee4ef0cd58ed
4130,4130,0,fcffecffeeffdefff2ff1000fcff1c00dafffaff2c00eeffe4ff1200feff0e00,f4fff4ff0c000c00f2ff20000a000a000400e2fff8ffe8ff1c001c00ecffecff,fcfffcff040014000000100024002400fafffaff1c001c0020001000f6fff6ff,10000000daff06001e00dcffe4ff2400e0ec2e50becee4eb0e630acf82912863
4131,4131,0,dcfffcffeeff00002000e2ff0c00fcffdaffdaffeefffefff4fff4ff2e00feff,1200f4ffeaff1c002000f2ffeafffaffe2ff14003600d8ff2c00faffccfffcff,ecffecfff6ff1400eeffeefff4ff1400eaff0800feff1c000000deff1600f6ff,1000cefff8ff64004000fcff140004005462eece509206632250329160ec0050
4132,4132,0,0a00fcff0000eefff2ff10001c001c000c000c00eeffeeff0200c6ff0e00feff,12002200eaffeaff0000e2ff0a001a001400f2ffe8fff8fffaff1c00ecfffcff,dcfffcfff6ff0400ceff000014000400080028000c00feff1000000026002600,1000eeff5400e8ffdcff30004400f4ff8e505c9146eb5c507acf3cec7c6228cf
4133,4133,0,fcffecff00001000f2ff0000ecff0c00eafffaff2c000c0022001200feffdeff,02000200faff0c003e00d4ffeaff0a0004000400360016000c000c00fcffecff,fcffecfff6ff0400000000001400b4ffbcffeaff2a000c0000000000e6fff6ff,ceff10006400baff0e001e000400040034d05eeba6622ecf2291ce62c0507291
4134,4134,0,ecffecff20000000000000001c001c00caffdaff2c000c00020002002e00eeff,1200f4ffeafffaffd4fff2fffaff0a000400f2ffe8ff06000c000c00dcffccff,9cff0e00f6ff1400eeffeeff0400f4fffafffaffeefffeff00003000f6ffc6ff,000030001600e8ff0e00fcffc4ffc4ffec903462925230922cec5251c8cf80eb
4135,4135,0,ecffdcff0000000000002000fcfffcfffaffdaff0c000c00120012000e000e00,f4ffe4ffeaffeaffe2ff0000faffeaff040004002600f8ff0c001c00fcff2c00,fcfffcff0400f6ff0000deff04001400faffdaffeeff0c00100010000600f6ff,20000000daff64003000dcffe4ff0400ceea3e51aecf96ea2e629acf6291fc61
4136,4136,0,2a000a000000eeffd2ffd2ff1c00fcfffaff0c002c000c00d4ffe4ff1e000e00,220002000c00eafff2ffe2ff0a000a00d2ffd2fff8fff8fffaff0c00ecffbcff,0e000e000400f6ffdeffdeff140014000800ccfffeffeeff0000200006000600,3000defff8ff1600fcffecff14001400886174d0409216624251229100eb9a51
4137,4137,0,ecff1a0010001000f2ff00000c000c00cafffaff0c00fefff4ffe4ff0e002e00,e4ffe4ff0c000c002e00f2ffeafffaffe2ff0400540016000c00fafffcfffcff,0e009cff32000400eeffdeffe4ffd4fffafffafffeff1c000000eefff6fff6ff,1000deff16000600dcffecff3400c4ff9e51fc907ee9d252eed0ecebfc6108d0
4138,4138,0,fcff0a0010000000f2ff2000ecffecffcaff1c002c002c0002002200feff1e00,0200f4fffaffeaff2e00f2fffaff0a00f2ffd2ff260054001c000c001c00fcff,0e000e00f6ff04000000eeff0400f4ff1800eafffeff0c00200060001600f6ff,ceff00001600cafffcff30002400d4fff4d01eeac661bed0d2907a612a526291
4139,4139,0,ecffecff0000eeffe2ff1000fcfffcfffaffeaff1c001c0022002200eeffeeff,1200f4fffafffaff0000e2ff0a000a00f2ff04001600d8ff0c00eaff3c000c00,0e00fcff1400f6ff0000deff04000400faffeafffefffeff100010001600f6ff,eeff0000f8ffe8ff0e000e00d4ff2400dc9048619253d091a6e9b2512cd124ea
4140,4140,0,fcfffcff1000eefff2ff0000fcfffcff0c00faff0c00feff020002002e00feff,22001200eaff0c00e2ffe2ff1a000a00040004002600f8ffeaff0c00fcffccff,0e001e000400f6ffeeffeeff14002400faff0800feffeeff0000eefff6ff0600,eeff1000f8fff8ff1e00fcffc4ff140052e948521cd10ee95a6172d222917c61
4141,4141,0,fcffecffeeff10001000f2ffecfffcffdaff0c00eeff2c01020002001e001e00,1200f4fffafffaff2000e2fffaffeafff2fff2ff360026000c000c00dcffdcff,fcffdcfff6ff040000000000f4ffe4ff08000800eeff660020000000f6fff6ff,0000deffe8ff7200fcffecff2400e4ffd8600ed2d091e0603a53129124e90653
4142,4142,0,ecfffcff10001000f2fff2ff1c000c00fafffaff2c001c00e4ffe4ff0e000e00,02001200eafffafff2fff2ff0a000a00e2ff1400f8ff1600faff2c000c00dcff,1e00fcff0400f6ff0000eeff1400f4ff0800faff0c000c0020000000f6ff2600,0000deff46001600fcff0e001400f4fffa52fc9000e85254c2d2c8e7b260fcd1
4143,4143,0,0a00fcff100020000000f2ff0c000c00faffeaff0c00eeff0200d4ff2e003e00,e4fff4ff0c00eaffd4fff2fffafffafff2fff2ff260026002c001c00dcffecff,0e002e000400f6ffeeff00000400f4ff2800fafffeff0c00300000002600f6ff,beff10000600daff0e001e00f4ff1400f0d262e81061dad1a2902a611653d890
4144,4144,0,ecff1a00eeffceffe2fff2ff0c00fcff2c000c000c00eeff1200f4fffeff0e00,120012001c00faff2e00d4ffeaff0a000400f2ffe8ff2600eaff0c00ecffdcff,2e00fcfff6fff6ffeeffdeff04000400faff08001c00feff3000deff16000600,eeff00000600f8ff30000e00f4ff14009c9078606254f0913ce81c548cd26ae8
4145,4145,0,fcffdcff0000eeff00001000fcff0c00eaff1c001c002c01e4fff4ffeeff0e00,e4ff02000c00faffe2ff1000faff1a00f2ff0400460006001c00faff9cffacff,0e001e00140022001000deff0400e4fffafffaff0c00feff20000000f6ff3600,10000000f8ff06003000ecff0400540002e81a53fad160e77a60b2d2d8909260
4146,4146,0,fcfffcff00001000e2fff2ff0c000c00faff1c00eeff1c002200e4ff2e003e00,f4ff1200fafffaff2e002e00eaff0a000400d2ff2600e8ff1c000c001c000c00,2e00fcff0400f6ff1000deff34000400eaff0800feff0c0000003000f6ff3600,3000eeffdaff64000e000e0014000400286010d30092c2604c549290aae78653
4147,4147,0,fcfffcff0000000000001000ecff0c00faffdaff0c000c00120002001e000e00,02001200faffeaffd4ffd4fffafffaff3600040036000600eaff0c00ecfffcff,0e000e00f6fff6ff1000bcff14002400faff08001c001c00eeffdeff0600f6ff,2000eeff1600e8fffcff1e00440024009a538c9010e7c25424d438e7ea5fced3
4148,4148,0,fcfffcff00000000e2ff0000fcffecff0c001c001c000c0002003000eeff0e00,02000200dafffafff2fff2fffaff0a00e2ff04000600f8ff1c000c00dcff0c00,0e001e002200140000000000f4ff04000800eaffe0fffeff100000000600f6ff,deff20004600daff0e001e00f4ffe4fff0d3ace6dc5f50d58290c65f4654c890
4149,4149,0,0a00fcffeeffeefff2ff0000fcfffcfffaffeaff1c00feff22001200eeffeeff,e4ff0200fafffaffe2ff2e000a00faffe2ff0400160026002c000c001c00ccff,dcff2e0014001400eeff10000400f4ff080018000c00eeff00000000f6ff0600,eeff4800f8ffdaff0e000e00b4ff54008c90e85f7055d0916ae54c543ed4a8e6
4150,4150,0,fcffecffeeff0000e2fff2fffcffdcfffaffcaff1c002c00020012000e00eeff,02000200eafffaffe2ffe2ffeafffaff04000400360026002c001c00fcffdcff,0e000e00e6ff14002000000014002400faff0800fefffeff40000000f6fff6ff,10001000e8ff16003000fcffd4ff34001ce6f654f0d584e5c65f64d5a8908a5f
4151,4151,0,1a00fcff100000002000e2fffcffecff1c00caff0c00eeffc6ff22000e000e00,120012001c00fafff2fff2ff0a000a00f2ff1400f8ff26001c00faff1c00dcff,fcfffcfff6fff6ff0000100024001400faff08000c000c00deffeeff06000600,3000defff8ff1600fcffecff24000400225f6cd5a091ac5f0c558290a8e59e54
4152,4152,0,fcff1a00eeff0000f2fff2ff0c00ecfffaff1c00eeff0c00f4ff0200eeff0e00,0200f4ffeaff0c002e00e2ff0a00faffc0ff0400260026000c00eaffdcff0c00,0e000e00040014000000eeff04001400eaffdaffe0fffeff20001000f6fff6ff,100000001600f8ffecff1e004400d4ff26557c9004e55e5664d54ae42a5f66d5
4153,4153,0,fcffecff00000000f2fff2ffecfffcffeaff0c00eeffdeff22003000eefffeff,f4ff02000c00faff3e00e2ff0a001a00f2ff0400f8ff54001c001c00dcfffcff,dcff0e00f6fff6ffdeff100014001400faffdaff0c00feff0000eeff16001600,deff10001600cafffcff30000400f4ff9cd500e5045fbed67290665f3e558890
4154,4154,0,fcff2a000000eeff100020000c00fcfffaffdafffeff1c00220002002e00feff,f4ff1200eaffeaff2e00e2ff1a00eaff0400e2fff8ff06002c00faffecff0c00,1e00ccffd8ff0400eeff100004000400daff28000c001c0000000000f6ff1600,eeff00001600e8ff4000fcffe4ff14008c90e25eae56b0912ae45c5636d618e5
4155,4155,0,0a00fcff00001000d2ff0000fcff0c001c00daff0c00eeff12000200eeff0e00,120012000c00fafff2ffe2ff5a001a0014000400f8ff46000c001c002c00ecff,fcff0e001400f6ff0000000014002400faffeaff0c00eeff10000000f6ff1600,00001000cafff8ff3000ecff04002400cae332568cd7b4e4065f94d57890a25e
4156,4156,0,fcff0a000000200010000000ecffecfffaff1c00e2fecefff4ff2200feffeeff,02000200faff0c00d4ff0000eafffafff2ff2400160046000c000c00dcfffcff,fcfffcfff6ff32002000100024000400faffdaff0c000c00eeffeefff6fff6ff,1000eeffdaff54003000ecff2400f4ff825ec8d67091a45e8c565290b8e4be55
4157,4157,0,fcfffcff1000eeffe2ff1000ecfffcffdafffafffeffeeffe4ffe4ff0e00feff,220012000c000c0020004c00fafffaff14002400540036001c002c00ccffecff,fcff0e0004000400eeff000004002400280028000c00feffdeffeeff06001600,100000006400e8fffcff300024000400a2566c9074e31e57f4d6fae3225ec6d6
4158,4158,0,dcfffcff0000defff2ff0000fcffecff0c00faff0c004c000200f4fffeff0e00,e4ff12001c000c000000f2fffaffeafff2fff2fff8ff16002c00faffdcffecff,fcff0e00040004000000eeff0400e4fffaffdafffeff0c00000000000600e6ff,00000000f8ffdafffcff0e001400e4ffced7eae2b85d9cd84290465e6e567890
4159,4159,0,fcff1a000000defff2ffd2fffcff0c00cafffaff2c012c00020012002e000e00,02000200fafffaff2e00f2ff0a005a000400f2ffd8ffe8fffaff0c00dcffdcff,0e001e000400f6ff1000000014002400eaff08001c001c00ceff0000d6ff2600,eeff2000f8fff8fffcff3000b4ff14006c90325e3e57a091f8e2bc567ed7a0e3
4160,4160,0,0a00fcff0000deff2000f2ffdcffecffdaffcaff1c002c001200e4ff0e000e00,f4ff0200dafffaff3e00e2ff0a001a00e2ff04001600f8ff0c000c00bcffccff,0e001e00040014001000ceff0400f4ffbcffdaffeeff0c0020000000f6ffe6ff,10001000f8ff06004000dcffd4ffd4ff3ae29256ecd8b4e2465eb8d86890925d
4161,4161,0,0a001a00eeff00001000e2ff1c00ecfffaffcaff2c011c0012001200eefffeff,e4ff02001c00daff3e00d4ff0a000a0024001400d8ffd8ff1c00faff0c00ecff,0e00fcff0400f6ff00000000040024000800eaff0c00e0ff000020000600e6ff,20000000f8ff06000e000e0024002400565d3ed88091985d5c57829064e21657
4162,4162,0,fcffdcff0000ceff0000f2ff0c00ecfffaffeafff2fefeff020002000e00feff,e4ffe4ffeaff0c0020002000faff0a0004001400d8ff16000c000c00dcff1c00,ecff0e00040004000000deff140004002800faffeeff0c000000200016000600,0000eeff0600f8ffecff1e004400c4ff62575c9020e2f458f8d8e4e0525dd0d8
4163,4163,0,1a000a0010002000f2ff0000ecff0c00baff0c00eeff2c00e4ff12000e00feff,02000200faffeafff2ff20000a000a00d2ff1400360054000c000c00fcffdcff,fcff0e0004001400eeffeeff14001400fafffafffeff0c0000001000f6ffe6ff,eeff20003600e8ffbaff30000400f4ff4ed9aee1485d02da4290c65dd6574890
4164,4164,0,fcffecff10001000e2ffe2ffecfffcfffafffaffceffeefff4ff02000e000e00,f4ffe4ff0c000c002000e2fffaffeaff1400f2ff060026000c000c009cffdcff,dcffecfff6fff6ffeeffdeff14000400dafffaff0c000c0000000000f6fff6ff,deff10000600e8ff40003000e4ffe4ff5c90f65c04598091f4e0605880d964e1
4165,4165,0,fcff0a000000eeff0000f2ff0c00ecffdafffaffceffeeff1200f4ff0e001e00,e4ff1200faff1c002000c4ffeaffeaff2400f2fff8fff8ff2c000c00fcffdcff,0e00ecfff6fff6ffdeffdeff040014000800daff0c00eeffeeff000016002600,10001000daffdaff1e00fcff04001400fee0f857c8dab2e0b65c18d95890125d
4166,4166,0,1a00fcff00000000d2ff1000fcfffcffbaffdaffeeffeeff12001200feffeeff,f4ffe4ff0c000c00f2ff20001a00faffe2ff14001600d8ff0c002c00ecffdcff,fcfffcfff6ff14001000000014000400faffdaff0c000c00eeffeefff6fff6ff,3000eeffe8ff4600fcffdcff14000400865c28da6091a85c6058ee8fd4e0c657
4167,4167,0,fcff1a001000eefff2ffd2ffecff1c00faffdaffe2fe0c001200e4ff0e00feff,02000200fafffaffe2ffd4fffaffeaffe2ff140026001600eaff0c00ccff1c00,0e001e00140014001000defff4ff1400faff0800e0ffeeff00002000e6fff6ff,2000eefff8ff5400baff40002400d4ff78585c9042e034593cdac4e0b25cb0d9
4168,4168,0,0a00fcff10000000e2fff2ff0c00dcfffaffdaffeefffeff1200f4ffeeffeeff,f4ffe4ff0c000c003e00e2ff0a00faffe2fff2ff1600f8ff0c00eaffacffbcff,0e000e0004000400eeffeeff140004001800bcffeeff0c0000000000f6fff6ff,ceff1000f8ffe8ffecff40006400e4ff9adacedfa85c48db6290865ca8586890
4169,4169,0,fcff1a001000eefff2ff1000ecffecfffafffaffe2fedeff12001200eefffeff,f4fff4fffafffaff0000e2ff0a000a0004001400e8ff0600fafffaffccffecff,fcfffcfff6ff0400000000001400140036001800feffeeffeeffeefff6ff0600,deff10000600caff0e004000e4ff14005c90d25bb459909180dfc058c0da94e0
4170,4170,0,ecfffcff100010000000f2fffcff1c00cafffaffeeffeeff0200e4ff0e00eeff,12000200dafffaff0000f2ff5a000a00f2ffe2ff060036000c00faffecff0c00,dcfffcff04001400eeff000014001400eaff08000c00feff0000000006000600,00001000e8ff06003000ecffd4ff2400f8dee85818dc64df065c3cdb5890fa5b
4171,4171,0,fcffecff10001000e2ffe2ffecffecff0c00daffeeffeeff1200f4ffdefffeff,e4ff1200faff0c000000f2fffafffafff2ff1400e8ff26000c002c00ecffccff,fcffecff1400f6ff00001000040004003600eaff0c00eeff1000eeff16000600,2000deffdaff46001e00dcffe4ff5400c25b6adb0a91185c2059629092df2859
4172,4172,0,1a00dcff0000000010000000fcfffcffcaffdafffeffceff12003000eeff0e00,0200e4ff0c00eaffe2ffe2fffafffaff0400f2ff5400f8ff2c000c00ccffdcff,fcfffcfff6ff14001000eeff44000400bcff1800e0ff1c0000000000f6fff6ff,0000eeff16000600fcff1e002400f4ff68593c90a4de2a5a50dc60de6a5be2db
4173,4173,0,fcfffcff0000000010002000ecffecfffafffaff1c000c0002002200feff2e00,f6fff6ffeaffeafff2ffe2fffafffaffe2ff0400360036000c001c00dcff2c00,1e001e001400f6ff0000eeff0400140036000800fefffeffeeff10000600f6ff,eeff00004600bafffcff1e0014000400ccdcb8de685ba8dc6290445bb8595890
4174,4174,0,2a000a000000deff0000e2ff1c00fcffdaff0c00eeffeeffe4ff3000feffeeff,f6ff04000c00fafff2fff2ff1a001a0014001400d8fff8ff2c00fafffcfffcff,2e001e000400f6ff0000100024001400eafffaff1c00eeff000000000600f6ff,00004000e8ffdaff1e000e00d4ff04003c90b45ada5a709130de245a42dc4ade
4175,4175,0,fcff1a0000001000e2fff2ffdcff1c00fafffaff1c002c0012001200eeff0e00,140004001c00faff3e00e2fffafffaffe2ff0400360006003c000c00fcffecff,fcff0e0014000400eeffdeff0400f4fffaff2800fefffeff10000000d6ff0600,00001000dafff8ff1e00dcff140004008cdd225ad6dd46de245b50dc3890ea5a
4176,4176,0,bcfffcffdeff1000f2ff0000fcfffcfffafffaffe2fefeff1200e4ffeeffeeff,040004000c001c00200020000a00faff040004001600f8ff2c002c00dcfffcff,fcff0e00f6fff6ff20001000040014002800eaffeefffeff20004000f6ff1600,1000ceffdaff1600fcffdcff2400f4ff425a7cdd5091385b845a7290aadd185a
4177,4177,0,0a000a0010002000000000000c00ecffcaffcaff1c00d2fe40000200deffdeff,04000400fafffaffe2ffd4ff0a00faff24000400360036003c002c00ecffecff,1e00dcfff6fff6ff0000000024002400eaffeaff0c00feffeeff000006000600,2000eeff1600f8ffecff1e004400f4ff625a3c9036ddba5ab0dd00de6e5a7add
4178,4178,0,fcfffcff0000eeffe2ffe2ff0c00fcffeafffaff0c000c0002002200feffceff,140014000c000c00e2ff00001a000a00f2ff0400f8ff16002c001c000c00dcff,0e001e0014001400eeff100024002400faff08000c001c00eeff2000f6ff2600,deffeeff5400daffdcff3000f4fff4ff38de0cddea5a26de5290445abe5a3890
4179,4179,0,fcfffcff1000000010001000fcff0c001c00faff0c000c000200f4ffeeffeeff,1400e6ff0c003c00e2ff00000a000a0014001400360006000c001c00ecffdcff,ecff0e0014000400deff0000f4fff4fffafffaff0c001c001000eeff06000600,ceff58000600cafffcfffcffe4ff04007c909859585ba091b0dcd45a1adedadc
4180,4180,0,1a000a00000010002000e2fffcff0c00faff0c00eeff2c0002000200deffceff,04001400eafffaff200000001a000a000400f2fff8ff36002c000c00ecfffcff,0e000e00e6fff6ffeeff10001400140018000800eeff0c0020000000f6ff0600,10000000daffe8ff5000ecffe4ff140008dcd45a84df38dcd05930df5890b859
4181,4181,0,fcfffcff100010001000f2fffcff1c000c000c00deff0c00f4ff02000e00eeff,e6ff14001c00faffd4ff20000a000a00f2ff0400360006001c001c00dcffdcff,0e000e00140004000000deff1400140008000800eeff0c000000eefff6fff6ff,0000eeffdaff46001e00fcfff4ff1400385938df70919a5ad65b429062dc1a5b
4182,4182,0,1a001a000000eefff2ff10001c000c00caff0c00e2fee2fef4ff22000e001e00,1400e6fffaffeafff2ffe2ff0a00eaff04001400160016002c00faffdcffdcff,1e000e0022001400eeff00002400140018002800eefffeffeeffdeff0600f6ff,0000deff1600f8ffecfffcff1400f4fff25b7c90f8db585c40dfdcda185942df
4183,4183,0,0a002a00eeff0000e2fff2fffcffecffdafffaffeefffefff4ff4000eeffeeff,e6ff1400fafffaff2e000000faff0a00f2fff2ff06001600faff0c000c00dcff,dcff1e00140022001000000014000400eaffeaffeefffeff000020001600e6ff,deff10004600daff0e001e00e4ffe4ffcedfcadafa5902e0429070599a5b0890
4184,4184,0,ecffecffdeff1000f2fff2ffdcffecffeafffaff0c00e2fe02003000eeffeeff,140014000c001c00e2ffe2fffaff1a00f2ffd2ffe8ffe8ff0c002c00ecffccff,1e001e00f6fff6ffeeffeeff1400140028002800feff0c00ceffdeff06000600,eeff1000e8ffdaff30000e00e4ff04003c90f858a85c60910cdba65cd2dfd0da
4185,4185,0,0a00dcff0000eeff0000f2ffecff0c00faffeafffeff2c00120002000e00feff,040004000c000c00f2ff0000faff0a00f2ff0400160036002c000c00ecffecff,1e000e000400d8ff1000ceff240014001800faff0c00feff1000eeffe6ff0600,10001000060006001e00ecffd4ff340028daa65c12e1b8dad058b0df3890c858
4186,4186,0,1a000a000000eeffe2fff2ff0c000c00faff0c00eeffeeffe4fff4ff0e00eeff,0400f6ff0c00eaffe2ff2e000a001a00f2fff2fff8ff06000c00faff0c00fcff,fcff1e001400140000000000f4ff2400280028000c000c00eeff1000f6ff0600,3000defff8ff16000e00ecff040014003858cee090914459665c429000da0a5c
4187,4187,0,fcff2a0000000000e2ffe2ffecffecfffaff0c00feff0c000200f4fffeffeeff,f6ff04000c000c00f2ff00000a00faff04001400f8ff1600faff2c00dcffecff,1e00ecff0400f6ffeeff000044000400faff2800e0fffeff0000000006001600,0000ceff0600f8fffcff0e002400f4ffb65c3c9078da185d04e12cda5858d4e0
4188,4188,0,0a00ecff00000000000000000c00fcffdaff0c00e2fe0c004000f4ff0e00feff,f6ff3200eaff0c002e002000fafffaff04001400260016000c00faff9cffdcff,0e000e001400f6ff000000001400f4ff4600fafffefffeffeeffeeff26000600,eeff00001600caff0e0030000400d4ff0ee15ed9845832e142905058025d3890
4189,4189,0,1a000a00deff0000e2ff1000fcfffcff1c002c000c00eefff4ff0200feffeeff,f6ffe6fffaffeaffe2fff2ff1a000a0024001400360036000c00faffecfffcff,0e001e00f6ff0400deffdeff04001400eaff28001c00e0ff0000000006000600,eeff30000600f8fffcff1e00e4ff14003c902858785d6091d8d8965cb4e1b0d9
4190,4190,0,fcfffcff0000eeff0000e2ffecff0c003c002c00fefffeff2200f4ffeeffdeff,04000400faff0c00e2fff2fffaff0a0024002400260016000c000c00ccffecff,dcffdcfff6ff040020000000d4fff4ffdaffdaff0c000c002000eefff6ff0600,00000000f8ff0600ecffcaff040024006ed8f65cb2e144d9305808e23890c657
4191,4191,0,fcffecff000020000000f2ffecffdcffdafffaffeeff0c00020002003e000e00,04001400fafffafff2ff00000a000a00f2ffe2ff0600b8ff0c00faffdcffccff,0e00ecff04002200100000001400040008002800feffe0ff200040000600f6ff,1000deffdaff06000e00ecff2400240022572ae28091e057665d5290b0d8325d
4192,4192,0,0a00bcff10000000e2fff2ffecfffcff0c00faffeeffeefff4ff02001e00feff,1400f6ffeafffaff1000e2fffaffeafff2ffe2ff060026001c00eafffcffecff,0e00ecff14000400eeff1000140014002800faff2a00eeff000030000600d6ff,1000eefff8fff8ffecff0e001400e4ff965d5c904cd8b85d88e268d8565764e2
4193,4193,0,fcff0a0020002000e2fff2fffcff0c00eafffaff1c00feffe4ffe4ffeeff1e00,f6ff0400dafffaff2e0000000a001a00e2ff0400f8fff8ff0c003c00ecffecff,0e000e00f6ff0400deff0000140014003600faff1c000c000000000006000600,eeff10000600baffdcff0e000400e4ffcae20ed8d057f4e252902c57b25d7890
4194,4194,0,fcfffcff0000000000001000fcff0c001c00daff2c000c001200f4ffeefffeff,f6ff24000c000c00e2ffe2ff0a000a00e2fff2ff260016001c00faffbcfffcff,0e000e0014000400000020000400b4ffeaff1800feffeeffeeffeeffe6ffe6ff,ceff5800160016000e000e00d4ff04004c90d256b45e709104d7565eb0e378d7
4195,4195,0,fcfffcff200010001000f2ffbcfffcffdaff1c00e2fe0c00e4fff4ff0e00feff,0400f6ffeaff0c000000e2ff0a00eaff0400f2ff360036001c000c00ecff0c00,fcff0e001400e6ff0000eeff0400f4fffaffdafffeffe0ff0000eeff1600e6ff,20001000f8ff06000e00fcff0400140018d7325ea4e4acd7dc5608e378907e56
4196,4196,0,ecfffcffdeff10001000f2fffcffecfffaffcaff2c001c00f4fff4ff0e000e00,f6fff6fffafffaff3e000000faffeaff1400f2ff260016000c00faffecfffcff,fcffecfff6ff1400deffeefff4fff4ff2800daff1c00feff0000eeff1600f6ff,4800ceffdaff4600ecfffcff140004008256dae36091c056b65e6290b0d6e25d
4197,4197,0,0a000a0020000000100020001c000c000c000c00feff1c0012000200feff1e00,040014000c00faffe2ffd4ff1a00eaff14001400260016001c000c00ecffdcff,0e00dcff04001400ceffdeff04002400360018001c00feff100000000600f6ff,1000eeff16000600baffecff1400e4ffa25e7c901cd7b45e32e534d7ee5550e4
4198,4198,0,bcff0a0000000000d2fff2fffcffccff0c00daff0c000c00f4ff0200feffeeff,1200d4fffaff0c00e2fff2ff0a00fafff2fff2ff060006001c000c00ccff0c00,fcffdcff220014000000100004001400fafffafffefffeff20003000e6ffd6ff,ceff20000600daffecff1e001400e4ff0ae448d69e56d4e442901c56925e8890
4199,4199,0,fcfffcff2000cefff2fff2fffcff0c00daff0c00feff0c0002000200feffdeff,02000200faff0c00e2ff2e00fafffaffe2ffe2ff060036000c00faffdcff0c00,0e000e001400f6ff100000001400f4fffaff08000c000c00ceff2000f6ffe6ff,deff5800f8ffe8ff0e000e00140014005c90b655445f7091e4d5b65e68e520d6
4200,4200,0,fcffecff00000000000010000c00fcffdaffcaff1c00eeff1200e4ff1e000e00,020002000c00faff2e00f2ff1a00eaff0400f2ffe8ffd8fffaff0c00bcfffcff,0e001e000400f6ffeeffeeff0400f4fffaff3600fefffeff2000deff26001600,0000eeffdaffcaff3000caff040054009cd5e25ea2e5aed60c5642e698908e55
4201,4201,0,fcfffcff0000eeffe2ff00000c000c000c00faffeeffeeffe4ff02000e003e00,f4fff4ff0c00faff3e00d4ff0a000a000400040036002600faff0c00ccffdcff,0e00dcffe6ff0400eeffeeff04001400faff4600feff1c00000020000600f6ff,1000cefff8fff8ff0e00ecff2400e4ff565550e5b0915e56565fa29090d50a5f
4202,4202,0,fcfffcffeeff1000f2ff00001c00fcff1c00daff2c010c00f4fff4ffeeff0e00,f4fff4ffeafffafff2ff2e00fafffaff0400f2ff060036001c000c00fcfffcff,0e001e00f6ff04000000eeff0400e4ff0800fafffefffeffeeff20000600e6ff,0000eeff0600f8ffecff1e000400f4ff725f9c9090d5b45fe2e6a4d4ce54a8e5
4203,4203,0,fcfffcff10000000e2fff2ffdcfffcffcafffaffdefffeffe4ffe4ffeeff0e00,120012000c00faffe2ff3e00fafffaff0400d2ff360036000c000c00dcffecff,fcff1e00f6fff6ffeeffdeff24001400daff2800feffeeffeeffeeff0600f6ff,eeff00006400dafffcff3000f4ff0400bce6bcd4605590e6d29068548a5f9890
4204,4204,0,ecffecffeeff0000f2ff10001c001c00faff0c00deff0c0012003000eeffdeff,f4ffe4ffcaffeaff20000000fafffaff14000400d8ffe8ff1c00fafffcffbcff,0e000e00f6fff6ffdeffdeff04002400360036000c00eeffeeffdefff6fff6ff,deff10000600daff0e000e00f4ff04009c90a6540460809124d43a6040e7b0d4
4205,4205,0,ecffecffeeff0000f2ffe2fffcff0c00eaff0c00deff0c0002001200feffbeff,f4ff1200eaff0c002e00e2ffeaff0a00f2ff0400060036000c000c00ccffecff,0e001e00d8ff04000000eeff04002400ccff2800feff1c002000eefff6fff6ff,00001000daff46003000ecffd4ff240000d32860e0e640d40854e2e68890ce54
4206,4206,0,ecffbcff1000eeffe2ff00000c001c000c001c00eeffeefff4ff22002e00deff,f4fff4fffaff0c0010002e000a00faff1400f2ff160006000c00caff0c00dcff,1e00fcff04001400100000002400f4ff0800fafffeff2a00deff2000e6ff0600,0000deff06001600fcfffcff2400f4ff32544ce7b09120557a609290a8d3ca5f
4207,4207,0,bcfffcffeeff0000f2fff2fffcfffcff0c00faff0c00fefff4ff02003e002e00,e4ff0200faffeaffe2ffe2fffaffdaff14000400160026003c003c00ccffecff,0e000e000400e6ff0000eeff04000400faffccffeeff1c00eeff000016000600,0000eeff160006000e001e002400f4ff7860cc9030d4a26016e804d4c65350e7
4208,4208,0,fcfffcffeeffeeffe2ff2000fcffecffeafffaffeeff2c00f4ffe4fffeff8c00,02000200dafffaffe2ff2e000a000a00f2ff1400360036000c00faffccffecff,fcfffcfff6fff6ffeeff000014001400280046002a000c000000eeff0600f6ff,eeff00001600f8fffcff1e003400d4ff32e86ed2725400e8029116539c60b890
4209,4209,0,0a00fcffeeffeefff2ff1000dcfffcfffaff0c000c002c00f4ff02000e00deff,f4ff0200fafffaff0000e2ff0a001a0024002400460016000c001c00ccff0c00,fcff2e000400f6ffeeff000004003400280028001c00feffeeff00000600e6ff,ceff10004600e8ff1e000e00040024009c90b2531061c091c2d2aa602ae808d3
4210,4210,0,2a00fcff0000eefff2ff0000dcffecfffafffaff4c00eeff2200f4fffefffeff,f4ffe4ffeafffaffd4ff2e00fafffaff0400f2ff060074000c000c00ccfffcff,ecfffcfff6ffe6ffeeff200014001400faff08000c001c0000004000f6ff0600,30000000e8ffdaff3000ecff040024007ed2a86010e8b2d3165396e9d8905653
4211,4211,0,fcfffcff2000200000000000dcffecff0c000c000c000c0022003000deff0e00,f4fff4ffeafffafff2ff2e000a001a00f2ff04004600f8ff0c00faff9cffccff,fcff0e00040004000000deff2400f4ff1800eaffeeff0c0000003000f6ff0600,4800deffe8ff06000e00caff540004009852d2e8c09172543a61f2903cd21c61
4212,4212,0,0a00fcffeeff0000f2ff0000ecffecffdafffaff2c002c00400002000e00feff,020002000c00eafff2ff0000fafffafff2fff2ff060036001c002c000c000c00,1e00fcfff6ff14000000defff4ff14000800faffeeffeeffeeff40000600f6ff,1000ceff06005400caff3000540004000861cc9096d030611aea1ed11653c4e9
4213,4213,0,ecffecff10000000000000000c00fcffdaff1c00eeffe2fe0200e4ff0e00eeff,020002001c000c00f2ffe2ff0a00faff0400f2ff260006000c000c00fcffecff,9cff1e00040014002000eefff4ff0400180028000c00feff200020000600f6ff,beff58006400f8fffcff0e0034002400fee974d192538ee9d29096529c61e890
4214,4214,0,0a00ecff10001000e2fff2ffecfffcff0c00dafff2fed2fe1200f4ff2e00eeff,1200e4ffeaffdaffe2ff20000a00eafff2fff2ff060036000c001c00ccffecff,fcff0e0004000400eeff200014000400080036000c00eeffdeff3000f6fff6ff,000010001600e8ff1e00fcff04002400dc90be516061f0914ed12e6214ea6cd1
4215,4215,0,0a00fcff00002000f2fff2ffecfffcff0c001c001c002c0002000200ceff0e00,02001200fafffafff2ffe2ff0a001a00f2ff04000600f8ffeaff0c008cffccff,ecff1e00f6ff04001000eeff04001400bcff28000c001c00100000000600f6ff,eeff0000f8ff16000e00ecffd4ff240074d088617eea8ecf82515aea22912a52
4216,4216,0,0a00fcff00000000e2fff2ffdcfffcff0c00faff4c001c00f4fff4ff0e000e00,f4ff0200faffeaffd4ff3e000a00eaff140014001600f8ff0c00eaffecff0c00,1e00fcfff6ff140000000000040014002800faff1c00feff20000000f6ff0600,0000deffcaff1600ecffecff1400e4ff4e515eeae091b252ba61229192d0dc61
4217,4217,0,fcff1a00100000000000f2ffdcffdcfffafffaffeeff1c001200f4fffeffeeff,e4fff4ff0c00eaffe2ffe2ff1a00daff04000400f8ff0600eaffeafffcffdcff,0e000e00040004000000eeff04000400faffeaff0c001c00eeffeeffe6fff6ff,2000deff1600e8ffcaff0e0024000400a8611c911ecf36623aebced0aa5180eb
4218,4218,0,fcffecff00000000d2fff2fffcfffcfffaff0c000c000c00e4ff1200eeffeeff,d4ffe4ffeaff0c0000000000eaff0a00f2ffe2ff540026001c001c00ecffccff,0e001e00e6fff6ff1000eeff0400f4ffeaffacff0c000c0030002000e6ffd6ff,deff00000600e8ffdcff30002400d4ff7eeb34d0825266eb1291d2505c627291
4219,4219,0,ecff0a001000deff0000f2ffdcfffcfffaff0c000c00eeff020012001e001e00,f4ff1200fafffaff0000e2ffdaff5a0004000400460036000c00fafffcffdcff,0e00fcfff6ff14000000eeff140024003600faff0c000c000000eeff06000600,eeff30004600daff0e000e00c4ff24000c91ee50d66210928acf3e62d0ebf2cf
4220,4220,0,dcffecff000000000000e2ffdcfffcffdaff0c000c002c00220012000e000e00,f4ff0200faffeafff2ffe2ff0a00fafff2fff2ff060006000c000c000c00ecff,fcff1e0004000400eeffeeff14000400fafffaffeefffeff000010001600f6ff,0000eeffdafff8ff3000ecff040034005ecf446204ec8ece6250aced4291a050
4221,4221,0,1a001a000000eeff0000e2fffcffecff1c001c00feff1c002200f4ffeeffeeff,0200f4fffaff0c00d4ff3e000a000a00f2ff0400460036000c000c00dcff0c00,0e000e00f6fff6ff0000eefff4ff040008004600feff0c0020000000e6fff6ff,0000ceffe8ff54000e00ecff1400f4ff7e50deeb40926e51be62229148cf8c62
4222,4222,0,fcff0a00eeffdeffe2ff0000fcfffcfffafffaff0c00deff22001200ceffeeff,f4fff4fffaff0c000000d4fffaff0a00e2fff2ff260006002c000c00fcff1c00,dcfffcfff6ff040010001000f4fff4ffdafffaffeeff0c0000002000f6ff3600,3000deff16001600dcfffcff0400d4ffb4620c9102cd16631ceeaace7050f6ec
4223,4223,0,ecfffcffeeffdefff2ff1000fcffdcff0c00faffeeff0c00220002000e00feff,14002400eafffaff20002e001a000a00f2fff2ff0600f8ff1c003c001c00fcff,0e003e0022002200eeff0000f4ff14000800daff0c00eeffeeff3000e6ff3600,000000004600daffdcff3000440024008cecaece3e5194ec1291325028637291
4224,4224,0,0a00ecffceff0000f2ff0000fcfffcffdaffdaff2a001c00020022001e000e00,f6fff6fffafffaff2e00f2ffeaff0a00e2ff2400460046002c00eaffecffdcff,fcff0e001400f6ffceff0000140004000800fafffefffeff10002000f6fff6ff,ceff10004600e8fffcff30000400f4ff2c91a84f46633092bace2e6346ed60ce
4225,4225,0,fcff0a0000001000f2ffe2ffecff0c00daffdaffeeff0c0002000200fefffeff,0400e6ff0c00eaff20003e00fafffafff2ff0400260006002c002c00dcffecff,0e001e00f6fff6ffeeff000004000400180028000c00feff3000000006002600,10000000dafff8ff1e00ecffd4ff34003ecee46274ed02cd2e4fbced8291b04f
4226,4226,0,fcfffcffdeff3000f2ff1000ecfffcffeafffafffeff4800120040000e000e00,e6ff04000c00faff3e00f2ff0a00eaff0400f2ff060046001c000c00ccffdcff,0e000e00f6ff1400eeffeeff04001400eaffeaffeeff0c003000eeff06001600,0000befff8ff4600fcfffcff1400e4ff984f2cee60926e503e63929150cd7863
4227,4227,0,0a00fcff100000000000e2ffdcfffcfffaff0c00feffeeff300002000e00eeff,14002400faffeaffe2fff2fffaffeaff040014003600f8ffeafffaffecffdcff,0e00ecfff6ffd8ffeeffeeff14000400eaff3600fefffeffeeffeefff6fff6ff,1000ceff06001600dcff1e001400140024636c9132ccb663dceeeacd304f1aee
4228,4228,0,ecfffcff00000000e2ff0000ecffdcffcafffafffefffeff1200d4ffeeff2e00,e6ff04000c002c003e00e2fffaffeaffe2fff2ff260026000c00eaffdcfffcff,acfffcff140022002000deff0400f4ffeaff18000c00feff0000400006000600,deffeeff4600e8ff1e001e001400f4ff9ceef2cc9e5024ee52918e4ed8639291
4229,4229,0,fcffecff00000000e2ff0000fcffdcff0c00dafffeff0c000200f4ffdeffeeff,04000400faffeaffe2ff2e00faffdaffe2ffe2fff8ff06001c000c00ecffdcff,1e002e00f6fff6ffeeff20002400f4ffdaff1800fefffeffeeff0000f6fff6ff,deff10001600caff1e001e00f4ff24006c91f84ea66360921acd106470ef10cd
4230,4230,0,ecffecff00000000e2ff0000ecfffcfffaff0c001c000c00120022000e000e00,e6ff1400fafffaff3e00f2ffeaffeafff2ff0400160046000c000c00fcffdcff,0e000e00e6ff1400000010000400f4fffafffaff0c00eeff4000eeffe6fff6ff,00001000f8fff8ff1e00dcff2400140092cc946320ef62cb6e4e10f0d291b04e
4231,4231,0,1a00fcffeeffeeffe2ffd2ff0c00fcff0c00eaff0c00eeffe4ff0200fefffeff,04001400eafffaffe2ff2e000a006a00f2ffd2ff460016000c00cafffcffdcff,0e000e001400f6ff0000100004001400faff0800eeff2a00100020001600f6ff,4000eefff8ff1600fcffecff14002400384e12f0e692124d7064929138cc3864
4232,4232,0,ecfffcff00002000e2fff2ffdcff0c00daff1c001c002a00e4ff3000fefffeff,f6ff24001c000c0020003e00faff0a0004002400060046000c002c00ccffecff,dcff0e001400220000002000040004000800fafffeff1c002000eefff6ff0600,eeffeeff1600f8fffcff0e002400f4ff7a647c91d4ca0464a0f0eacb1a4ef0ef
4233,4233,0,fcff1a000000eeff000010000c00fcff0c00faff1c00eefff4fff4fffeffeeff,e6ff0400fafffaff3e00f2ff0a001a00d2fff2ff06002600faff0c000c00dcff,3e001e000400d8ff200000001400f4ff46002800fefffeff000010001600e6ff,eeff10001600dafffcff0e00f4ffd4ffdcf06ecb444c90efc291ce4db064e291
4234,4234,0,bcffecffeeff00001000f2ffecffdcfffaff0c000c002a001200e4ff0e00eeff,04001400faff0c00f2ff1000faff5a0004000400360036001c003c00ecff1c00,0e000e000400040010000000f4ff0400fafffafffefffeff20000000e6fff6ff,eeff20004600daff30001e00e4ff1400ac919c4db46406938acb90640af178cb
4235,4235,0,fcfffcff00002000f2ff0000fcff0c00faff0c000c00eeff02000200fefffeff,04001400eaff0c003e00f2ff0a000a0004000400f8ff26002c002c002c000c00,fcfffcfff6ff0400200000000400040008001800feff1c000000200006001600,30002000e8ffe8ff0e00ecff040044007ccaea64bef0acc91e4dc0f03292104d
4236,4236,0,ecffecff0000000010000000ecffdcfffafffaffeeff0c001200f4ffeefffeff,04000400faff1c002e00f2fffaff1a00d2ffe2ff06002600faff0c00dcffecff,0e001e00040014001000100014001400eaff28000c001c000000eeffe6ffd6ff,1000eeffe8ff64001e00ecff04003400ac4c18f25693844b506548926cca1065
4237,4237,0,0a001a0000000000000020000c00dcffdaffdafff2fe0c00f4ffe4ff2e002e00,1400e6fffafffaff20002e00dafffaff04000400260006000c002c000c00ecff,1e000e00e6fff6ff10002000f4fff4ffdaffeafffeffe0ffeeffeeff36000600,1000beff0600f8fffcff1e00440004004a653692acc9346540f17acbb04ccaf1
4238,4238,0,fcfffcff00001000000000002c00ecff1c00fafffeff0c0002000200feff0e00,04000400faff0c002e00d4ffeaffeaff1400f2ff360006000c00fafffcff1c00,dcff0e0014000400eeffeeff1400f4ff0800ccffe0fffeffeeff1000f6fff6ff,beff00001600caffecff300024001400a8f2b2c9744b5cf148920e4c10652292
4239,4239,0,fcffecff100000000000f2fffcff0c00caff0c00eeffeeff0200f4ffdeffceff,e6fff6fffaffeaffe2ff2e00fafffaff1400d2ff06003600faff0c002c001c00,fcff1e00f6ff0400ceff100004004400acfffafffeff0c00000010001600f6ff,ceff30001600f8fffcff1e00d4ffe4ff36929c4ca4651693b4c9d064baf2dcc9
4240,4240,0,fcfffcffdeff10001000f2ffecfffcfffaffcaff0c000c0002000200eefffeff,1400f6fffaff0c00f2fff2ff0a00eafff2ff0400260006002c00eaff0c00fcff,0e00dcff1400040000001000f4ff1400eaffdafffeff760000000000f6ffe6ff,eeff1000e8ff46001e00ecffd4ff340012c9f66572f23cc8ce4bc6f36292d84b
4241,4241,0,1a00fcff200020000000f2ff0c00fcfffaffcaff0c00f2fee4ff3000fefffeff,d6ffe6ffeaffeaff2e004c00faff1a00f2fff2ff260054000c000c001c00dcff,fcff0e00e6fff6ffeeff20001400f4fffaffdaffeeff0c000000300006001600,0000beffdaff5400fcffcaff2400f4ff884b68f35693544a4e6668921cc9c065
4242,4242,0,fcffecffdeff000010000000dcff1c00eaff0c000c00eeff1200f4ffeeffdeff,e6ff1400fafffafff2ffe2ff1a00faffe2fff2ff54003600faffeaffecfffcff,9cfffcff0400040020001000140004002800faff1c000c000000000006001600,eeffeeff1600e8ffecff0e003400f4ff266676927ec7026646f4d0c7184be6f3
4243,4243,0,fcfffcff1000defff2ff0000fcffecffeaff0c00eefffefff4ff1200defffeff,f6ff1400daff0c00e2fff2ff0a000a00f2fff2ff360006000c00eaff0c00fcff,fcff1e00e6ff0400eeffeeff3400040018001800fefffeffeeff00001600e6ff,eeff00001600e8ffecff1e0024000400e4f482c8e44a62f36892ae4b20669292
4244,4244,0,0a000a00eeffdeff000010000c00ecffcaff0c00eeffeeffc6ff02000e00eeff,040014001c000c00f2ff3e00eaff0a00f2fff2ff260054001c00eaffecff0c00,dcff1e0014001400eeffdeff04000400180028002a00feff1000000006001600,eeff20001600e8ff0e000e00e4ff44009692564b0266949374c89e66aef422c8
4245,4245,0,fcff0a000000eefff2fff2fffcfffcffdaff0c000c000c0012004000deffeeff,d6ff1400faffeafff2ff2e00fafffaff0400e2ff360016001c001c00fcff1c00,0e009cfff6ff0400eeff2000f4ff2400eafffafffefffeffeeff30000600e6ff,00001000baff06003000fcff040024009cc76666a2f56ec77e4b46f4b292084b
4246,4246,0,ecffecff20001000f2fff2ffecfffcff0c001c002a001c00020002000e00eeff,f6ff14000c00faff0000e2ff5a00fafff2ffe2ff360006000c001c001c00ecff,0e000e0014000400000000001400240028002800eeff0c000000200006000600,30000000dafff8ff0e00ecfff4ff4400e64a20f6a4935e49ce66c892a2c7c266
4247,4247,0,1a000a00eeff000000001000fcffdcffbaff0c00feff0c00f4ff0200deffdeff,e6fff6ff0c00faff000000001a00caff04001400f8ff06002c002c000c00ecff,dcff0e00140004000000defff4ff0400faffccffeefffeff20000000f6ff1600,2000deff06000600dcffecff24001400e666869240c6426696f5d0c7bc494ef5
4248,4248,0,fcfffcff10000000e2fff2ff0c00fcffdaffbaffeeffeeff120002000e00eeff,14000400fafffaff3e000000faff0a001400f2ff360064000c004c00dcff0c00,fcff0e00e6ff0400eeff100014001400280036001c00feff0000200026001600,eeff10005400dafffcff1e000400140080f6ecc6f048d0f608934a49e266f292
4249,4249,0,dcfffcff10001000f2fff2fffcfffcffdaffdaff0c002a00120040000e00feff,e6fff6ff0c00faff2e00f2fffafffaffe2ffc0ff260006001c000c00fcffdcff,dcff0e00f6ff0400eeff0000140014003600eaff0c001c0010003000f6ff0600,ceff2000f8ffe8ff1e001e00e4ff2400f692ac49c066e49368c5fe668ef690c6
4250,4250,0,bcffdcff000010000000f2ffecffecfffaff0c005c002c00f4ff12001e002e00,14001400faff0c0020002e001a00eaff140014000600e8ff0c001c001c002c00,fcff0e00e6fff6ff0000000014002400faff28001c00feff00002000f6ff3600,20001000bafff8ff0e00ecff240034006cc62667bef7a0c5d84856f70293bc49
4251,4251,0,0a00ecff00000000f2fff2fffcff1c000c00faff0c000c000200e4ffdefffeff,1400d6ff0c00daffe2ff2e00fafffafff2ff04002600e8ff1c000c00ecfffcff,dcff0e0014001400eeffdeff04000400faff46001c000c000000eefff6fff6ff,2000eeffe8ff16001e00dcff240024000c4930f7b4931e483e671893d0c55267
4252,4252,0,ecfffcff000010000000e2fffcff1c00eafffaffceffeeff3000e4ff2e00feff,f6ff32000c001c00e2ff2e001a00fafff2ffe2ffd8ff54000c000c00ccffdcff,fcffecff140014000000100004001400faff46000c00feff2000eefff6ff0600,00000000060016000e00fcff440014005667169342c5106776f788c492488ef6
4253,4253,0,fcff1a0000000000e2ff00000c001c00cafffaffe2feeeff22000200feff2e00,d6ffe6fffafffaffe2fff2fffaff1a00f2fff2ff460036000c000c00ecfffcff,fcfffcff040004000000000014000400280008000c00eeff10000000f6fff6ff,deff00001600f8ffdcff0e002400d4ff60f780c59e477ef85893184992675e93
4254,4254,0,ecff0a001000eeff0000f2ffdcffccff0c000c00ceff4c00020002002e00feff,f6fff6ff0c00faff00000000eaffeafff2ff1400260016000c00faff1c00ecff,fcfffcff1400f6ff20001000140014003600faff1c00d0ff00000000f6ffe6ff,eeff1000e8ffdaff0e000e00f4fff4ff26936c482067849498c4ce6716f800c5
4255,4255,0,fcff0a001000eefff2ff1000ecff0c00caffcaffeeffeeff02002200fefffeff,14000400fafffaff2e00e2ff1a001a002400f2ff060054000c00eafffcffccff,1e001e000400f6ff00001000f4ff140008000800feffeeff1000deff06000600,10000000e8ff1600fcfffcfff4ff3400e0c496673ef912c4a4477af8ce93e247
4256,4256,0,fcff1a00100000000000f2ffecff1c00faffdaffeeffeeff2200e4ff0e002e00,f6ff24001c00fafff2ff2e00eaff0a00e2ff14000600f8ff0c000c00ecff1c00,0e00fcff1400220030001000d4ff0400280008000c001c002000eefff6ff0600,10000000f8ff1600ecfffcfff4ff24008647d8f87494be468e672a9418c4d267
4257,4257,0,0a00fcffeeff0000000020000c00ecffbafffaffeeff0c00220012001e001e00,f6fff6ff0c00fafff2ff3e000a00faff040004002600e8ff0c000c00fcfffcff,dcffecff14000400000010001400e4fffaff1800eeff0c00000020001600f6ff,0000deff1600f8ffdcff0e004400e4ff1c687693b2c360679af908c44247b8f8
4258,4258,0,fcffecffeeff20001000f2ffecffecff0c000c00e2feeeff400012001e00eeff,e6fff6fffaffeafff2ff3e00faff1a001400e2fff8fff8ff0c00faff2c000c00,fcfffcfff6ff1400eeff0000d4ffe4ffeaff28000c00eeff000020001600f6ff,deffeeff1600caffdcff30002400040048f92cc420465afaea939446f267ae93
4259,4259,0,fcff0a001000deff0000e2ff0c00fcff2c00faff0c00f2fe02001200fefffeff,1400e6fffafffafff2ff0000faff0a000400f2ffd8ffd8fffaff0c00dcff1c00,fcff0e0004000400deff0000f4ff1400dafffaff1c00e0ff30000000e6ffe6ff,deff20001600e8fffcff0e00c4ff14008693d6460068349426c3226868f9d8c3
4260,4260,0,ecffecffeeff20000000d2ffccfffcfffafffaff1c000c0040000200feffceff,f6ff0400daff1c003e00f2ff0a000a00f2fff2ffe8fff8ff1c000c00ccffdcff,1e009cff140014001000100014000400bcffdaff0c00feff00003000f6ff0600,eeff2000e8ff06000e00bafff4ff140080c23c68eafad2c264469efade93b246
4261,4261,0,0a00fcff0000eefff2ff0000fcff0c00dafffaffeefffeff0200f4ff0e003e00,1400e6ff0c00eaff20002000fafffaff1400f2ff0600e8ff0c002c00ccffdcff,fcff0e00f6ff04000000eeff24000400fafffafffeff0c0000002000d6ff0600,3000eeffdaff16001e00dcff140014000a4692fa149592459268da9328c38268
4262,4262,0,0a00fcff10001000f2ff00001c000c00daff0c00eeffe2fe0200d4ffbeff1e00,14000400eafffaff2e00e2ff1a000a001400e2ff16000600faff0c00dcffdcff,dcfffcffe6ff1400000000000400240018002800e0ffeeff00001000e6fff6ff,1000eefff8ff0600fcff0e002400e4ff9c68f69362c220683efb52c1d04588fa
4263,4263,0,0a00fcff00000000f2ff0000fcff0c001c000c00feffe2fe120022000e000e00,14001400faff0c002e00e2ff0a00faff04002400160016001c000c001c001c00,2e000e00f6fff6ff0000100014001400faff46001c00eeffeeff10001600f6ff,deff10000600e8ffdcff1e00f4ffa4ff12fb50c23245aafb3a943446cc681e94
4264,4264,0,0a00fcff1000eeff0000f2ffdcffecff0c00faff2c00feff30000200fefffeff,e6ff1400fafffaff2e00f2ff0a000a000400f2ffe8ff0600cafffaffdcffecff,0e001e00220014001000deff0400f4fffafffafffeff2a0000004000f6ffe6ff,ceff10000600f8ff0e00fcffd4ff0400e693ea45d268049592c1326908fbacc2
4265,4265,0,0a00ecff00000000f2fff2ff0c001c00faff0c00eeff0c00020022002e000e00,f6fff6fffaff1c002e0020000a00faff0400f2ffe8fff8ffeaff1c00ecfffcff,0e001e00f6ff0400100010000400140018000800feff0c0000003000f6ff0600,eeff1000daff16000e00fcffe4ff040056c1cc688afcc0c1e6443efb6e94c045
4266,4266,0,fcfffcffbeff200000001000ecfffcfffaff0c00eeff0c001200e4ffeeffeeff,f6ffe6ff0c00faff2e002e00fafffaffe2ff240006001600eafffafffcffecff,0e00acff0400040010002000040024002800faffeefffeffdeffeefff6ff0600,4800eeffdaff54001e00dcffe4ff24000a4574fc7495524402697a94acc11c69
4267,4267,0,0a00fcff0000eeffe2fff2ffdcfffcfffaff0c00eeffe2fed4ffe4fffeff2e00,04001400eaff0c00e2ff20000a000a00f2ff140016002600eaff2c00ccffecff,0e001e0004000400eeff200004000400eafffaff0c000c00ceffceff0600f6ff,1000cefff8ff1600fcfffcff240014003c69469420c1e26870fc62c1b0442afc
4268,4268,0,ecfffcff10001000f2fff2ffdcffecff1c00caffeeff2c000200f4ffeeffeeff,140014001c000c000000f2fffaff0a000400040026002600faff0c00ecffdcff,fcfffcff0400e6ff100010000400f4ffccfffaff0c000c002000200006001600,ceff10001600e8fffcff1e00e4fff4ff04fd06c12244a8fd9a9426449c69c694
4269,4269,0,1a00fcff1000eefff2ff1000fcffdcff0c000c000c000c00f4ff22000e00eeff,0400f6ffeaff0c0020002e000a000a000400f2ff160026001c001c00fcff0c00,0e00fcfff6fff6ff100000002400040018001800eefffeff2000000016000600,000000000600caff0e003000f4ff1400849416444269849592c0426912fdccc0
4270,4270,0,ecff0a001000eeff1000e2ffecff1c000c00faffeeff2c0012005000feffeeff,1400f6ffeaff0c00f2ff2e001a000a000400e2ff360006000c002c00ecffecff,fcff0e00f6ff04000000defff4ff1400faffeaff0c00feff10001000f6fff6ff,10000000caff06001e00ecffe4ff540056c03c69d8fd20c0844360fee6941844
4271,4271,0,1a00fcff0000defff2fff2fffcff1c002c002c00ceff1c00f4ff40000e00eeff,0400e6ffeafffafff2ff2e00faff0a000400f2ff160046001c00faffccff0c00,9cfffcff0400f6ff0000000014002400360008000c001c00eeffdeff06002600,30000000f8ff1600fcfffcff24002400e24234fda495344372699a948cc08c69
4272,4272,0,fcfffcffeeff2000e2fff2ffecffecff0c000c00deffceff22000200feffdeff,f6fff6fffafffafff2ff2e00faff0a00f2fff2fff8ff0600eafffaffecfffcff,9cfffcff040014000000eeff0400f4fffaff36000c00feff0000defff6ffe6ff,deffdeff36004600fcfffcff4400f4ff186aa494b0bf626970fe8ebf4843b2fd
4273,4273,0,ecff0a0000000000f2ffe2ff0c00fcff0c000c00ceffceff0200c6ffeeff0e00,e6ff0400dafffaffe2ff4c000a00fafff2ff1400540036002c001c00ecff0c00,0e001e00f6ff1400eeff2000f4ff140036002800fefffeffdeff10001600f6ff,deffeeff1600dafffcff0e0044000400c0fe70bf5442f6fe3a957443bc692695
4274,4274,0,2a00fcff00000000000020001c001c001c00caffe2feceff22000200feff0e00,1400e6ff0c00faff2e000000faff1a000400f2ff0600d8ff0c002c00ccffecff,fcfffcff0400f6ff000020000400f4ff18002800eeffeeffceff0000f6ffd6ff,eeff20004600cafffcff1e0004003400f4947242b669e495eebe366ab2fe6abf
4275,4275,0,0a00fcff0000eeff10001000fcff0c00faff0c00eeff0c000200f4ff0e002e00,240014001c001c0020002000fafffaff1400140036000600fafffaffccffecff,fcffdcfff6ff14001000000014000400faff2800e0fffeffeeffcefff6ff1600,10001000dafff8ff0e00ecfff4ff3400f0beae6926ff32bf2442a0fe86959c42
4276,4276,0,fcff1a0010001000f2ff10001c00fcffeaff1c00eeffeeff40000200feff0e00,14000400faff0c003e00e2ff1a000a001400f2ffd8ff06001c00faffccffdcff,fcff2e000400f6ff00000000040014002800fafffefffeffeeff0000f6ff0600,4800defff8ff16003000ecff2400f4ff784120ff44964442366a5a95b2be1c6a
4277,4277,0,fcfffcff10000000000010001c00fcff0c00fafffeffeeffd4ff2200eeff0e00,f6ff0400faffeaff2e00d4fffafffaff360004000600f8ff1c000c00fcff1c00,0e000e000400e6ff10001000d4fff4ffeaffdaffe0ffeeff10000000f6ff0600,2000ceff06001600dcff30005400d4ff286a929534bec669b0ff8ebeec41baff
4278,4278,0,0a00ecff1000eeffc2ff2000fcffecfffaffdaff2c00eeff120022000e00feff,f6ff14000c00faffd4ff2e001a000a00f2ff0400d8fff8fffaff1c000c00ecff,0e000e000400f6ff0000000004000400eaff3600fefffeff000020002600f6ff,000030004600cafffcff30002400f4ff780020beae4104005a95e0406c6a9695
4279,4279,0,1a001a0000000000f2ff00000c00ecff0c00faffeeffeeffe4fff4ff2e00feff,f6ff0400faff0c00f2ffe2ff0a00faff04000400e8fff8ff0c00fafffcffccff,fcff0e00e6fff6ffdeff000004000400faff2800fefffeffeeff000006001600,deff10005400e8ff1e000e00040014003e96f840666a54964ebd666a7c0012be
4280,4280,0,0a00fcff1000deff10000000dcfffcffdaffeaffeeffceff02001200feff2e00,e6fff6ffdaff0c00d4ff2e000a000a00d2ff0400260016001c000c00dcffecff,0e002e00140004000000000004000400eaff1800eeffeeffdeff0000e6ff0600,10000000daffe8ff3000ecffd4ff0400f0bd786a0401c4bd30414601e6951c41
4281,4281,0,0a000a0000001000d2ff0000ecffdcffcaffdaffeeff0c001200e4ffeefffeff,e6fff6ff0c00faffe2ff2e001a00fafff2ffd2fff8fff8ff0c000c00fcffecff,fcff0e000400140030000000040004003600faffe0fffeff3000eeff16001600,3000deffdaff06003000ecff240004006840f8004496ae40a66a7a95b2bd9c6a
4282,4282,0,fcffecffeeff0000e2ff00000c00ecfffaffcaff0c001c003000f4ffeeff0e00,f6ff1400fafffafff2ffe2fffaffeaff24001400e8ff06000c001c00dcfffcff,fcff0e00f6ffe6ff1000eefff4ff0400eafffaffeefffeffdeff0000f6fff6ff,5800defff8ff1600ecff0e00f4ffd4ffb86a5e96e4bc266a56018ebc2a409c01
4283,4283,0,fcff2a0010001000e2ffe2fffcffdcffeafffaff1c00eeffd4ff3000eefffeff,0400f6ffeaffdaff0000f2ffeaff0a00f2ff04002600f8ff0c000c00ccff0c00,1e001e00f6ff0400eeff1000140014000800fafffefffeff1000000006000600,eeffeeff4600f8ffecff30002400e4ff880114bdca3fa401aa95f040186b5696
4284,4284,0,fcff0a0000000000f2ffe2ff0c000c00faffdaffeeff0c00f4ffe4ff1e00feff,1400e6fffaff0c00d4ff3e00eaff1a00f2ff040054000600faffeafffcffecff,fcff0e001400f6ff10000000f4fff4ff0800faff0c00eeff10002000f6ff0600,ceff1000f8ffdaff1e00fcffe4ff44005e966840a66a92963ebce66bfc0132bd
4285,4285,0,fcff0a00ceffeeff0000e2ffdcff0c00fafffaff2c00eeffe4fff4fffefffeff,04000400faff0c00e2ffe2fffafffaffe2ff0400060026000c00faff0c002c00,fcff0e00f6ff14000000200004000400faff3600feffeeff00003000f6fff6ff,eeff1000e8ffdaff3000ecff0400140074bcc86a980226bc7c3f3a0276965a3f
4286,4286,0,bcff0a0000001000f2fff2ffecffecffcafffaff0c000c0002002200deff0e00,e6ffe6fffafffaff3e00f2ff0a00eaff24001400d8ff26001c000c000c00fcff,fcfffcfff6ffe6ff2000100004002400ccffeaffe0ff0c002000300016001600,5800deffcaff06001e00ecff04002400823f72020097423fd66bca96fabb486b
4287,4287,0,fcffecff0000eeffe2fff2ff1c001c00baff0c00feff1c00c6fff4ffeeffeeff,04001400eaffeaff0000f2fffaff0a00240024001600f8fffafffaffecffccff,0e00fcffe6ffe6ff00001000d4ff04000800eaffe0fffeff100000001600f6ff,1000eefff8ff0600ecff0e003400f4ff186be096d6bbb66a1a036cbbea3e3803
4288,4288,0,0a00fcff10000000d2ffe2ff0c00fcffcaffdafffeffeeffb6ffb6ffeeffdeff,f6ff04000c00faff2e000000eaff0a00140004002600d8fffaff1c00dcff0c00,ecff0e000400040000000000140024000800fafffeff0c0010000000d6fff6ff,deff00001600caffdcff1e0024001400720370bb823ec603da962c3e486b4696
4289,4289,0,fcfffcff0000eeffe2ff0000ecffecff2c00caff0c000c0012000200feff0e00,e6ff0400dafffaff2e003e00eafffafff2fff2ff26003600fafffafffcffecff,fcff0e00f6ff04001000100014000400fafffafffeffe0ff2000000006000600,ceff30000600e8ff30001e00140014001097d23e066b30970cbbe66be803cabb
4290,4290,0,fcfffcff0000000010001000fcff0c00fafffaffeefffeffe4ff0200eeff0e00,14000400daffdaff2e00d4ff1a00fafff2ff3600d8fff8ffeaffeaff0c00dcff,1e00dcff0400040010001000f4fff4ff0800daff0c00eeff00003000f6ff0600,00002000f8ff06001e00ecff0400240070ba386b860416bb8c3e8c04c696123e
4291,4291,0,0a000a0010000000e2fff2fffcfffcfffafffaffeeffeefff4fff4ffeeff1e00,f6ff0400faffeaff2e00f2fffafffaff14000400360026000c000c00ccffbcff,0e000e00e6ff0400300000000400040028000800fefffeff200010002600f6ff,2000eeffbaff46003000ecff14004400a63de804f097423e366cda96c8bab86b
4292,4292,0,ecffecff00000000e2ffe2fffcff0c000c001c00eeffdeff30000200feff0e00,0400f6ffeafffaff200020000a001a00e2fff2ffd8ff2600eaff0c00acffecff,0e000e000400140000001000040014002800fafffeff0c0000000000e6fff6ff,0000eefff8ff1600ecff1e0004000400586b6097d6ba266bcc0418b9923dd004
4293,4293,0,fcffecff10001000f2ffe2fffcffdcff1c00caffe2fee2fee4fff4ff2e00deff,f6fff6fffaffeaffe2ff2000fafffaffd2ffd2ffe8ff3600fafffaffccffecff,fcffccfff6fff6ff10000000e4ff04003600faff1c00feff000000001600f6ff,deff000046000600fcff0e003400c4ff680510baf63c86051a971c3ed86b3e97
4294,4294,0,fcff0a001000ceff0000f2ffecfffcfffafffaffeefffeff020012000e003e00,14002400eafffaff2e002e00fafffaff0400e2ff0600f8ff0c00eaff0c00ccff,fcff1e0004000400deffeeff04001400eaffdaff0c00feff00001000f6fff6ff,00003000f8ffcaff0e000e00f4fff4ff7097663d566b009888b9866c800528ba
4295,4295,0,ecfffcffeeffeeffe2ffe2fffcfffcff0c002c000c00fefff4ff02001e000e00,04001400faffeaff3e00e2ff0a00eafff2ff0400e8ffe8ff0c00faff0c00dcff,0e00ecff040004001000eeff0400e4ff36002800e0ffeeff0000eefff6ffe6ff,00002000f8fff8ff0e00dcfff4ff240066b9986b040610ba4c3c1c05ae97223d
4296,4296,0,0a002a00eeff100010001000ecfffcffdaff1c00feffeeffe4ffc6fffeff2e00,f6ff2400faff0c002e002000eaff0a0014000400f8ff2600fafffafffcffdcff,0e000e00f6ff04000000eefff4ffe4fffaffeaff0c00feff00000000e6ff0600,2000deffacff46001e00fcfff4ff2400963c74061098d63c766c6a9788b9086c
4297,4297,0,ecfffcff1000deff0000e2ff1c00fcff0c001c00eeffceffe4ff02000e000e00,140024001c00fafff2fff2fffaffeafff2ff040074000600fafffaffdcffecff,0e009cffe6ff0400eeff0000f4ff0400faffeaff1c001c0020001000b6ff0600,0000eefff8ff4600fcff1e001400d4ffa86bb097c0b9766b1a0748b91a3c7006
4298,4298,0,0a00dcff2000cefff2fff2fffcff1c000c00fafffeff2c00220002000e001e00,e6ff14000c000c00e2ff3e00faff0a00e2ff0400360036001c000c00fcff3c00,0e000e00f6ffe6ff200020002400d4ff280028000c000c00200030001600f6ff,000000001600daffdcff0e00240004004407c6b8563c4207da976a3b386cbe97
4299,4299,0,fcffecff00000000f2ffe2ffecff0c003c00fafffeff0c00f4ff0200fefffeff,04001400daff0c0020003e00faffeaff04001400f8ff06000c00faff2c00fcff,0e000e00040004001000deff0400f4ffdaff36000c00feff00001000e6fff6ff,ceff30006400e8ff1e000e00e4ff04005698d03bc66bc09818b8b66ca007e8b8
4300,4300,0,0a00fcff100000001000f2ffecff0c000c003c00deff0c010200f4ff0e00eeff,f6ff14000c00faff2e003e000a000a0014001400e8ff06001c000c002c00ecff,0e001e00140004001000eeff0400f4fffaff0800feff1c0010001000e6fff6ff,00001000daffe8ff1e00dcffe4fff4ff46b8ba6ce2074ab80a3b9e084e984a3b
4301,4301,0,fcfffcffeeff1000f2ffe2ffecff0c00caffeaff0c00feff0200f4fffeffeeff,e6ff0400fafffaff20002e00eaffeafff2ffe2ff2600f8ff2c000c00ccff0c00,0e000e00f6fff6ff0000eefff4fff4ffccffdaffd0ffeeff30003000f6ff0600,0000eeffcaff16001e00ecff04001400b23a1c08f098363b366d8e9816b8906c
4302,4302,0,fcfffcff0000eefff2ff0000fcff0c000c00faff0c00deff020002000e000e00,1400e6fffaffdaff2e00e2ff0a00eaff14000400d8ff36000c000c002c00acff,0e00ecff04000400deffeeff04000400eafffaffe0ffe0ffdeff000006000600,1000eeffcaffdaffcaff300024001400da6c7698fab7d66b4e0854b72a3b5008
4303,4303,0,fcffecff0000eefff2ff0000ecfffcfffafffaff4c001c0022000200feff0e00,040004001c00faff0000f2fffafffafff2ff140006001600eaff0c00ecfffcff,1e00fcfff6ff040010000000f4fff4ff1800eaff6600feffeeff3000e6fff6ff,100010004600daffecff0e0004000400cc0850b7c63a62085e987a3ad06c9098
4304,4304,0,fcff0a001000eefff2ff0000ecff0c00faffeafffeffdeff0200e4ff1e00eeff,0400e6fffaff0c00f2ff3e000a000a002400f2fff8ffb8ff1c000c00dcfffcff,0e000e00f6ff040010000000f4ff0400eafffafffeffeeff000030000600d6ff,eeff4800f8ffcaff0e003000e4fff4ffc698123a766cc098c2b6f66c720996b7
4305,4305,0,fcff2a00eeff00001000e2fffcff0c000c00daffceffeefff4fff4ffdeff0e00,14001400dafffaff00000000faffeaff04001400f8ff26000c00eaff2c000c00,9cff0e000400f6ff100010000400f4ffeaffdafffefffeff30001000e6fff6ff,deff5800dafff8ff4000ecffe4ff140020b7fa6c30098ab7c6393e09f0988839
4306,4306,0,0a00ecffeeff1000f2fff2ff1c00dcff0c00caffeeffd2fe0200f4ffdeff1e00,1400e6ffeaffdafff2ff2e000a00fafff2fff2fff8ffc8ffeaff0c00ccffdcff,1e000e000400d8ff00001000f4ff04003600faffeeffe0ff10000000f6ff1600,30000000caff06000e000e003400f4ff08396c093099c239366d5e99aeb6006d
4307,4307,0,fcffdcff00000000f2fff2ff0c00fcfffaff1c00eeff0c0012000200feff3e00,e6ff0400fafffaff000000000a001a0004000400f8ff06001c000c00fcffdcff,dcff0e00040004000000eeff0400f4ffeaff08000c001c00100000000600e6ff,3000eeff06000600ecff0e002400f4ff0a6d46994ab7666cae09a2b66839d209
4308,4308,0,fcfffcff1000eeffe2fff2ff0c00fcff1c000c000c00deff1200f4ff2e00feff,1400f6fffafffaffe2ff0000eaff1a00e2ff1400260006001c00eafffcff0c00,fcff0e001400f6ff4200eefff4ff140028002800feff0c0000000000f6fff6ff,deff00001600caffdcff1e001400e4ff260a90b662399009ce988638306d3099
4309,4309,0,0a001a0010000000000000000c000c000c000c00deff0c000200f4fffefffeff,f6fff6ff0c00faffe2ff2000faff0a000400f2ff360036002c000c00ecffecff,0e001e00040014000000000014000400faff2800fefffeff20003000e6ff1600,deff30000600daff0e004000b4ffe4ff46996838b46cbe99f2b5266db20a5eb6
4310,4310,0,0a000a000000eefff2ff00000c00ecfffaff1c00eeffeeffe4ff1200eeff0e00,24001400eaff0c00200000001a00faffe2fff2ff2600c8ff0c001c00fcffdcff,2e001e00e6ffd8ffdeff000014001400faff0800eeff0c0000003000f6ff0600,00002000caffcaff0e000e000400240020b64a6de80a4eb6e638420b6099d838
4311,4311,0,0a000a000000deffe2ffd2fffcffecff1c00faff1c00eefff4ff2200eeff3e00,04001400fafffaff2e00f2fffaff5a00e2fff2ff0600f8ff0c001c00ecffecff,0e001e00f6fff6ff1000cefff4ff1400eafffaff1c001c0000000000f6ff0600,20001000daff06000e00ecffe4ff04007838560bbe998238d86d3e99aeb5606d
4312,4312,0,fcfffcff00000000e2ff0000fcfffcfffafffaff2c002c00e4fff4ff0e000e00,04000400faffeafff2ff2000eaff0a00f2ff1400160016000c00eaffccff0c00,2e000e00e6ff1400eeff00000400f4fffaffdafffeff0c00eeff2000f6fff6ff,4800eefff8ff1600ecff0e004400d4ffaa6db6995eb6046d320ba2b4d637760b
4313,4313,0,fcfffcff10001000e2ff0000fcfffcfffaff0c001c00eefff4ff5000deff1e00,f6ff14001c00eaff2e004c00fafffaff04002400160016002c001c00ecffccff,0e001e000400f6ff10000000a4ff2400faffeaff7600feffeeff0000f6fff6ff,ceff00004600f8ffecff30002400a4fffe0bf4b40c38980b9e992638706df099
4314,4314,0,fcff1a00eeffeeffe2fff2fffcfffcff1c001c002c000c00d4ff02003e003e00,24001400fafffaff0000f2fffafffaffe2ff14001600e8ff1c001c00ecff1c00,fcff0e00f6fff6ffeeff1000040014002800faff0c00feff00000000f6fff6ff,deff2000f8ffbaff0e00300014000400b699d236146d4e9aa2b4486ebe0c3eb5
4315,4315,0,fcff0a00eeff00001000e2fffcfffcff0c00faff0c00ceffd4ffe4ff2e000e00,f6ff0400faff3c00e2ff0000fafffaff1400140036002600fafffaffecfffcff,1e00fcff04000400eeff0000f4ffe4ffdaff18001c00feffdeff0000f6fff6ff,00003000e8ffcaff0e00dcff04003400e6b39a6de60c4eb51237d40b109a0637
4316,4316,0,fcfffcff0000eefff2ffe2ff0c000c00eaff0c000c000c00e4ffe4fffefffeff,d6ff1400eaffeaff0000f2fffafffaff0400f2ff2600e8ff0c00fafffcffecff,0e000e00f6fff6ff200000000400e4fffaff28001c000c0030003000e6ff0600,1000deffcaff46000e00ecff1400e4ff8236620d5e9a3e37f86d829a20b4906d
4317,4317,0,fcff0a0000001000e2ff0000ecfffcff0c000c002c000c00e4ffc6ffeefffeff,04000400fafffaff3e00e2ff0a00daff04000400f8ffd8ff0c00faffecff0c00,0e00dcfff6ff04001000200004001400eafffaffeefffeffeeff00001600f6ff,0000000006001600fcff0e000400f4ffe66d409aceb4146dd20c62b41e365e0d
4318,4318,0,fcff0a00000000000000f2ffccfffcffeafffaff0c000c00f4ffe4ff0e004e00,e6ff1400fafffaff2000f2ffeafffafff2ff14000600f8ffeaff0c00ecffccff,3e00ecfff6ff04000000eeff04001400faffccffeefffeff1000000006000600,deffeeff1600caffdcff0e00f4ffe4ff9e0e66b39c36e60cb29af235b06da09a
4319,4319,0,0a00fcff0000eefff2ffd2fffcfffcff3c00faff1c000c00f4ff1200feffeeff,140004000c00eaff3e00e2fffaff0a000400140036000600faffeaffecff1c00,9cff1e000400e6ffdeff10000400f4ffdafffafffefffeff00000000d6ff1600,deff20000600e8ffecff1e0004001400c09a2236446d5c9b10b3186e420e60b3
4320,4320,0,0a000a0000001000e2ff0000ecff0c00cafffaff1c011c01e4ffe4ff1e000e00,1400f6ff1c00fafff2ffd4ffeafffafff2ff14000600e8fffaffeaff1c00fcff,9cff0e0004000400eeff0000d4ff0400ccfffaff1c000c001000cefff6fff6ff,eeff0000dafff8ff1e000e00f4ff340076b2466e6410c0b10236120fe09a5e35
4321,4321,0,0a00dcff00000000f2ffe2fffcfffcfffafffaff0c00deffe4ff12002e003e00,2400e6ffeaff0c0020004c001a00eaff1400140036000600eafffafffcfffcff,9cff0e00040004000000100014002400eaff2800eeffeeff000000000600f6ff,1000defff8fff8ff1e00fcff140024002635ce0e9c9b7e35286ea29a00b3e06d
4322,4322,0,fcff0a000000eefff2fff2fffcffecfffafffaffeefffeffe4ffc6ff2e002e00,14001400faffeafff2ffe2fffaff0a001400140054001600eaff0c00ecff1c00,1e002e00140004000000100014001400eaffeafffeff0c000000eeffe6fff6ff,2000eeff06000600ecfffcff54000400366e009b90b3446dd20e20b2ae34280f
4323,4323,0,fcfffcff00001000e2fff2ff1c00ecff2c000c001c011c001200f4fffefffeff,04001400faffeaffe2ff20000a00faff2400240016000600faff0c00dcff0c00,0e001e00f6ff0400eeff1000f4ff2400dafffaff0c00feffeeff2000e6fff6ff,eeff10004600e8ffdcff0e002400f4ff161026b2ee343a11e29a4235306e009b
4324,4324,0,fcfffcff0000eeffd2fff2fffcfffcfffaff2c00eeffcefff4ffe4ffeefffeff,04001400fafffaff00000000eafffafff2ff0400360016001c000c00fcfffcff,1e001e00f6ff040000001000e4fff4ffeaffeaff0c001c0000002000e6ffd6ff,eeff2000060006000e00fcffe4ff0400709b2034946dec9bbcb1786ea80f44b2
4325,4325,0,fcff0a001000eeff10000000dcfffcffdafffaffd0ff1c00020002001e000e00,14001400faff0c002e003e00faff1a002400f2ff160026001c001c00ecffdcff,dcff1e00f6ff0400eeff100024001400dafffafffeff0c0010001000e6ffe6ff,00000000f8ffdaff3000ecff04002400bcb1566ee81120b1d234620f709bd633
4326,4326,0,0a000a0010000000100010000c000c001c00faffeeff0c00e4ff1200feff0e00,0400f6ff0c00eaffd4ff20000a00faff1400040006001600fafffafffcffdcff,0e000e00f6ff0400eeff000004000400daffccfffeffeeff00000000e6ff0600,2000eeffdaff16003000caff040004000833a6100c9ca034986ef49bc4b1206e
4327,4327,0,fcff0a000000eefff2ff0000ecff1c00fafffaffeeffeeffe4ff30000e00ceff,f6ff1400faff0c00e2ff2e000a000a0014000400260006001c000c00dcffecff,0e003e000400f6ff00001000f4ff1400180028000c000c00000020001600f6ff,1000000046000600dcffdcff0400f4ff966ec09b04b0f26d96107cb156331211
4328,4328,0,fcfffcff00000000f2ff00000c00fcfffaff2c00feff0c000200f4ff0e000e00,1400f6ffeafffafff2ffe2ff0a00eafff2fff2ff060036002c002c000c00ccff,2e00dcff0400f6ff100010001400e4ffccfffaff0c00feff20003000f6ffe6ff,ceffeeff4600dafffcff1e000400b4ff46114cb1d033fe12449cd032506ea09b
4329,4329,0,fcfffcff000000000000f2fffcff1c00faff0c000c000c0022000200cefffeff,0400f6ff0c000c0020003e00eaff0a000400f2fff8ffe8fffaff0c00fcfffcff,fcff0e000400e6ff000020001400f4ff0800eaff0c00feffeeff1000d6ff0600,eeff10005400cafffcff1e00f4ff1400209c6832a46d8a9cfcb0986e521154b1
4330,4330,0,fcfffcff0000eefff2fff2ff0c00fcff0c00faff2a00f2fef4fff4ff0e000e00,1400d6ff0c00faffe2ffe2fffaff0a001400360026002600faffeaffecffecff,1e002e0014000400ceff000004001400faffeafffeffeeff200020001600f6ff,10001000cafff8ff1e00ecffc4ff34005cb0a66e4e1374af30322a12a29c1a32
4331,4331,0,0a00fcffeeffeeff0000e2ffdcffdcfffaff0c00feff0c00f4fff4ffeeff0e00,f6fff6ff0c00faffe2ff00000a000a00e2ff2400d8ff2600faff0c00fcff0c00,0e000e0004000400eeff000014002400eaff0800fefffeff0000eeffd6ff2600,48001000daff16001e00ecffd4ff14007e313012ea9ce032686e349c8ab0806e
4332,4332,0,1a00fcffeeff0000e2fff2fffcfffcfffafffaffeefff2fe22001200fefffeff,f6ff04001c001c00e2ff3e000a00faff04002400f8fff8ff2c00eaffecffecff,0e008cff140014001000defff4fff4fffafffafffeffeeff40000000f6fff6ff,2000defff8ff4600fcff0e000400f4ffd66e6e9c24aff26d4a1298afca318212
4333,4333,0,0a00fcff10000000f2fff2fffcff1c00faffdaff0c00eeff0200e4ffeeff4e00,0400f6ff0c000c00000000000a00faff04000400160026000c00faffecffdcff,dcff0e00040004001000100034000400faffdafffeff0c000000200006000600,eeff00001600daffdcff0e004400e4ff00131cb050320e14849c2032906e0a9d
4334,4334,0,0a000a000000100000001000fcff0c000c002c00fefffeff400012002e00feff,140014000c00faff2e0010001a000a0004000400f8ff06000c002c00ccffdcff,0e001e00f6ff04001000200004000400dafffafffeffe0ff00000000e6ff1600,eeff3000f8ffdaff0e001e00f4ff1400be9cce304a6e8a9da8afb86e7e13d0af
4335,4335,0,fcfffcffeeff000000000000ecff0c000c001c00eefffefff4ff02002e002e00,14002400faff0c002e00e2ff0a001a000400040006000600eaff0c00dcfffcff,1e000e0014001400eeffeeff1400e4ffeafffaff1c00feffeeff00000600f6ff,00002000cafff8ffecffdcff0400440076afd66edc14b4aeec308a125a9d2431
4336,4336,0,fcffecffeeffdeff1000f2ff0c00fcfffaffeafff2fee0ffe4ff12002e000e00,f6ff0400daff0c0020002e001a000a00e2ffe2ff060026002c003c00ccffdcff,0e00fcff1400f6ff10000000e4ff1400eaffeaff0c00feff10003000f6fff6ff,1000deffdaff46003000dcff240024007e306013aa9d7c31286f789ec8ae906e
4337,4337,0,3a00fcff10000000f2ff2000fcfffcffcafffaff0c002a00300002000e002e00,f6fff6fffaff0c00e2ffe2ff1a000a00e2fff2fff8ffd8ff0c001c00fcffdcff,0e000e00f6fff6ff0000000024000400faff08000c00feffeeffeeff16000600,1000ceffe8ffe8fffcff1e002400e4ffd66ec29db8ad6a6e681448af2a301e14
4338,4338,0,fcfffcffdeff00000000f2ffecffecff2c00faffeeff1c00e4ff0200feff3e00,04001400fafffafff2ff2e005a000a00e2ffe2ff36001600fafffaffccffecff,0e000e001400f6ffdeff0000f4ff14002800faff1c000c00eeff00000600f6ff,deffeeff0600e8ffecff1e0034000400fc14d6aefc306c15649db82fe86eaa9d
4339,4339,0,0a00fcff20000000f2ffe2ffecfffcff0c000c00e0ffeeff0200d4ffdeff0e00,14001400faffeafff2ff00000a000a00f2ff040006003600faff0c008cfffcff,0e001e00040004001000deff2400f4ffeafffafffefffeff20001000d6ffd6ff,deff10001600f8fffcff0e00f4ffe4ff709e882fca6eea9dc8ae186fd614a8ae
4340,4340,0,0a00fcffdeffeeffe2ff00000c00fcff0c001c000c00eeff0200f4ffeeff0e00,d6ffe6fffafffafff2ff00000a00fafff2ffe2ff540016000c000c002c00fcff,dcff1e0014000400200010000400040008000800eefffeff30002000f6ffe6ff,00001000e8ff06001e00ecff0400e4ff46ae066fda1658ad942e7816fa9d6a2f
4341,4341,0,fcff0a00eeff000010000000fcfffcfffaff0c00eeffe0ff020050001e000e00,1400f6ffeafffafff2ff2e001a00faff0400e2ff36003600faff2c00ecffecff,0e00fcffd8ffe6ffeeff100014000400faff2800feff0c00eeff2000f6ff0600,eeffeeffcaff54001e00ecff14000400982e18162a9e2630086fc49d18ae226f
4342,4342,0,0a000a00deff0000e2ff2000fcfffcff1c000c00feffd0ff02000200feffeeff,14001400eafffaffd4ff3e000a001a000400f2ff2600f8ff0c001c00dcff0c00,dcffecfff6fff6ff10000000f4ff0400fafffaff0c00feff0000200006000600,3000deffdaff4600fcffecff0400e4ff166f809e18ad9a6e2816d8ad002fa615
4343,4343,0,0a00fcff00000000f2ff0000ecfffcfffafffafffeffeeff0200f4ffeeffeeff,f6ffe6ff1c00faff2e0000001a00faff2400240006004600fafffaffdcffdcff,0e00fcfff6ff14000000deff0400f4ff080008000c00feff2000eeff1600e6ff,deff1000f8fff8ffdcff0e002400e4ffba169aad962f0a17f89e542e426faa9e
4344,4344,0,fcfffcff200010004e0010000c000c00daffcaffeeffe0fff4ff4000eeff1e00,140004000c001c002e002e00faff0a0004000400160016001c00faff1c001c00,2e000e0004000400eeff000004000400eaff18000c00feff30002000c6ff0600,deff10001600daff1e001e00d4ff1400d09e282eba6e9a9e38ade86e661648ad
4345,4345,0,fcff0a00eeff000000000000dcfffcfffafffaffeeffd0ff12003000eeff0e00,040004000c001c00e2ffe2ff0a00faff1400f2ff1600e8ff0c000c00ecffdcff,0e001e00e6ff040000000000e4ff04003600eaffe0ffe0ffeeff000006000600,00001000caffdaff1e00ecff1400e4ff08adf66e0818e8ab742d0817ba9ea82d
4346,4346,0,ecff1a00eeffdefff2fff2ff0c000c00dafffaff0c00f2fe2200e4ff0e002e00,040004001c000c0020002e000a000a00140014002600f8ff2c002c00dcff0c00,fcff1e0004000400eeff1000e4ff140008003600fefffeff10000000f6fff6ff,10000000daff06001e00dcff040024006c2d3a17869ff62e386f3ca048ad526f
4347,4347,0,fcfffcffdeff1000f2fff2ffdcffecfffaffdaffeeffeeff12001200feff3e00,0400e6fffaff0c0010002000eaff0a0004001400360016000c001c00ecffdcff,fcff0e001400f6ff42001000f4ff04000800eaff1c00eeff000010000600f6ff,3000eefff8ff1600ecff0e002400e4ff566f609fd8abba6eb81708ad382d3e17
4348,4348,0,ecffecffeeffeeff000020000c000c001c00faffeeffd0ff40001200eeff0e00,1200e4fffafffaff2e0020000a000a000400e2ff260006001c00eaff0c00dcff,0e00fcff1400e6ffeeffeeff04000400ccffdaff0c00feff0000400006000600,deffdefff8fff8ffecff1e001400f4ff5018b8ac582eb8183ca0342c726f629f
4349,4349,0,dcfffcffeeffcefff2ff10001c000c000c00faffceffeeff1200d4ff0e00eeff,020002001c000c00e2ff20000a00faff0400040046000600faff0c00ecff0c00,0e001e00f6ff140000000000f4ff04000800eaffeeffeeff000010002600f6ff,eeff20000600cafffcff1e002400e4ff909f9a2cba6ea69f78ac186f801810ac
4350,4350,0,fcff1a00100000000000e2ffdcffecff0c00faff0c00e2fe500012000e00eeff,f4ff12000c00eaff0000f2fffaff0a00f2ff2400260006000c000c00dcffdcff,fcfffcff1400040000001000e4fff4ffeaff4600feff0c000000eeffe6fff6ff,deff2000e8ff16001e00ecffd4ff4400d4ab666f161ab2aa242c5c19a29f302c
4351,4351,0,0a000a00eeff0000f2ff1000ecffecfffaffdaff0c00eeff12001200eeffeeff,02000200faffeaff2e002e00eaff0a0004000400d8ffe8ff0c00caffecffccff,fcff1e000400f6ff10000000f4ff0400faff28001c001c0010001000e6ffe6ff,2000deffe8ff06003000caff14000400b62b9018f69ff82d686f3ca0b0ab626f
4352,4352,0,1a00ecffdeffeefff2ff20000c00ecfffafffaff0c000c002200f4ff2e00eeff,f4ffe4ff0c000c003e00e2fffaff1a00f2ff0400c8ff2600fafffaffecffccff,0e001e001400040010001000d4ff0400280008001c001c000000eefff6ff0600,2000deffe8ff1600dcfffcff2400d4ff466f66a042aaca6e7c19b8aba02b1019
4353,4353,0,0a00fcff00001000f2ff00001c000c00faff2c00eefffeff020002000e00eeff,1200f4fffaff0c004c00f2ff1a001a002400e2ff3600e8ff0c001c002c00dcff,1e00fcfff6fff6ff1000eefff4fff4ffdaffdaff0c00feff300030002600e6ff,eeff00001600f8ffecff30004400d4ff4a1aa4ab882d661adca0f42ba26f22a0
4354,4354,0,fcff1a000000eeffe2ff0000ecff0c00daff1c00feffeeff220012000e00feff,e4ff22000c00fafff2fff2ff1a000a00e2ff24000600d8ff0c000c001c000c00,dcff0e001400040000001000f4ff0400080036000c00feff00000000f6ffe6ff,eeff20001600caffecff1e00f4ff4400a6a04e2afa6e26a0d6aa686f401a50ab
4355,4355,0,0a001a000000eefff2fff2ff0c00ecffdaffdaffe2feeeff12005e00deffeeff,120002000c00eafff2ff2e001a000a0014001400f8ff06002c002c000c00dcff,0e001e00d8ff1400deff10001400f4ffccffdafffefffeff0000eeff26000600,eeff1000caff06001e00dcfff4ff1400a4aa566f541b32aa142a601ae4a0542a
4356,4356,0,ecffecff10001000e2fff2fffcff0c00cafffaffeeffe2fe40004000eeff0e00,020002001c000c003e0000000a001a000400f2ff26000600daff1c00fcfffcff,fcffecff0400f6ffeeff100014001400faff46002a00eeff00000000e6ffe6ff,1000deffdaff16001e000e0024002400fe297a1af6a0882d686f7ca1d4aa926f
4357,4357,0,fcffdcff00000000f2fff2ffdcfffcffaafffaffd2fecefff4ff22000e000e00,120012000c001c00200020001a00eaff04002400360064002c00eaff0c00ccff,0e000e0014002200100020002400f4ff2800faff0c00eeff2000eeff46000600,3000eefff8fff8fffcfffcff04000400566f16a142a92a6ff01a78abd429321b
4358,4358,0,fcff0a001000000000001000dcffecfffafffaffeeffe2fef4fff4ffeeffeeff,12000200faff1c003e00d4fffaff1a0004000400160006001c00baffdcffdcff,0e002e001400f6ff1000000004000400faff28001c000c000000000006000600,deff20004600daffdcff0e001400e4ff5a1b54aa882d541ccca1a028c26f34a1
4359,4359,0,fcffecff1000ceffe2ff0000fcfffcfffafffaff0c00feff02000200cefffeff,120002000c000c002e002000eafffaffe2ff2400540036000c001c001c00ecff,fcfffcfff6ff140010001000f4ff0400eaff28000c00feff10002000e6ffd6ff,ceff10001600daff0e000e00c4fff4ff86a1d4282a6f46a126aa786fe21be4a9
4360,4360,0,fcfffcffceff100000000000dcff0c001c00daff1c00feff0200e4ffeeffdeff,e4ff02000c00faff20002e001a000a00f2fff2ff26004600faff1c000c001c00,1e000e00f6ffe6ff0000eeff04000400daff36000c000c00eeffeeff06002600,deff0000daff06005000ecfff4ff240024aa866fd41ce2a88028c21ca4a1ba28
4361,4361,0,2a00fcffceff0000000000001c00ecff2c002c002c000c00f4fff4ff1e00feff,0200d4fffaffeaff2e003e000a001a00e2ff14001600e8fffafffaffecff0c00,1e00fcff0400040000001000f4ff0400eaff0800eeff0c001000200006000600,1000ceffdaff16001e00fcfff4ff24006428bc1c76a1882d886f20a214a9b26f
4362,4362,0,0a000a0020000000f2ffe2fffcfffcff0c00daffeeffe2fef4ffd4ff0e00feff,120002000c000c0020002e001a000a0004000400e8fff8ff0c00eafffcfffcff,1e001e00f6ff0400eeffeeff14000400280008003a000c002000200006000600,3000deffdaff1600ecff0e0034001400dc6f40a202a82a6fe21cd2a84a28da1c
4363,4363,0,0a00fcff00000000d2ff00000c00fcff0c000c00eeffeeff02003000feff0e00,f4ff02000c00faff2e002000faffeafff2ff040006004600faff3c000c00dcff,fcff0e0014001400deffeeffa4ff0400eaffccff0c001c0020001000e6ffe6ff,eeffdeff1600daffecff0e001400e4ff4c1dfaa8dc26e21db0a2ac27a26f24a2
4364,4364,0,dcff1a001000100020000000fcff1c00caff0c00eeffe2fe0200f4fffeff0e00,e4ff12000c00fafff2ff2e001a000a00e2ff04002600e8ff1c000c00dcfffcff,0e00fcfff6ff14002000200004000400eaff2800fefffeff20002000f6ffe6ff,deff20001600daff300030002400040070a24e273a6f44a2d2a8a86ffa1c24a9
4365,4365,0,fcfffcff1000deff1000e2ffecff1c000c000c00e2feeefff4ff4000eeffeeff,120012000c00eaff2e003e004a005a00f2ff040006000600eaff2c00dcffccff,fcfffcfff6ffe6ffdeff000004001400eaffeafffefffeff1000100006001600,eeff2000e8fff8ff30000e00e4ff44008aa8ac6f601ef4a7cc26721d44a28a27
4366,4366,0,fcfffcff00000000e2ffe2ff1c00fcff0c00faff0c000c00d4ff1200defffeff,f4fff4ff0c000c00f2ff2000caffeaff04001400060016000c000c00dcffccff,1e000e00040004002000ceffb4fff4ff180018000c001c0000000000f6ff0600,6800eeffdaff16001e00ecffe4ff24009e266a1ec4a26c26886ff2a37aa8d26f
4367,4367,0,dcff0a001000000010001000ecfffcffdaff0c00feff0c000200f4fffefffeff,12001200faff1c00e2fff2ff1a00fafff2ff0400160006000c00eaffccffbcff,dcff0e00f6ff140000001000040004002800eaff0c002a00300000000600e6ff,1000deff06001600fcffecff3400d4ffcc6fe0a264a70a6f921e72a80a27fa1d
4368,4368,0,0a00dcff00000000f2ffe2ffdcffdcff1c000c00ceffceff0200f4fffefffeff,02001200fafffafff2ff00000a00eafff2ff1400160026000c001c00fcff1c00,fcff0e00e6ff04001000000014002400eaffeaffeefffeffeeff2000f6ff0600,0000eefff8fff8ffecff1e0024000400ba1e6aa8a025a01e50a34c25d26f74a2
4369,4369,0,2a002a00eeff00000000f2ffecfffcfffaff0c001c00feff120012001e00feff,12001200faff0c00e2ff00001a000a00f2ff0400060006001c000c00ecffccff,0e001e000400f6ff0000ceffd4ff0400fafffaff0c00e0ff2000300006000600,ceff20000600f8fffcff1e00d4ff040020a32e261a6f04a3cea7b86f021f0aa8
4370,4370,0,ecfffcff00000000f2fff2ffccfffcfffaff1c00eefffefff4fff4ff1e000e00,020012000c000c00100020000a00faff0400e2ff16003600faffeafffcffdcff,0e000e001400f6ffeeffeefff4ff14001800daff0c00feff40000000f6fff6ff,00002000f8ffdaff1e00ecffb4ff040034a71c70402004a72e252620a0a39825
4371,4371,0,dcfffcffceff0000f2ffe2fffcff0c000c00daff0c000c001200f4fffeffeeff,f4ffe4ffeaffeaff0000e2fffaff0a0004000400e8fff8ff0c003c00fcfffcff,dcff0e0014002200eeff000014000400daffccffe0fffeff30000000f6ff1600,0000eeffdaff0600fcffecffe4ff04001025402018a4b024786f12a460a7e26f
4372,4372,0,0a00fcff0000eeff100000000c00fcff0c00faffdeff1c011200f4ff0e00eeff,220002001c00faff2000f2fffafffafff2ffe2ff160036002c000c00ecffdcff,ecfffcff040014001000eeff44001400eaff28000c000c0000000000f6fff6ff,3000eeffdaff4600ecfffcff3400e4ffdc6f50a386a65a6f76202ea71825821f
4373,4373,0,2a001a001000deffe2ff1000fcfffcff3c000c00defffefff4ff12002e000e00,120012001c00daff0000e2ff1a00fafff2ff3600160036001c00cafffcffdcff,3e00ecff040004001000000024001400faff08001c00feff2000eeff0600f6ff,0000eeff4600e8ff0e001e000400f4ffb020d4a61024be20fea49e24027020a4
4374,4374,0,2a002a00eeff00001000f2ffdcfffcffdaff0c000c00eeff1200f4ff0e00eeff,120012001c000c0020000000eaff0a000400e2ff26000600faff1c00ccffccff,dcff1e00f6fff6ffeeff0000f4ff1400eafffaff0c00feff0000eeffe6fff6ff,beff58004600caff0e001e000400f4ff40a4ec236a6f08a4eea6b86f542178a6
4375,4375,0,fcff0a00000000001000e2ffecfffcff0c00faffe2fe1c003000f4ff0e00feff,f4ff1200faffdaff3e00e2ff2a00faffe2fff2ff260006002c000c00ecff1c00,ecffdcffe6ff0400eeff0000d4ff1400eaffdafffefffeff000020000600e6ff,00001000baffe8ff3000dcffe4ff140074a6cc6f122246a66a23e62080a4e023
4376,4376,0,fcfffcff000000003000e2ff0c00fcff1c00faff0c00e2fe02003000feffeeff,120012000c00faff20002000faff0a00e2ffe2ff460026003c000c00ccffacff,fcfffcfff6fff6ff0000eefff4ff040028002800eeffeeff40003000e6ff0600,20000000e8ff06003000dcfff4ff24001a23702106a532233c70cea578a6e26f
4377,4377,0,1a00fcffdeffcefff2ff0000ecffecff0c00faffe2feeeff220002000e003e00,22001200eaff1c00e2fff2fffaff0a0014000400f8ff0600daff0c00ecffdcff,1e00fcfff6ff04000000eeff0400340018000800eeff1c00deff20001600f6ff,1000eeffcaff0600dcfffcff540004001c706ea476a52a6fa621bea67023b421
4378,4378,0,fcff2a00eeff100000000000fcffecffdaffdaffeefffefff4ff0200eeffeeff,e4ff22000c000c002e000000eaff0a00f2fff2ff06000600faffeaffecffbcff,ecff2e00f6ff04002000eeff0400f4fffaffdaff0c000c000000100006001600,deffdeff1600f8fffcff0e002400e4ff5a2234a6b2226222cea59a22c26f28a5
4379,4379,0,0a00fcff100000001000e2fffcffecfffaffcaff0c00eeffc6ff4000fefffeff,f4ff12000c000c002e00f2ff1a00faffd2ffd2ff1600e8fffaff0c00ecff9cff,0e00ecfff6fff6ffeeff1000140094fffafffaff2a000c0010000000e6ff0600,ceff10004600daff0e001e00f4ff040076a59a22ea6e06a52ea6a86f2422b8a5
4380,4380,0,fcfffcffeeffcefff2fff2ffecff0c00daff1c00eefffeff120012001e003e00,12000200daffeaff0000d4ff0a00faff0400f2ff260036001c000c00dcffccff,fcffdcff0400f6ff0000eeff1400e4fffaff3600eefffeff1000000016000600,00003000bafff8ff3000fcffb4ffe4ff66a51c70d22256a586211a2398a58422
4381,4381,0,0a000a0010000000f2ffe2fffcff0c000c00daffeeff1c01120040001e00feff,1200f4fffaff0c00d4ff2e000a002a000400f2ff260036000c00eaffbcfffcff,1e000e001400e6ffeeffeeff1400f4ff28002800eeffeeff00001000f6ff1600,10000000f8ff06001e00baffe4ff0400a021aa2286a54222886f0ea668a5f26f
4382,4382,0,0a001a0000002000e2fff2fffcffecfffafffafffeff0c0022002200beffaeff,f4ffe4ffeaffdaffe2ff2000eafffafff2ffd2ff360026003c003c00dcfffcff,8cff0e0004000400eeffdeff04002400eaffeafffeff1c00400020000600f6ff,5800eeff06006400fcffecfff4ffd4ffcc6fc8a5d8a44a6f4a235ea584213023
4383,4383,0,ecff0a00100000001000f2fffcffecfffaff0c002c012c00f4ff12001e000e00,02001200eaffeafff2ffe2fffaffeaffe2fff2ff260026001c002c00dcffdcff,fcff1e00f6ff0400deff20000400040008001800fefffeff1000300016000600,000000000600cafffcff300004000400ca2320a41c21d023cea68621d26fd8a5
4384,4384,0,fcfffcffdeff0000e2ff00001c000c000c000c00eeff0c00d4ff02000e002e00,0200f4ff0c000c00d4ff00000a00fafff2ffd2ff360006001c001c00fcfffcff,1e001e00140004000000eeffe4ffd4ff280008000c000c0020003000f6ff1600,000010001600daff0e003000f4ff140064a6d0204a6fe6a52ea5a86f002448a5
4385,4385,0,fcfffcffeeff000000000000ecfffcfffafffaff1c001c00d4ff0200feff0e00,02001200daffeaff2e0000000a000a00e2ff04002600e8ff0c000c00acff1c00,2e001e000400040000001000e4ff0400eafffaffeeffeeff00001000f6fff6ff,10001000cafff8ff1e00dcffe4ff240000a4dc6f602468a49620fc2348a66421
4386,4386,0,fcfffcff200020001000e2fffcff1c00dafffaffe2fe2c000200f4ffceffeeff,f4ffe4ffeafffaff2e00d4ff0a000a000400d2ff260026001c00faffccffecff,fcff0e0004001400eeff100094ff0400faffeaff0c000c00000000000600f6ff,00001000e8ff54001e00dcfff4ff14004020102586a61820c86f5ea740a4d26f
4387,4387,0,fcfffcffeeff0000f2ffd2ffecffecffdafffaffeefffefff4ffe4ffeefffeff,0200f4fffaffeaff2000d4ff1a000a001400e2ffd8fff8ff0c002c000c00dcff,0e000e000400140000000000140014003600fafffeffeeff2000200026000600,1000beffdaff4600fcffecff140004001c7024a778a32a6f4e25dea4a21f9824
4388,4388,0,fcfffcffeeffeeffe2ff1000fcffecfffaffdaffceffdeffd4ffd4ff0e003e00,e4ffe4ffeaffeaff0000c4ff0a001a00040004001600f8ffeafffaff0c00ecff,1e000e000400f6ff1000eefff4ff2400fafffafffeffeeff1000eeff0600f6ff,00000000f8ffe8ff0e00300024000400602530a3901f80257ea7f21ed26fd8a6
4389,4389,0,0a002a0000000000f2ffe2ffecfffcfffaff1c00feffdeff0200d4ff0e000e00,0200f4ffeafffaff2e00e2ffdaff0a001400f2fff8ff3600faff0c00dcffdcff,2e002e001400f6ff000000001400f4ff08000800fefffeff200010000600f6ff,deff58005400daffdcff0e0004001400faa74a1f1a6f04a74ea4686f1826b0a3
4390,4390,0,fcff1a00ceffdeff1000e2fffcffecfffaffdaffeeff0c003000d4ff2e00feff,02001200eafffaff4c00f2fffafffaff1400e2ff360016002c00eaffecffbcff,fcff0e0014001400eeffdeff1400e4ff080036000c00eeffdeff2000d6fff6ff,00003000dafff8ff1e00ecffe4ff240000a3bc6f1e2648a3c21e6c2690a79a1e
4391,4391,0,fcff0a00100000001000f2fffcffecfffafffafffeffeeff020022002e001e00,02001200faff0c000000f2ff1a000a00e2ffe2ff06002600eaff0c00ecff0c00,0e000e00d8fff6ff00002000140004000800faffe0ff0c00eeff2000e6ffe6ff,0000eeffbaff54003000fcff040024006a1e7e2664a7601e986f32a8a0a3c26f
4392,4392,0,1a00fcffdeff0000f2fff2ffecfffcfffafffaff1c00e2fed4fff4ff2e00eeff,1200e4ffdaffdafff2fff2ff1a00faff0400d2ff06003600faff1c00ecff1c00,fcffecfff6ff0400eeff1000f4ff0400faff3600eefffeff10003000e6ffe6ff,3000ceffe8ff1600ecff1e000400f4ffdc6f2aa8e8a2fa6ebe2620a39a1e4826
4393,4393,0,bcfffcff100000000000f2ff0c001c000c002c000c001c002200a6ffdefffeff,e4ff0200fafffafff2ffd4fffaff0a00f2ff1400060026000c000c00ecffdcff,0e000e00040014001000000014000400fafffaff2a00eeffeeffeeff0600f6ff,eeffeeff1600daffdcff0e00f4ffc4ff3e27a0a2c21dfc26b2a8b21ec26fe0a7
4394,4394,0,ecfffcff0000deff000010001c00dcff0c00faffe2fefeff12000200eeff0e00,f4fff4ffeafffafff2ff3e00eaffeaffd2fff2ff060026000c001c001c000c00,fcff0e00f6ff2200200000000400e4ffdaffeaffeeffeeffeeff0000f6ffd6ff,eeff10000600daff0e000e00d4fff4ffbaa88c1dea6e32a84ca2886f8a27f4a2
4395,4395,0,1a00fcff0000defff2ff1000ecffecffeafffaff1c000c003000f4ff3e004e00,12001200eaffcaff000000000a00eafff2ffe2ff26003600faffeafffcff1c00,1e000e00f6fff6ffeeff100004001400dafffafffeffc2ff00003000e6ff0600,eeff2000f8ffe8ff30000e00e4ff240040a2cc6f6c2772a2221d5c277aa86a1d
4396,4396,0,fcff0a00000000002000f2ffecffecff1c001c00eeff1c00120002004e000e00,12001200eaffeaff000000000a000a00f2fff2fff8ff06001c00eaffdcffdcff,2e000e0014000400000010001400f4ff180008000c00feff0000eefff6ff2600,00001000daff06000e000e0004000400ac1c142872a8241da86f82a974a2c26f
4397,4397,0,2a00fcff000000000000f2ffdcfffcfffafffaffdeffeefff4ffe4ff0e00ceff,12000200eafffaffd4ffe2fffaffeaff1400f2ff0600f8fffaff0c000c000c00,0e000e0004001400000000001400f4fffaff28000c001c0000002000f6fff6ff,6800eeff06000600fcffecff2400d4ff766f5aa956a10a6f9028c0a2021c3a28
4398,4398,0,ecfffcff0000000000000000dcff0c00faff0c000c000c000200f4ff0e00eeff,02000200faff0c000000f2fffaff0a00f2ff0400f8ff16001c000c00fcffecff,0e00fcff040004002000eeff14001400faffeafffeffe0ff10000000f6fff6ff,ceffeeff46000600dcfffcff2400b4ff6428a6a1d41c6c2892a9801bc26f44a9
4399,4399,0,dcff2a001000eeff200000001c00fcfffafffafffeffdeff020002000e000e00,02001200fafffaffc4ff3e00fafffaff0400e2ff06002600faffeaff0c00bcff,9cff2e00f6ffe6ff00001000140024001800faffeefffeffdeff2000f6ff0600,deff00004600cafffcff3000f4ffe4ffdaa9a81bda6e02a9cca1886f642904a2
4400,4400,0,fcfffcff00001000100010000c000c00fafffafffeffe2fe0200d4ffceff2e00,12001200eafffaff2e000000faff0a00e2ff0400e8ff3600faff0c001c00fcff,fcff2e000400040000002000040004000800daffeeff0c0040001000f6ff1600,deff0000f8ffcaff1e00ecfff4ff140056a1666fec2866a1301bb029c4a9f21b
4401,4401,0,0a00fcff00001000f2fff2ffecff0c00fafffaff2c000c000200e4ff0e00eeff,0200f4ff0c000c003e00e2fffaff1a00f2fff2ff16002600faff0c00fcffecff,fcff1e001400f6ff0000000004000400360046001c00feff40002000f6fff6ff,20000000daff4600fcffbaffe4ff2400ca1a942982a9e41b486f06aa44a1a26f
4402,4402,0,fcff1a002000eefff2ff2000ecffdcfffafffaffdeff2c00f4fff4ffeefffeff,e4ffe4ffeafffaff2e00e2fffaffeafff2fff2ff460046002c000c00ecffecff,fcff1e0014002200100000000400f4ffdaffccffeeff0c00200000001600f6ff,1000ceffe8ff54001e00fcff2400c4ff566f54aa86a01a6fc02988a0121b3429
4403,4403,0,fcfffcff10001000e2ff00000c000c00faff1c000c00e2fef4fff4fffefffeff,f4fff4ff0c000c002e00f2fffaff0a00f2ffe2ff2600f8ff0c00fafffcffdcff,1e00fcffe6ff0400000000001400f4ff180036002a00feff0000200006001600,000000000600f8ffecff0e002400e4ff3e2af6a0041b6a29e6aa601aa26f44aa
4404,4404,0,fcffecff00000000f2ff0000dcff0c00fafffaffdeffdefff4ffd4ff0e000e00,1200e4fffaff0c00d4ff10000a00eaff040004004600d8fffaff0c00acff1c00,0e002e00f6ffe6ff0000eefff4fff4ff180036000c00feffeeff20001600f6ff,deff20001600dafffcfffcff04000400c4aa0a1a1a6f22aa58a0486f642a04a1
4405,4405,0,fcff3a001000000000000000fcffdcfffafffaffeeffeeffc6fff4ffeefffeff,120002000c003c00f2ffe2fffafffaffe2ff04004600f8ff0c000c00fcffecff,0e002e0014001400eeffeeff94ff0400ccff3600feffeeffeeff3000e6fff6ff,deff10001600f8ff0e000e000400240086a0666fb22ad6a06c19542ad4aa001a
4406,4406,0,bcffecff1000eeff0000e2ffccffccffdaff0c000c002c001200d4ffdeffceff,d4ff12000c000c002e002000eaffeaffe2fff2fff8ff16000c003c00ecffecff,ecff1e00140004002000eeff04001400daff0800eeff1c000000eeffe6ff1600,0000eeffdaff16004000fcffe4ff1400d0181e2b62aac019286f38ac84a0926f
4407,4407,0,1a00fcff1000ceffe2ffe2fffcffecfffaffcaff1c00eeff020002001e00feff,02000200faff0c00f2ffd4ff1a00fafff2ff04001600e8ff0c002c00ecffecff,1e00dcfff6ffe6ffdeff1000f4fff4fffaffdafffefffeffdeffeeff26000600,1000cefff8ff0600ecff0e0014000400766f54abe69fda6e882c28a04019b02b
4408,4408,0,fcff0a0020000000e2ff10001c00ecffdaff0c00ceff0c00020022000e00eeff,f4ff1200fafffaff2e0000000a000a000400f2ff160016002c002c00ecfffcff,8cff2e001400f6ffeeff1000040004000800faff2a000c001000eefff6ff0600,eeffeeff1600f8ffdcff3000e4ffe4ff5e2b06a0a018d82d28ac0c18926f50ab
4409,4409,0,fcff0a001000eeff1000e2fffcffdcfffaffdaff0c000c0002003000eefffeff,f4ff1200fafffafff2fff2fffaffeaff04000400f8ff0600caff0c00dcffdcff,fcff1e002200f6ff000020000400f4ff360018001c000c00deff0000f6ffe6ff,deff10004600daffdcff1e00f4ffd4ff88ac7018ea6e00ab949f686f402cf29f
4410,4410,0,ecfffcff20000000f2ff0000fcffdcfffafffaffe2fefeff12000200defffeff,e4ffe4ff1c000c0010002e000a00eaff14000400360006002c000c00ecffecff,fcff0e00f6fff6ff000010000400f4ff08002800feff1c0000000000f6ff0600,eeff1000daffdaff1e000e00d4fff4ff06a0366f882eb69f2c17f82d00ac9018
4411,4411,0,fcfffcff000000001000f2fffcff1c000c000c001c000c0002005e00feffdeff,d4fff4fffaff1c00200020002a000a00040004001600f8ff1c00faffccfffcff,1e000e0004000400eeffeeff040024003600eaff0c000c003000200016000600,30000000daff16000e00fcff14002400c0172c2cd0ab1a18586f98acb29f726f
4412,4412,0,fcfffcff10000000e2fff2ffdcffecfffaff0c00eefffefff4ff2200feff1e00,020002000c001c00f2ff2e000a00faff14000400060016000c000c001c00ecff,0e001e000400f6ff100010000400f4ffeaff3600feff0c0000000000e6ffe6ff,1000ceffe8ff4600ecfffcff0400f4ff066fe8ac469fca6e582df49ebe17e62c
4413,4413,0,fcfffcff000010000000f2ff0c00ecffcaffdaffceff1c00120002002e00eeff,f4ff12001c00eaff3e00f2ff1a001a0004003600f8ff64001c000c00fcfffcff,0e00dcffe6fff6ffeeff0000f4fff4fffaff0800feff0c00eeff3000f6ffe6ff,eeffeeff46000600ecfffcff2400e4ff622df09e4a17762f58ad1c17626f20ac
4414,4414,0,fcffecff1000000000001000fcfffcff0c00cafffeff0c0050000200feff1e00,0200d4fffafffaff2e002e000a001a00e2fff2ff060026000c001c000c00dcff,fcff0e00e6fff6ff10002000f4ff240046002800feff0c000000100016000600,deff20004600caff0e001e00f4fff4ff5aadea16aa6ef0abe49e386fca2d429f
4415,4415,0,ecff1a0000000000e2ff2000ecfffcfffaff0c000c00eeff120040002e002e00,0200f4ff0c00eafff2fff2ff1a000a0036002400260016002c002c00ecffdcff,0e000e00f6ff0400eeffdefff4ff0400080008000c00feff2000000026002600,eeff1000daffe8ff1e000e00d4ff2400009f066fc62f189fbc15082e48ada616
4416,4416,0,0a00fcffeeff0000000000000c00ccffdaffeaff1c001c001200f4ffdeffdeff,12000200faff0c00000000000a000a00f2ff0400160026002c000c00fcffdcff,fcff1e0022001400eeff10001400f4ff2800faffeeff0c000000deff1600f6ff,2000deffcaff46001e00dcfff4ff04008c158e2e28adba16186f68ae8a9e526f
4417,4417,0,1a001a00eeff000000002000fcff1c00daff0c000c00feff400012002e002e00,0200e4fffafffaffd4ff2e00fafffaff14000400360054000c002c00dcffdcff,1e00fcfff6ff140010001000f4ff2400eaffdaff0c000c003000eeff06000600,2000eefff8ff1600ecfffcff2400d4ffe66edaade89eda6e382fc49dc615202f
4418,4418,0,fcfffcff0000eeff10001000ecffecfffaffdaffeeffeeff500012002e00eeff,f4ffd4ff0c000c002e0000001a00faff04000400e8fff8ff2c001c00fcfffcff,2e000e0004000400100020001400f4ff3600daff0c000c0000001000f6ff0600,0000deff4600e8ffecff0e000400e4fffe2e709eac15fc3038ae2c14326fa8ad
4419,4419,0,dcff0a00eeffceffe2fff2ffecfffcfffaff0c000c00feffe4ff1200eeffeeff,f4fff4ff0c000c002e002000eaff5a00040024003600e8ff0c001c000c00fcff,fcff1e000400e6ff0000eeff14000400faffeaff0c001c00000010000600f6ff,eeff20006400e8ffdcff1e00b4ff040086ae5c158a6e58ad549df86e902f5a9e
4420,4420,0,ecfffcff0000eeffd2fff2fffcfffcffdaffdaffdefffeff120012000e000e00,e4ff0200faff0c004c00f2ffeaff0a00e2ffe2ff360026000c000c00ecffecff,0e00fcff2200220062001000f4ff0400faff0800eeff2a0000002000f6ff0600,ceff4800daffe8ff3000ecffd4ff1400d29df66e4c31fa9d0c14ac3018ae0615
4421,4421,0,ecfffcff10000000e2ff0000dcff0c00caff0c000c00eeffe4fff4ff2e00feff,e4ff12000c000c002e00e2ff0a000a00240004002600e8ff1c00eaffdcffdcff,fcfffcff0400f6ff2000100014001400eaff08001c000c0020000000e6ff1600,00000000e8ff06001e00dcfff4ff44007c144e3006aeec14d86e68aeea9d126f
4422,4422,0,fcffbcffeeff0000f2fff2ff2c00dcfffaff0c00ceffeeff300002001e000e00,f4ff0200faff0c00f2ffd4ff0a00dafff2ffd2ff260064001c001c00ecffdcff,0e00ecff14001400eeffeeff1400140028000800feffeeffdeff000006001600,1000eefff8ff16000e00fcff04000400d66e16affa9daa6eac30249dfe13c02f
4423,4423,0,0a00fcff1000000000001000fcffecffdafffaffeeff1c00020012002e000e00,020002000c00faffe2ff3e000a005a00140014002600d8ff0c001c000c00ecff,0e001e000400f6ffeeff00000400440008005600feff0c00eeff000006001600,eeff00001600daffcaff1e000400f4ffbe30729d1c15cc3178afec13126f68ae
4424,4424,0,ecff2a00100000001000d2ffecff0c000c00faff0c00eeffe4ffe4ffdeff1e00,f4ffe4ff1c00faff100000001a000a00040004000600e8ff1c000c00dcfffcff,0e002e00040022000000eefff4ff04000800fafffefffeffeeffeeff0600f6ff,deffeeff1600e8ffecff1e00e4ff040096af3013ba6e76aec49cb86eea309a9d
4425,4425,0,fcff0a00eeff10000000f2fffcff0c00faffdaff0c01e0ff0200f4ffdefffeff,e4ff12000c000c00f2ff2e000a000a000400c0ff0600e8ff1c002c00dcfffcff,fcff0e00f6fff6ffeeffeefff4ff1400faff0800feff0c00ceff200006003600,000020000600e8fffcffdcffd4ff1400329de66ed0326a9db611ec30a0af8e13
4426,4426,0,fcff1a00eeff10002000f2ffdcfffcffdaffdafff2fe0c000200f4ff2e00feff,e4ff12001c000c00f2ff4c005a001a000400040006000600fafffaffecffdcff,2e008cfff6ff040010001000f4ff1400eafffaffd0ff0c0030002000f6ffe6ff,1000eeffcaff46001e00fcff140024008012ae3104af7e13b86eacb04a9dc86e
4427,4427,0,1a001a00eeffeeff0000f2fffcfffcff0c000c00eeffeefff4ff1200eeff1e00,1200f4ffeafffafff2ff0000fafffafff2ff24002600d8ff2c001c00ecffdcff,0e002e001400f6ff000010001400240008002800fefffeffeeff2000f6ff1600,3000eefff8ff1600dcfffcff2400f4ff766e1cb03a9d2a6e3032049dee126a31
4428,4428,0,fcffdcff00002000f2ff2000fcffccff0c000c00feffeeff120012000e00feff,d4fff4fffaff0c002e00f2fffaff0a00e2ff04001600e8ff2c00eaffecffdcff,0e000e00f6ff1400eeff100004000400daff1800feff0c00200030000600e6ff,eeffdeff16001600ecfffcff2400e4ff7832d29cfe1270339cb0c610606ee0af
4429,4429,0,ecff0a001000defff2ffd2fffcffecffcaff0c00e0ffd0ffe4ffe4ffeeff0e00,f4ff12000c000c002000e2fffaff0a0014000400360006000c002c001c000c00,0e000e00f6fff6ff1000deff1400140036002800fefffeff0000300026000600,deff1000f8ffcaffdcff1e0014000400fcb076112a6e74af349cb86e2a32fa9c
4430,4430,0,ecfffcff0000eeff20000000ecfffcffdaff0c00fefff2fe30000200eefffeff,f4fff4fffaff1c002e002e000a00dafff2fff2ff740036000c00faffdcffdcff,fcfffcff040004000000eeff04001400faffdafffeffeeff2000100016000600,eeff1000f8ff06001e00caffe4ff1400f09b766e40346a9cb610e233c0b08211
4431,4431,0,fcffecff0000ceffe2ffe2ff1c00ecff0c00faff0c00e0ff30004000feff1e00,020012000c00eaff200010001a000a00f2ff0400360046001c002c00ecff0c00,0e001e00f6fff6ffdeff00000400140036003600e0ff0c00eeff100006000600,5800eeffe8ff16004000caffe4ff4400d610e832d4af6e12986eccb0729c926e
4432,4432,0,0a00dcff100000000000f2ffecffccfffaff0c00eeffe0ffe4ff40002e000e00,e4ff12001c001c002e002e000a001a00e2ff1400160036001c00faffccff0c00,1e001e00f6ff04000000eeff0400f4fffafffaffeeff0c0020001000f6ffe6ff,1000beff06004600fcfffcff1400f4ff766e5cb12c9c1a6e8033629b1211f632
4433,4433,0,ecfffcff20000000e2fff2ffdcfffcff0c00daff0c00e0ffe4fff4ffeeff2e00,1200f4ff0c000c00f2ffe2ff0a000a00f2ff1400260036001c000c001c00ccff,fcff0e002200f6ffdeff10000400e4fffafffafffeff0c00eeff4000f6ff2600,0000eeff0600f8ffdcff0e001400b4ff7833809b4a11a034bcb1d610306e7ab1
4434,4434,0,fcfffcff0000000000000000fcffdcffcaffcafffeffeeff020002000e000e00,2200f4ff1c000c00f2fff2ffeaff1a002400f2ffe8ff1600eaff0c00ecff1c00,1e000e0004002200eeffeeff140014002800eafffeff0c000000eeff1600f6ff,ceff58004600f8ff1e000e00f4ffc4ff16b21610846db4b0629b786ec633d29b
4435,4435,0,dcfffcffeeff1000d2ffe2ffccfffcffcaffdaff1c000c00d4ff0200eeff1e00,e4ff1200faff0c000000f2ffeafffafff2ff1400060006000c000c00ccffdcff,1e000e00140014000000defff4ff0400faff28001c00feff30002000f6ff1600,eeff5800f8ffcafffcffcafff4ff2400509b366e6e350c9c620f22340ab20810
4436,4436,0,ecfffcffceffeeff0000f2ffdcffecffdafffaffe0ff0c00e4fff4ffeeffeeff,0200e4fffaffeaff10002e000a00fafff2ffe2ff54006400fafffaffccff1c00,fcfffcfff6ff04000000defff4fff4ff0800fafffeff2a00200020000600f6ff,00000000baffe8ff1e00ecffd4ff34000e0fe63412b10a11686e80b2509b006e
4437,4437,0,fcfffcffeeff0000f2ff1000ecffecff0c000c000c00d0ff1200f4ffeeff1e00,1200f4fffafffaffe2ff10000a000a00040014004600f8fffafffaff0c000c00,0e000e00f6fff6ff200010000400040008000800eeffe0ffeeff200006001600,2000defff8ffe8fffcffecff34000400266e76b28c9b446dd235529be80eae34
4438,4438,0,0a00dcff0000000020000000ecffecfffaff0c00d0ffeefff4ffe4fffeff0e00,020012000c00faffd4ff2e000a001a001400140026003600eaff0c002c00ecff,0e009cfff6ff0400000000000400d4ff28002800feff0c0010000000e6ff1600,0000100006000600ecff0e003400f4ff3236e09ab40fee3550b3020ec06dbab2
4439,4439,0,fcff1a00deffdeffe2ff1000ecffecfffaff1c00e0ff0c01e4ff02001e00deff,e4fff4fffaff0c00f2ff0000eaff0a001400f2ff06003600faff2c00fcffdcff,0e000e0004001400eeffeeff140004003600fafffeff0c0030001000f6ffe6ff,deff10000600e8ffecff0e00d4ff1400f6b2de0e546d82b1a29a386e1e35f09a
4440,4440,0,fcfffcff0000000010000000dcff0c00cafffaff0c00e0fff4ff3000eeff1e00,1200e4ff0c00fafff2ff00000a00faff04000400460006000c00faff1c00fcff,1e000e00f6ff14001000eeff04000400daff1800eeffe0ff300020001600f6ff,deff1000dafff8ff0e00ecffe4ff0400809a266e0c378c9b420db23686b3d80e
4441,4441,0,fcfffcff0000eefff2fff2ffecffecff1c00faffeeffeeffd4ff0200fefffeff,f4fff4ff1c00eaff000000000a000a000400e2ff26000600eaffeaffacffecff,ecff1e000400e6ffeeff1000f4ff0400180028001c00eeffeeff2000e6ff0600,1000deffdaff64003000ecfff4ff2400a20d323640b2340f586e90b3c09ac06d
4442,4442,0,1a00ecffeeff0000f2ff10000c00ecff2c00faffeeffeeff1200f4ff2e002e00,12000200fafffaff20003e00eaff0a00f2fff2ffe8ff26000c00fafffcfffcff,dcfffcff0400040010000000140014002800fafffeffeeff000000000600f6ff,1000defff8ff0600ecffecff3400e4ff9a6d76b33c9b346db236329a4e0d2e36
4443,4443,0,ecff1a002000ceff00001000ccfffcfffaff0c00eeffeeff3000f4ff1e00eeff,0200f4fffaff0c003e00d4ffeafffaff0400040026005400eaff1c00ccfffcff,0e00ecff220004000000000004001400fafffaff0c001c0030001000f6ff0600,0000eeff4600f8ffecff0e001400d4ffd236809a760e3c3752b4520d906dd6b3
4444,4444,0,2a00fcff1000000010000000fcff0c00cafffafffefff2fef4ff12002e00feff,1200f4ff1c00faff20004c00fafffaff1400040006005400faff0c00ecff0c00,1e001e00040004000000000024000400faff28001c00e0ffeeff20000600e6ff,deff10004600dafffcff400014000400c6b3e20ca46c5eb5de99d86d1637909a
4445,4445,0,fcff1a0010000000f2ff0000fcfffcff1c00faffeeffeeff0200e4ff2e002e00,12001200eaff2c00f2ffe2fffaff0a00d2ff0400260036002c000c000c000c00,dcff2e00040004000000deff04002400280028000c00feff00003000f6fff6ff,00002000f8ffe8fffcfffcffe4ff1400b6999a6d3a38369a320c0237beb4480c
4446,4446,0,0a00fcffdeff0000e2ffd2fffcfffcfffaffdaffeeff02ffe4ff30002e00feff,1200f4ffeafffaff2e000000fafffaff0400d2ff26000600fafffaffbcff1c00,9cff0e00140004001000000014001400fafffaff0c000c0030003000d6fff6ff,1000eeffbaff16001e00caff04001400de0b18388eb5c60d086ea2b5e099906d
4447,4447,0,2a00dcff00001000f2fff2fffcff1c000c001c00e0ff0c00e4ff30000e00eeff,e4ffd4ffdafffafff2ffe2ff0a00eafff2ff0400260036002c00fafffcff0c00,1e002e00f6ff2200100000000400f4ff0800faff0c001c0020000000f6ff0600,30000000060046000e00fcff2400e4ff6a6d94b4269a046d66389e99480b9637
4448,4448,0,fcffecff00000000f2ff1000fcff0c002c00fafff2fefeff12000200fefffeff,f6fff6ffeaffeaffe2ff0000eaff0a00040004002600f8ffeaff0c00fcfffcff,0e002e00f6fff6ff20000000f4ff0400fafffaff0c00feffeeffeefff6ffe6ff,deffdeff06000600dcff0e001400e4ff78384699280a3239a2b5320a406dfeb4
4449,4449,0,dcff0a003000eefff2ff0000fcff0c002c001c000c000c000200f4ff2e002e00,1400f6fffaff1c003e00f2fffaff0a000400f2ff260054001c000c00dcffecff,0e002e000400f6ff100000000400040046003600fefffeff0000000006000600,beff00005400dafffcff0e00f4ff040040b67e0b666c6eb6de98d86dd838c099
4450,4450,0,fcfffcff1000100010000000fcff0c002c00daff0c00defff4fff4ff2e00eeff,f6ff24001c000c000000f2fffaffeaffd2fff2ff36002600fafffaffdcffccff,dcff0e00040014000000eeff04000400080036001c001c00eeff0000e6ff0600,ceff5800f8ffdaff1e00dcffe4ff040026991a6d083a7e99920a7639eeb53c0a
4451,4451,0,0a00ecff000000000000e2ffecff0c00faff0c00cefffeff020022000e00feff,f6fff6ff1c000c00f2ffe2ff1a00faffe2ffe2ff260026000c00eafffcfffcff,9cfffcff0400f6ff10000000140024002800fafffefffeff2000000016000600,2000eeffdaff16000e00ecffe4ff34009409e838fab6080a366db2b56099306d
4452,4452,0,2a00fcff0000deff000000000c00ecfffafffaffe2feeeff020030002e002e00,f6fff6fffaffeaff200020000a00eafff2fff2ff3600e8ff0c000c00ecff2c00,0e00bcffe6ff04000000eeff040004001800eafffefffeff2000eefff6ffe6ff,5800eeffe8ff0600ecffecff1400f4ff0a6db0b61099766c5639be98ac095839
4453,4453,0,0a000a000000eeff00001000fcfffcff0c00faff2c000c00020030000e001e00,f6ff1400eaff0c003e00e2ff0a000a00e2ff0400160036001c000c000c002c00,0e00fcff04000400300000000400f4ff180028000c00feff00002000e6fff6ff,eeffeefff8ffe8ffcaff1e000400d4ffa839d6987208a83ae4b6220a006d5eb6
4454,4454,0,fcfffcff1000deff1000f2fffcffdcff0c001c00feff0c00f4ffe4ff2e003e00,24000400daff0c00f2fff2ff1a000a00f2ffe2ff160036002c002c000c00dcff,0e00fcff14000400eeff10002400040008003600feff0c002000300016000600,100010001600dafffcff30000400d4ff50b71409166cdab79e98f66ce8391099
4455,4455,0,fcff0a0010000000f2ffe2ffecfffcff2c00dafffeff0c00020002000e000e00,0400f6fffaff0c002e004c000a00eaff140004003600f8ff0c000c00fcfffcff,9cffecfff6ff1400deffcefff4fff4ff36004600feffeeff3000eeff06001600,ceff6800e8fff8ff1e00dcffe4ffd4ff7698da6cc63a4e99ae082a3a36b7ec08
4456,4456,0,1a001a000000eefff2ff0000fcffdcff1c002c00deffeefff4ff02000e000e00,f6ffe6ffeaff0c004c00e2ff0a000a00d2fff2ff46003600faff2c000c001c00,1e00acfff6ff1400eeff000004000400280008000c00eeffeeffeeff06000600,1000eeffbaff1600ecffdcffe4ff4400e408623a8ab8a207c66ca4b7d098c06c
4457,4457,0,fcffecff10000000e2fff2ffdcfffcffdaff2c00feff1c001200e4ff1e000e00,04000400fafffaffe2fff2ff0a001a00f2fff2ff260036000c001c00dcff1c00,1e000e00040014000000eeff1400d4ff28000800e0ff0c00000010000600e6ff,30001000060016000e00fcff240014009a6c16b80099066c0a3b8e98c207ea3a
4458,4458,0,fcfffcff1000eefff2ff0000fcffecff1c000c002c004c00220030000e00eeff,14000400eaff0c002e000000faffdaffe2ff040016001600eaff2c00ccff1c00,0e00dcff14001400eeffdeff0400d4fffafffaff0c00feff00003000f6ffe6ff,eeffdefff8fff8ffdcff1e003400c4ffc23a66983207763b18b8aa06b06ce6b7
4459,4459,0,2a000a000000deffe2fff2fffcff0c00daff0c00eeffdeff020040000e000e00,0400f6fffaffeaff20002e00eaffeaffe2ffd2ff060046000c00fafffcffccff,0e000e000400f6ff1000000004001400280008001c001c00000000000600f6ff,deff00001600cafffcff0e00f4fff4ff46b89c07166c2ab9ea97066d8a3b3e98
4460,4460,0,ecff1a0010000000f2ff0000fcff1c00eaff0c00eeffe2fe020002000e000e00,14001400eafffaff2e00f2ff5a00dafff2ff04001600d8fffaffeafffcff0c00,0e000e00d8ff0400eeff000004000400faffeafffefffeff200010001600e6ff,000010001600daff1e00ecff1400240036989a6ca63cc0981a078c3c88b84207
4461,4461,0,fcfffcff00002000e2ffd2fffcff0c00eaff1c00feff2c00400002000e002e00,d6ff0400faffeafff2fff2ffeaffeaffe2ff1400d8ff0600faff0c00ecffecff,1e000e00d8fff6ff1000000004002400280028001c00feff20000000f6ffe6ff,3000deffcaff06001e00dcffe4ff04007406103c98b9a605866c58b8fe97386c
4462,4462,0,2a002a001000eeff00001000fcff0c00caff0c000c00eefff4ffe4fffefffeff,14001400eafffaff3e00f2ff0a000a000400e2ff2600e8ff2c000c00ecffdcff,0e000e0004001400eeff1000f4ff0400faff0800e0fffeffeeff000026001600,3000eeffdaff06000e00ecff4400d4ff266cf6b81098f66b9c3c8a973006fa3b
4463,4463,0,2a001a00eeffdeffd2ff0000ecffecff0c001c000c001c00d4ff12000e00eeff,e6ffe6fffaffeaff3e00d4ff0a001a000400f2ff26000600cafffaffecffecff,0e000e000400d8ffceffdeff1400f4ff180036000c000c00eeff2000f6ff0600,eeff00006400e8ff0e0030002400e4ff963cb097a605463d28b96a06286c48b9
4464,4464,0,0a000a0020001000e2ff1000ecffdcffeaffeaffceff0c00f4ffe4ff2e003e00,f6ffe6ff0c00fafff2ffd4fffaff0a002400c0ff06002600eafffafffcfffcff,0e000e00f6fff6ff0000ceff2400f4ff1800fafffeff0c00deff00000600d6ff,deff00001600daffecff1e00e4ffe4ff96b90406666b38ba5a97466cd23cbe97
4465,4465,0,0a001a00eeff2000e2fff2fffcfffcfffafffaffeeff0c00e4ffe4ffeeffdeff,f6ff1400fafffaff0000e2fffaff1a0014001400060036001c000c000c00ecff,9cff0e000400f6ffeeff100004000400faffeaff1c00feff0000000006000600,eeff20000600f8fffcffecffc4fff4ff6097486bc43d50982c05ec3cc8b99005
4466,4466,0,ecff1a00ceffeefff2ff10001c00fcff3c00faff1c000c003000f4ff2e00eeff,f6ffe6ff1c000c003e00f2ff0a00fafff2ff04003600f8ff2c001c00dcff2c00,fcff0e0004001400eeffdeff3400d4ff0800faffe0fffeff2000eeff0600e6ff,1000deffdaff46004000ecffd4ff1400d804663d16bb9604566c1cbb4e97c86b
4467,4467,0,2a00ecff10000000f2ff10000c00fcffeaff0c000c002c0012001200feff0e00,f6ffe6fffaffeaff2e00e2ff0a001a000400f2ff0600f8ff0c000c000c00fcff,0e00fcff04000400deff1000f4ff0400faff18000c00feff00002000e6ff0600,3000eefff8ff4600ecffecff0400e4ff586b30bad097f66afc3d1a971005823d
4468,4468,0,fcfffcff10000000000020000c00ecff0c00daff0c000c00020002000e002e00,d6ff04000c000c00e2ffd4ff1a000a00f2ff0400540016002c003c00fcfffcff,1e00ecffd8fff6ff1000eeff14001400faff0800feff1c0000002000f6fff6ff,0000deff06000600ecff1e002400d4ff723e30975604e23eccba0c04c86bf8b9
4469,4469,0,0a001a0000000000f2fff2fffcff0c00faffcaff0c000c0012001200eeff2e00,14000400eaff1c00f2ffe2ff0a000a00f2ff1400060026000c002c00fcffdcff,1e003e00f6ff0400deffdeff1400040008002800fefffeff0000eeffe6ff1600,deff48000600caff0e001e00f4fff4ffb0ba5804366b86bbda96466cf23d4e97
4470,4470,0,0a001a0010000000f2fff2ffecfffcfffaffbafffeff0c0040001200defffeff,04000400fafffaff4c00f2ff0a00faff04000400e8ff54003c002c00dcfffcff,0e000e000400f6ff1000deff14001400faff2800e0fffeff0000000016001600,deff1000cafff8ff0e00fcffb4ff24000097286b223fb0970a033c3fd8ba4804
4471,4471,0,0a000a00000000001000f2fffcff0c00caffdaff4c000c00f4fff4fffeffeeff,1400f6ffeafffafff2ff10000a000a0014001400060036000c000c00ecffecff,8cfffcff1400e6ffeeffbcff04002400eafffafffeff0c00eeff300006001600,20000000daff06000e00dcffd4ff24001203623f46bc3603e66b0cbbe696b86b
4472,4472,0,fcfffcff00002000f2fff2fffcfffcff0c000c000c000c0050005000feffceff,14001400eaff1c000000e2ff0a00fafff2ff0400060026002c000c00ecff2c00,dcff0e000400140020000000f4fff4fffaff2800feff1c00eeff20001600f6ff,1000ceffbaff54000e00ecff1400e4ff386b60bb7097066bfc3e9a963803da3e
4473,4473,0,fcffecff2000eeff0000e2fffcffdcff1c00faffeeffeeff300040002e004e00,e6ff14000c00eaff20003e00faff1a00f2ff1400160026002c001c000c003c00,1e000e000400e6ff20000000f4ff04003600ccff2a00feff00001000e6ff0600,eeffeeff0600e8ffcaff40004400f4ff223fe0963802c23f0ebcea02986b58bb
4474,4474,0,1a00fcff00000000e2fff2ffecffecff1c000c001a010c000200d4ff0e000e00,1400f6fffafffaff2e00e2fffafffaff1400140026004600eaff2c00fcfffcff,fcff9cfff6ff0400eeffeefff4fff4ff28002800fefffeffeeff00000600e6ff,ceff10000600dafffcff3000e4ffe4ffe0bb4202a66a66bc7a96d66bca3f9696
4475,4475,0,fcff1a00100010000000e2fffcfffcff1c000c00eefff2fed4ffe4ff0e000e00,f6fff6fffaffeaff4c00e2ff0a00daff24001400f8ff06000c000c002c000c00,0e000e0004000400eeff1000d4ff1400daff28001c00eeffeeff0000e6ff0600,10005800daffdaff0e00dcffd4fff4ff5e96086b82402097b6013c3f5abc2c02
4476,4476,0,fcfffcffdeff10000000f2ff0c00ecfffaff1c00feff0c01400022002e000e00,0400f6fffaff0c002e00d4ff0a00daff0400e2fff8fff8fffaff0c00fcff3c00,ecffecfff6ffe6ff2000eefff4fff4fffaffeafffeff0c0040000000f6fff6ff,1000deffe8ff16004000fcffe4ff44003801684004be4201b66b3ebd0696e86a
4477,4477,0,1a000a00100000002000e2fffcff0c001c001c001c00eeffe4ff30000e001e00,f6ff0400faff0c00e2ff2000faffeaff14000400060026000c002c002c001c00,1e001e000400e6ffeeff0000e4fff4ff08000800feffeeffeeff000016001600,1000deff06001600ecffecff24000400886a34bd7296566a90409a954c012a40
4478,4478,0,fcff0a001000100000000000fcffdcfffafffaff1c002a00120012000e000e00,0400f6fffaff0c00e2ff0000daffeaffe2fff2ff36000600faffeaffdcff0c00,fcff0e00f6ff0400eeff0000f4ffe4ffdafffaff1c00feff000000000600e6ff,eeffdeff1600f8ffecff30002400e4ffd8403e9654000e410ebd56009c6a22bd
4479,4479,0,fcff1a00200010000000f2ff0c001c00faff1c00eeffeeffe4ff3000eeff2e00,240004000c00faffe2ff3e00faff0a001400f2ff2600f8ff0c000c00ecfffcff,0e002e001400f6ffeeff4200f4ffd4ff280028000c00eeffceffdefff6ffe6ff,100020001600baffecff3000e4ff140030beb800366ab4bd9a95866b0c410696
4480,4480,0,ecfffcffdeff3000f2ff2000ecffecfffaffdaff0c00eeff500012000e00feff,f6fff6fffafffaff1000f2ff0a00eaff0400e2ffd8ff26000c00fafffcff0c00,0e009cfff6fff6ff10001000f4ffd4ff0800fafffeff1c0020002000f6ff0600,ceff1000060006000e00ecffd4ff14009295286a1442629646003442b2bdfaff
4481,4481,0,fcff2a00100010000000f2ff0c00fcffeaff0c001c002a00120002000e000e00,1400e6fffaffeaffe2ff0000eaff0a0004002400260006000c002c00fcff3c00,fcff1e00f6ff140000000000f4ff0400360046000c000c001000eefff6ff0600,48001000caff060040000e00f4ff24000800084154be66ff566a7ebdb6959c6a
4482,4482,0,fcff2a0010001000000000000c00dcfffaff0c00feff2a00f4ff02000e000e00,04001400faff1c00e2ff3e000a00fafff2fff2ff2600f8ff2c00faffdcff0c00,0e00fcfff6fff6ffeeffdeff0400f4ff3600eaffeeff1c0010003000f6fff6ff,3000deffe8ff4600fcffecffd4ffe4ff286a70be4496266a14420a958aff7c41
4483,4483,0,0a00fcff00000000e2ffe2fffcfffcff0c00faff1c0002ff020012002e00deff,e6ff0400faff0c000000f2ff0a00eaff04001400540006002c000c00fcff0c00,fcffdcffd8ffd8ff0000eeff1400e4ff2800faffe0fffeff100000000600f6ff,eeffdeff0600e8ffdcff30001400e4ff42429295f6fe7442bebe30ff3c6a72be
4484,4484,0,fcff1a00eeffceff0000d2fffcff0c000c002c00fefff2fee4ff30003e000e00,1400e6fffaffeaffe2ff2e000a00fafff2fff2ff260036003c000c00dcfffcff,fcfffcfff6ff0400eeff1000f4fff4ff0800faff1c001c00000020000600f6ff,ceff30000600f8ffecfffcfff4ff140010bfd0fef669a0bf0a95d2697c429695
4485,4485,0,ecff1a000000defff2ff0000dcff0c00fafffaff1c002a00f4ff0200eeff0e00,f6fff6ffeafffaff0000e2ff0a001a00f2ff0400f8fff8ff0c000c00ecff1c00,0e000e00e6ffe6ffdeff1000f4fff4ff0800faffeefffeffeeffdeff06001600,deff3000f8ff0600fcfffcffd4ff140062958e69f442e49580fe1442eabec2fe
4486,4486,0,fcffecff000000000000e2ffdcfffcff0c002c00eefffefff4ff1200feffeeff,f6ffe6ffdaff0c002000e2ff1a000a00f2ff0400260026000c000c000c00fcff,ecfffcff22000400deffdefff4fff4ff180036001c001c0020000000e6ff1600,20001000daff46004000dcffd4ffe4ff40fe6242f0bfc8fd366aaebf9695fc69
4487,4487,0,fcff0a0000002000f2ff0000fcffecfffafffaff0c001c0012001200eeff2e00,e6ffe6ff0c00faffd4ffe2ff0a000a0014002400b8ff3600faff0c00fcfffcff,1e000e00040014001000eeff0400040008002800feff0c00deff100016000600,3000defff8ff06000e00ecffe4ffe4ff6c6970bff4957269f442ca94a2fd2843
4488,4488,0,dcfffcff000000000000f2ff0c00ccfffafffaff1c00eefff4ffe4fffeff1e00,e6fff6ff1c00faff0000f2ff0a000a00f2fff2ffd8ffe8fffaffeaff0c00fcff,0e00dcfff6ff040010000000f4fff4ff2800eafffeff1c00eeff2000f6ff0600,ceff10001600f8fffcff30004400e4ff1243229588fd42449ebfc0fcac690ac0
4489,4489,0,2a001a000000defff2ffe2ffecfffcffdaff1c00e0ffe0fff4ffd4ff0e00eeff,f6ff0400dafffaffe2ff3e001a004a0004002400f8ff26000c001c001c00fcff,0e008cff040014001000eeff34000400280018000c00eeff0000100016000600,deff00001600caffecff40000400c4ff86c054fd1269a0c0aa94b26928441695
4490,4490,0,ecff0a00eeff1000e2fff2ffdcffdcff0c00faffeeff0c000200f4fffeff0e00,04001400faff0c00d4ff00000a00faff360014002600d8ff0c00faffecff3c00,fcff2e000400f6ffeeff1000f4ff1400280028001c00eeff00001000e6fff6ff,deff58000600daff0e00fcff0400e4ff26942c69b243b49550fce6447cc0f2fc
4491,4491,0,fcfffcff20000000d2fff2fffcff0c00faffdaff1c004800e4ff1200cefffeff,f6ffe6fffaff0c003e00e2ffeaff4a0014001400e8ffb8ff1c000c00fcfffcff,fcff0e00f6fff6ff1000defff4fff4ff4600eaffeefffeff4000eeffd6ff0600,20000000dafff8ff1e00cafff4ff040084fcba4400c17afc126962c0e6947c69
4492,4492,0,fcffbcff0000eeffc2ffe2fffcfffcfffaffcaff2a000c003000d4ffdeffeeff,f6ff0400faffeaff0000c4fffaffeaff2400f2ffd8fff8ff2c001c00fcffdcff,0e000e00e6fff6ff200000001400f4ff2800eaff1c001c000000200006001600,1000defff8ff16001e00fcff2400e4ffec6836c18495e268b6445a94c2fca044
4493,4493,0,fcfffcff00000000d2ff0000ecff0c00fafffaffeeff0c005000f4ffeeff2e00,140014000c000c00d4ff2e000a001a00f2fff2ff460006001c00fafffcff0c00,0e000e00040014000000100004000400180028000c00eeffeeff1000f6fff6ff,200000000600f8ffdcff0e00240014003a452694fafbb24492c130fc0c696cc1
4494,4494,0,fcffecff1000eeff20002000fcffecff0c00faffeeffeeff0200e4ff2e000e00,e6ff04000c00eafff2ff2e001a00eaff36000400f8fff8ff1c000c000c000c00,fcff2e0004001400000010000400f4ff2800daff1c00feffeeff0000f6ffe6ff,ceff10001600daffecff3000f4ffd4ff10c212fb6268a0c10a94d26850457e94
4495,4495,0,1a003a001000deff0000f2ffccfffcffcaff0c000c0002ff4000f4fffeff0e00,0400f6ff1c000c00f2fff2ff1a00fafff2ff24001600f8ff0c00eaffdcffdcff,1e002e00f6fff6ff1000200004000400eaff08001c00feff0000eeff0600e6ff,eeff5800460006000e00fcffd4ff2400d693bc68624524952efb9644bcc14afb
4496,4496,0,1a00fcff10001000e2ffe2ffdcffecff0c00fafffeffeeff2200f4ff0e000e00,f6ffe6fffaff0c00f2ff3e00faff0a002400f2fff8ff06002c002c00fcffecff,ecffdcffe6fff6ff10002000040004004600faffe0fffeff0000eeffd6ff1600,0000deffdaff06000e00dcffe4ff140042fa9a45aec2fafa026912c36e94cc68
4497,4497,0,fcff1a00eeff1000f2ffe2ff0c000c00eaff2c000c000c00f4fff4ff0e000e00,f6ff0400faffeafff2ffe2fffaff0a002400f2ff360006001c00faffecffdcff,1e002e0004000400eeffeeff1400140028002800e0fffeff0000000016000600,6800defff8fff8fffcffdcff2400f4ffac6870c294943268b6453a9488faf045
4498,4498,0,fcff1a00eeff0000f2ffe2fffcfffcff2c00faff2a012a0002000200feffeeff,f6fff6ff0c00faff2e0000000a00faff0400f2ffd8fff8ff1c00eaff1c00ccff,dcff1e0022001400deff0000140004001800fafffeffeeff00002000f6ff0600,eeffdeff1600f8ffdcff30003400d4ff8646c6936afab24522c39af98268ccc2
4499,4499,0,fcfffcff00000000f2ff1000fcfffcff0c000c002c002a002200f4ff0e002e00,f6fff6ff0c000c00f2ffd4fffaffeafff2fff2ff36002600eaff3c00ccffecff,1e001e0014001400eeffeefff4fff4ffeaff0800feff0c003000000006001600,eeff20005400daffecff0e00a4ffe4ff20c388f9b06762c33893a2684046fe93
4500,4500,0,fcfffcffeeff100010002000fcff0c00dafffaff2c01feff30000200deff0e00,f6ffe6fffafffafff2ffd4ff0a00eafff2fff2ffe8fff8ff3c000c00ccff0c00,0e00fcffe6ff14001000100014000400180028001c00eeff1000200006000600,eeff2000daffdaff1e000e00e4ff040066931c68de46a494daf80447d8c388f9
4501,4501,0,0a002a0010000000f2ffe2ff0c000c001c000c00eeffceff120022000e003e00,240032000c00daffd4fff2fffaff5a003600360036001600eaff0c001c00fcff,1e000e0014001400eeffeeff0400f4ff280028002a00feffeeff2000f6ff2600,48005800caff16000e00fcff24002400c8f81647a2c376f9ce6754c4ee936268
4502,4502,0,0a00bcffeeff0000f2fff2ffecffecfffafffaff0c000c0022002200deff0e00,f6ff1400faff1c00e2fff2ffeafffaff04001400f8ffe8ff2c002c00dcffdcff,1e002e00140014000000eeff2400e4fffaff3600e0ff0c000000eefff6ff0600,6800ceffe8ff64000e00fcff2400e4ff1c68e2c3849490676447589398f84247
4503,4503,0,ecffecff00001000b2ff2000ecffecffbaff1c001c001c00e4ff1200fefffeff,e6ff14001c00eaffe2fff2ff0a000a00f2fff2ff540026003c001c00fcfffcff,dcfffcff1400040010001000e4ff1400eafffaff0c00eeff200030003600f6ff,1000eeff1600f8ffdcff1e001400e4ff3c487693e6f81e4700c56af8e267a0c4
4504,4504,0,fcfffcffeeffeefff2fff2fffcffdcff1c00faffeeffeeffd4fff4ff1e00deff,0400e6ffeafffaff4c00f2fffaff0a00e2ffe2ff06002600eaff2c000c00ccff,ecff0e00e6ff140010002000e4fff4ff0800eafffefffeffeeff200036001600,ceff48000600dafffcff40000400140080c406f89067a2c428937e6792477e93
4505,4505,0,1a001a000000eeff00000000ecff0c00faff1c002c00feffe4ffc6ffeeff2e00,f6ff14000c00faffd4ffd4ffeaff5a002400040036002600fafffaff0c00fcff,2e003e00f6fff6ffdeff0000f4ff1400180028001c000c0000001000e6ff2600,000058001600dafffcff0e00e4ff2400269376673e48049476f7184800c5d6f7
4506,4506,0,ecff0a00000000004e00e2ffecffecffdaff1c002c000c0002001200deffdeff,f6fff6ff1c000c00e2ffe2ffdaffeaff04000400e8ff2600faff0c00ccffecff,1e009cff1400140000001000a4ff1400ccff0800feff1c0020001000f6fff6ff,1000eefff8fff8ff1e00dcffe4fff4ffe0f66c4890c57ef76e6770c67e936267
4507,4507,0,fcffdcff00002000e2fff2ffecfffcffcafffaff1c00deff12000200fefffeff,f6ffe6ffeaffeaffe2ff2e005a000a0004001400260026001c001c001c00ccff,fcffdcfff6ff14001000000004001400daff28000c00eeff30000000e6ff0600,3000deff06001600fcff0e002400d4ff266714c63494006788483893cef68248
4508,4508,0,fcffecff0000eeff00001000ecfffcff0c00daffeefffeff220012000e00deff,e6ffd6fffaff0c003e00e2fffafffafff2ffe2ff36001600faff2c00ecfffcff,0e00fcfff6fff6ff0000eeff24002400faff18001c00feff000020003600f6ff,0000eefff8fff8fffcff1e006400f4ffbc48e69210f72e4860c656f6526770c5
4509,4509,0,fcfffcff2000ceffd2fff2ffecff0c00faff0c00feffeeffd4fff4ffeeff2e00,04001400fafffaffe2ffc4ff1a001a000400f2ff1600d8fffafffaffdcff2c00,2e000e000400f6ffeeff1000e4ff240036001800feffeeffeeffeeff06002600,ceff68002400dafffcff4000f4fff4ffbcc680f69266f0c5d8924e674c498e93
4510,4510,0,ecffecff100020001000e2ffdcffdcff1c000c00eeff0c00d4ff02003e00deff,1400f6ffeaffeaff2e00f2ff0a000a00f2ff0400360026000c000c00fcff0c00,9cff0e000400140030000000f4ff0400eaffeaff0c001c002000eeffd6ffd6ff,eeff1000f8fff8ff3000fcffb4ff0400b692c666de48249416f65a4940c61ef6
4511,4511,0,1a000a00000010000000d2fffcfffcfffafffaffeeff2c00f4fff4ff0e00ceff,f6fff6fffafffafff2ffe2fffaff0a001400f2fff8ff36000c001c00ecffecff,fcff2e00f6fff6ff00000000340014006400faff0c00d0ff1000000016000600,10000000f8ff16001e00ecffe4ff340074f57c499ec602f6ce66a0c6d2921267
4512,4512,0,0a00fcff100000000000f2ff0c00ecffdafffaff2c00e2fe020012000e000e00,04001400eaff0c00e2ff0000eafffafff2ff1400260006000c00faffdcfffcff,0e00dcff0400f6ffdeff000004000400fafffaffeefffeff30003000f6fff6ff,3000deffbaff5400ecffecff1400f4ff96661cc7c4935266aa49b8924ef5cc49
4513,4513,0,0a001a0020000000c2fff2fffcff0c000c000c00ceff0c00e4ff02002e00feff,140004000c00eaffd4fff2ff0a000a0014000400060036000c000c00dcff0c00,0e001e002200f6ffdeff0000f4ff2400faff36000c00feffeeff1000e6fff6ff,200000000600e8fffcff0e004400e4ff664ad69232f5144a60c706f6c26648c7
4514,4514,0,fcfffcffeeff2000e2ffe2ff0c00dcfffaffcaff2c002c00e4ffc6ff0e00feff,e6fff6ff1c000c00f2ffe2ffdafffafff2fff2ff160064000c00faffccffecff,dcff2e00040022000000eeff0400a4ff080008001c000c00eeff2000f6fff6ff,ceff10005400f8ffecff4000f4fff4ff9cc7d4f432667ec788929e665a4a9292
4515,4515,0,ecffecff1000eeff00000000ecffecfffaffeaffeeff2c00f4ff0200eeff0e00,f6fff6fffaff0c004c00f2ffeafffafff2ffe2ff060006003c002c00ccfffcff,0e001e001400e6ffeeff00000400f4ff360028000c00e0ff2000eeff16000600,eeff3000f8fff8fffcff0e00d4ff240056923666444a849386f43e4aa8c746f4
4516,4516,0,fcfffcffdeff0000e2ffe2fffcff1c001c00faffeeffe2fe120002000e00eeff,1400f6ffdafffaff2e00e2ff0a00eaff360014005400f8ff0c001c00dcffdcff,fcfffcff040014001000000024000400fafffafffefffeff200010001600f6ff,eeffeeffbaff16003000ecff1400140048f3364b8ec7c2f44e66e4c8b2922c66
4517,4517,0,2a002a0030000000f2ff00000c001c00fafffaff2c002c00e4ff02001e000e00,140004001c00daffc4ffe2ff1a000a0004001400060026000c000c00ccffdcff,2e000e00f6ff1400eeff2000f4ff14001800eaff0c001c000000000016002600,6800eeffdaff1600ecfffcfff4ff24003666c2c88493a465ce4a8892a6f37e4b
4518,4518,0,fcfffcff100020002000f2fffcff0c00eafffaff3c002c00f4ffc6ff2e000e00,e6ff04002c00faff4c00f2ff0a000a0004003600360036001c002c00dcfffcff,dcffecff0400140010001000f4ff0400daff0800feff2a002000eefff6ffe6ff,eeffdeff16001600ecff0e00f4ffe4ffe84b669282f4144b14c904f3c065b2c8
4519,4519,0,fcfffcff2000eeff0000f2ffdcfffcff0c00faff0c00eeff120002002e00eeff,1400f6ff0c001c00d4ff2000faffeaff140004001600e8fffafffaffecff0c00,0e000e00f6ff040000001000f4ff1400faff0800eeffe0ff00002000e6fff6ff,deff10004600e8fffcff1e002400f4ff02c9d8f2c4659cc826922e66ce4b6292
4520,4520,0,bcffdcff0000deffe2ff0000fcffecfffaff0c00eeffeeff0200e4ff1e000e00,14001400eaffeaffe2ffd4ffeaffdaff1400040006001600faff0c00acffecff,0e001e000400f6ffdeff00001400f4fffaff1800eeff0c00300020002600f6ff,eeff10000600daff3000ecfff4ff0400dc917a65644b749394f2be4c7cc9f6f2
4521,4521,0,1a00fcff10000000e2ffe2fffcff0c001c001c00deffdeffe4ff4000feff2e00,e6ff24000c00eaffe2fff2ff0a000a0014001400f8ff26001c001c001c00fcff,fcff0e0004001400eeff1000140004002800daff1c00feff20002000d6ff2600,10001000e8ff06000e00ecfff4ff540068f2ac4c1cc954f3be6584c972925065
4522,4522,0,fcfffcff20002000f2fff2fffcffccfffafffaffeefffeff3000d4ffceff0e00,f6ff0400fafffaffe2ff3e00eafffaff04001400460026001c000c00ecff1c00,2e00fcff1400140020001000040014000800eaff0c001c000000deffd6ffe6ff,2000ceff460072001e00ecff2400e4fffa641cca26933465fe4c929134f20e4c
4523,4523,0,1a002a001000defff2ffe2fffcfffcff0c00faffeeffeeff02003000feff0e00,24000400eaffdaffe2fff2ff1a000a00f2ffd2fff8ff26000c000c00dcffecff,2e000e00f6fff6ff00001000f4ff24002800faffd0fffeff3000200036001600,0000ceff0600daffecff1e001400c4ff2c4dac91f8ef924c78ca04f230654cca
4524,4524,0,ecff0a00eeff10001000f2ff1c002c002c000c00feff2c00c6fff4ffeefffeff,0400e6ffdafffaffe2ff3e000a000a00e2ff0400f8ff16000c00eaffecff0c00,fcff0e0014001400deffeeff140004001800eaff1c000c00eeff0000f6ffe6ff,eeff00000600caffdcff30000400d4ffdccafef094643cca26928064164d1292
4525,4525,0,fcfffcff00002000f2ffe2ffecff0c00faff3c001c00deff0200f4ff0e001e00,04001400faffeaff2e00e2ff0a000a0014001400f8ff06002c00eaff1c00fcff,0e000e0014000400eeffeeff14002400faffeaff1c000c0010003000e6fff6ff,100010000600cafffcffecfff4ff0400cc91fa64324d069380f0de4c38cb64f1
4526,4526,0,ecffdcff100010001000f2ffecffdcff0c00fafffeff1c00f4ffc6ff0e000e00,0400d6ffeaffeafff2ffe2ffdafffaffd2ffd2ff2600c8fffaff1c00acffdcff,fcffdcff220014001000000014000400360008001c00eeffeeffdeff06001600,10000000daff06003000ecff0400f4ff5cf0cc4d4acbb8efb064eacb02925864
4527,4527,0,0a00fcff1000eefff2ffe2ffdcfffcfffaff1c00eeffeeff22000200eeff0e00,24001400fafffaff2e00f2ff1a000a00f2ff040046005400eaff2c00fcff1c00,0e00fcffc8fff6ffdeff0000240024004600fafffefffeff000010002600f6ff,4800ceffdaff5400ecffecff240024007a64decbf6929464de4dd2910af0fa4d
4528,4528,0,dcfffcff10001000f2ffe2fffcfffcfffaff0c00feff0c00020002002e00eeff,04000400eaffeafff2fff2ff1a000a0004000400060046002c00eafffcff2c00,dcff1e00040004000000000024001400faff28001c00feff00000000e6ff1600,1000eeff16000600ecff0e001400e4ff984e9c9162eef24cbacc4cef5864e8cb
4529,4529,0,0a001a000000eefff2ff00000c00ecffdaff0c000c002c00020002000e00feff,040004000c001c002e00e2fffaff0a00140014000600f8ff1c002c002c00ecff,fcff0e002200040020001000f4ff0400daffccff1c000c00eeff1000f6ffe6ff,eeff10004600f8fffcff1e00d4ff0400e2cc86ef4464a2cb729170643a4e1292
4530,4530,0,fcfffcff00001000f2ff0000ecff0c00faff0c000c000c0012000200eeff2e00,d6fff6fffafffaff3e00d4ffcaff0a000400f2ff360006002c001c00acffdcff,fcffdcff040014002000000004000400daff08002a00feff00000000f6fff6ff,ceff3000daffdaff1e000e00f4ff24006c913664e04de692bceeae4e68cc40ef
4531,4531,0,fcfffcff20001000100000002c001c000c000c001c00defff4ffd4ff0e000e00,0400f6fffaffeaffe2ff20000a000a000400f2ffe8ff16000c002c00ecff1c00,0e000e000400f6ff0000000004000400eaffeaffeeff0c0030003000f6ff3600,58001000daff06001e00fcff04002400f6eee84ef2cb24ed10649accd291d863
4532,4532,0,fcfffcffeeff1000000000001c001c000c001c00ceff2c001200d4ff3e002e00,f6ff1400faff0c002000c4ff0a000a000400240046001600eaff2c000c000c00,2e001e00140004001000200014000400faff18000c000c0000000000f6fff6ff,6800eeffdaff16000e00ecff24000400146362cd709266631e4f429178eed04e
4533,4533,0,fcfffcffeeff0000c2ff1000fcfffcfffaffdaff1c000c00e4fff4fffeff0e00,0400f6ff0c00eaff2e00f2fffafffafff2fff2ff36003600daff1c00dcffdcff,dcffdcff14002200eeff00000400e4ffeaff08000c000c00100000000600f6ff,eeffceff06001600fcfffcff0400c4ff684f6c91d4ec284fcacd0cef886390cd
4534,4534,0,ecffecffeeff00000000f2ff0c00fcfffaff0c00eeffeefff4ff02000e000e00,e6fff6ffeafffaff2e002e00eafffaffe2ffe2ffe8ff2600fafffaffdcfffcff,0e008cff0400140010001000f4fff4ffeaffdaffe0fffeffeeff0000f6ffe6ff,deff1000f8ffe8fffcff1e000400d4ff1ece36ee466312cda2916e63904fd291
4535,4535,0,fcfffcff0000defff2fff2ff0c00fcfffaffdaff1c000c00e4ff02000e000e00,04000400faffeaffe2fff2fffaff0a00f2ff0400260036000c002c00ecffdcff,dcff2e00f6ff04001000200004001400ccff2800fefffeff2000100006000600,00003000f8ffe8ff1e00fcff040004004c91b462084f40920cee4e4fd0cda8ed
4536,4536,0,0a00fcff000010000000d2ff0c00fcfffaffdaff0c00eefff4ffd4ff0e002e00,f6ff04000c00faffc4ff00001a001a000400d2ff060006002c001c000c00fcff,0e001e0004001400eeff000004002400360028000c00feff0000eefff6ff1600,00001000f8ff06003000ecffe4ff340040ed2e50c2cd14ecfe62dace82914863
4537,4537,0,fcfffcff00001000f2fff2ffecffecffdaff0c002c000c0002000200feff0e00,f6ff0400faff0c00f2ffe2ffeaffeaffe2ffe2ff1600f8ffcaff0c00dcff0c00,1e000e000400140010000000e4fff4ff0800fafffeff0c0040000000e6ffe6ff,2000eeffe8ff16000e00fcff2400f4ffb462aece1092e662ae4f0291d8ec2050
4538,4538,0,fcfffcff0000eeffe2ff2000fcff0c00caff0c00feffeefff4ffe4ff1e000e00,04000400eaffeaff2e0000000a000a00e2ffe2ff0600d8ff0c000c00fcfffcff,ecfffcfff6ff140010002000f4ff1400faff0800feff0c000000eeff3600f6ff,eeffeeff46000600ecff1e005400f4ff9e505c91a4eba64f5acf9cec8c62f8ce
4539,4539,0,fcff0a001000eeff2000f2ffecffccfffafffaffceff1c01f4fff4ff2e000e00,04000400eaffdaffe2ff2e00faff1a00f2ff1400d8ff36002c001c000c000c00,1e00ecff0400f6ff100020002400d4fffafffafffeff0c002000deff1600f6ff,deff10000600e8ffdcff30000400f4ff8ecf7eeb66628ece1291ee622a515291
4540,4540,0,fcfffcff00001000d2ff1000fcffecff0c00faff2c000c000200f4ff1e00eeff,e6ff1400fafffafff2ffe2ffeaff0a00f2ff04000600e8fffaff0c00ecffecff,2e000e0014000400deff100014000400080008001c000c001000eeff06001600,00005800e8fff8ff0e00fcffd4ff24001c914462f64f00923cec1251f8cfe0eb
4541,4541,0,1a001a00000020000000f2ff0c00ecfffaff1c00eeffeeffc6ff0200eefffeff,e6fff6ff0c00faff2e00f2fffaffeafff2ff240006003600fafffaffdcffecff,0e001e000400320010001000f4ff1400fafffaffeeff2a0020000000d6ffe6ff,10001000daff16003000dcffb4fff4ff1eeb2e51becfa6ea7e624acff8903c62
4542,4542,0,fcfffcffeeff00000000f2ffecffecff0c002c00feffdefff4ff02001e00eeff,f6fff6ffeaff0c00f2ffe2ff0a00faffd2ff0400f8fff8ff1c002c00ccffecff,fcfffcff14001400deffeeff040024000800faffeefffeff0000eefff6fff6ff,20000000e8ff4600fcfffcff24002400246224d0009226621251229110eb5a51
4543,4543,0,1a00ecffeeff0000e2ff1000fcfffcfffaff0c000c000c0012003000fefffeff,e6ff04000c00faff2e00f2fffaff0a00f2ff14005400f8ff1c00faff0c000c00,0e00fcff140004001000000004000400460008000c001c00eeff300026000600,0000eeff16001600ecff3000340004008e51fc901ee90253fed0bcebec61f8cf
4544,4544,0,2a002a000000defff2fff2ff0c000c00faffeaffdeff0c000200e4ff0e000e00,1400f6fffafffaff0000d4fffafffaffe2ff24002600f8fffafffaffdcfffcff,fcff1e00140004000000eeff240014001800eaff2a001c00eeff2000f6ff0600,deff10000600baffdcff400014000400c4d08eea46621ed0c2907a61ba512291
4545,4545,0,1a002a00000010000000f2ffecfffcfffafffaff0c000c00f4ff12001e00deff,04000400eaff0c003e0000001a00fafff2fff2fff8ff3600faff2c00fcfffcff,0e000e00f6ff140030000000f4fff4ffeafffafffeff0c003000000026000600,deff3000f8fff8ff30000e00a4ffd4ffcc908861e25200925ceb4251fcd0d4e9
4546,4546,0,fcfffcffeeff00000000f2fffcffecff0c001c00feffdeff0200f4ff1e000e00,f6fff6fffaffeaff200020005a000a0004000400f8ff26001c001c00fcffbcff,0e002e00140004001000100004000400eaffeaff2a001c000000eeff16000600,68001000daffdaff3000ecffb4fff4ff42e9be51aed020e85a61aed152917c61
4547,4547,0,ecffdcff00001000e2fff2fffcfffcffdaff0c001c001c00f4fff4fffeff2e00,04000400eaff1c00e2fff2fffafffaff04001400e8ff3600faff0c00ecff0c00,fcffdcffe6ff04000000000004001400faff18000c001c001000eefff6ff0600,5800eeffdaff64000e00dcff04000400386194d1f09160616652a29054e99a52
4548,4548,0,2a00fcff1000eeff2000e2ffecffecffdaff0c00eeffeefff4fff4ff0e001e00,14000400eafffaffe2ff2000eafffaff14001400160016002c001c00dcffdcff,0e000e001400e6ff1000000014001400ccff3600eefffeffeeff2000f6ff2600,1000eeff1600f8ffcaff1e002400f4ff9852dc9020e8225492d22ce83c61ccd1
4549,4549,0,dcff0a0010000000f2ffe2ffecffecff0c000c000c000c0012000200fefffeff,240014000c00faff3e00f2fffaff0a00e2ff1400f8ff36002c00faffdcffbcff,fcfffcfff6ff0400deff000004001400eafffaff1c000c00eeff300006000600,ceff20004600f8ff0e001e00040004009ed292e80061aad1a2902a611653d890
4550,4550,0,dcff1a00eeff000020000000dcffdcff0c00faff0c00eeffd4ff0200eeff1e00,0400f6fffaff0c00d4ff20000a000a0014000400d8fff8ff2c00faff2c00dcff,0e000e00f6fff6ff0000200024001400180028000c00e0ff0000000026003600,eeff3000f8ffdafffcfffcff14000400ac908860b254c09198e7ec531ed33ae8
4551,4551,0,fcffecffeeff0000f2ffe2ff0c00fcff0c000c001c000c0002000200eeff0e00,1400f6fffaff0c003e00f2ff1a000a00e2ff040036003600fafffaff1c00ecff,0e000e00220014001000eefff4ff0400daff08001c000c001000000006000600,10001000f8ff16003000caffb4ff2400c2e75a539ad110e78a60a2d2b8904260
4552,4552,0,2a00ecff000020000000f2ffdcff1c00daff0c00feffeeff0200e4fffefffeff,140004000c00faffe2ffe2fffaffeaff04000400e8ffc8ff0c002c000c00fcff,fcfffcff2200f6ff10000000140024002800faffeeff1c001000100016003600,6800eeffdaff4600fcfffcff24001400686060d380918260fc53a290cae7d653
4553,4553,0,fcff0a0010001000000000000c00ecff0c00daff0c00e0fff4ff1200feffeeff,e6ffe6ffeaffdaff3e00d4fffaff0a00040014000600d8ff1c000c00ecff2c00,dcff0e00040014000000000024001400daffdafffeff1c00eeff2000f6ff1600,eeffceff46000600ecff0e004400c4ff9a538c90d0e6f25404d448e7da5faed3
4554,4554,0,fcff1a000000deffd2ffe2fffcfffcfffaffeaff0c00feff0200e4fffeff0e00,f6ffd6ffeaffeaff20002e000a001a00e2fff2ff0600e8ff1c002c001c001c00,1e00ccff0400f6ffeeff1000140004000800fafffeffeeff2000200006000600,0000eeff1600cafffcff300004000400f0d3dce6fc5f10d3a290765f2654b890
4555,4555,0,ecfffcff100000002000f2ffecfffcff1c00eafff2feeefff4ff02001e000e00,f6ff1400fafffaff2e00d4ff1a000a00f2ff0400460026000c000c00dcff2c00,dcff0e00040014000000000014000400eafffafffeffeeff20000000e6ff0600,deff20001600f8ff1e00fcffa4ff04006c90e85f7055f09178e64c548ed498e6
4556,4556,0,0a001a0000000000f2ffe2ff0c00fcff0c00faffd0ffeefff4ffe4ff0e00feff,1400d6ffeaff0c00d4ff20001a00fafff2fff2ff16001600faffeaffecfffcff,0e001e00f6fff6ff1000300024000400fafffafffeff1c003000200016000600,00000000f8ff06001e00fcfff4ff34001ce6a654c0d574e5665fd4d4a8906a5f
4557,4557,0,fcff0a0000002000f2fff2ff0c00fcff0c00faffe0ff1c00d4ffc6ffeeff0e00,f6ff14001c00eaff000000000a002a00f2fff2ff2600f8ffeaffcaffecfffcff,ecffdcfff6fff6ffeeffeefff4ff2400daffeaffeeff0c00eeffeeff06001600,3000defff8ff16001e00ecff0400f4ff325f3cd5c091bc5f4c559290c8e5ee54
4558,4558,0,fcfffcffeeff0000e2fff2fffcffecfffafffaff1c00eeff02000200feff2e00,0400e6ffdafffaffe2ff0000fafffaff1400f2ff16002600faff1c00fcff1c00,0e000e00f6ff040010000000240004002800ccff0c00feffeeff100036000600,2000deff0600e8fffcff40004400a4ff46558c9004e56e5674d5cae45a5f56d5
4559,4559,0,1a00fcffeeff100020000000fcfffcff1c00faff0c00fefff4ffd4fffeffeeff,240004001c001c002e00f2ff0a00fafff2fff2ff26005400fafffaff1c00fcff,fcfffcff0400f6ff0000300004002400dafffaff1c001c00100000000600f6ff,deff20006400f8ff0e001e00c4ff040028d630e5145fced66290965f5e558890
4560,4560,0,fcff0a00eeff0000f2ffe2fffcffecff0c00fafffeff0c0012000200eeff3e00,f6fff6ff0c000c001000f2fffaff0a00140004005400f8fffafffaff1c00ccff,0e00fcff04000400eeff200014000400faffdaffd0ffe0ff4000000006000600,eeff5800daffdaff0e000e00240024005c90d25e8e56b0919ae47c5616d628e5
4561,4561,0,fcfffcff0000eefff2ff0000ecfffcff1c00fafffeffeefff4ff02000e001e00,f6fff6ffdafffaff3e00f2ff1a001a00f2ff240026004600faff0c00ecffecff,fcff1e001400140010000000f4ff1400faff36000c00feff20000000d6fff6ff,10001000caff06001e00ecffd4ff6400dae38655ced624e4b65e94d59890625e
4562,4562,0,fcff0a00000000000000f2ff0c00fcff0c000c00feff0c00c6ff0200feff1e00,f6ff0400fafffafff2ff10000a00fafff2ff14003600e8ff0c00faffccffdcff,0e00fcff1400f6ff0000100024000400eaff2800feff0c00eeffeefff6ff0600,6800deffcaff16000e00fcffe4fff4ff825ea8d64091945e2c56629060e49e55
4563,4563,0,dcfffcffeeff0000f2ff0000ecffecffcafffaff0c00feff120002003e002e00,0400f6fffaffeaff2000f2ff5a00faff1400040026001600fafffaff0c00dcff,0e000e002200f6ffdeff0000f4ff0400080028001c000c0010000000f6fff6ff,2000eeff06000600ecff0e001400f4ff82564c9064e3fe56d4d60ae4625eb6d6
4564,4564,0,fcfffcff000000001000f2fffcff0c00faff2c000c000c002200f4fffeff2e00,0400f6fffaffeaffe2ffe2fffafffafff2fff2fff8ff0600eafffaff2c00ecff,0e009cff1400140000000000240024000800fafffefffeffdeffeefff6fff6ff,deff10000600daffecff30001400e4ffded71ae3545ebcd73290865e7e568890
4565,4565,0,fcfffcffdeffeefff2ff1000ecffdcfffaff0c001c000c00f4ff40002e00deff,f6ff14000c00faff0000d4ffeafffaff04000400f8ff26000c000c00ecfffcff,fcff0e00e6ff04002000eeff1400f4ff080008001c000c0010001000f6ff1600,deff6800e8ffdafffcffecffd4ff14005c90425e6e579091e8e2bc568ed790e3
4566,4566,0,ecff0a00eeff0000f2ff00000c00fcff0c00faff0c002a00300022000e00feff,f6fff6ff1c00eaff0000e2ff0a00faff04001400460006000c000c00ecff0c00,dcfffcff1400f6ff0000000004001400faff0800feff0c00deff00001600f6ff,30002000f8fff8ff4000ecffd4ff14007ae2f2562cd8a6e2c65d68d86890f25d
4567,4567,0,0a00ecff000010000000e2ffecffecfffaffeaffeeffeeffe4ff2200feff0e00,040014000c000c002e00d4fffafffafff2ff14002600f8fffafffaffccffecff,0e00dcff1400f6ff100010000400f4fffaffeafffeffeeff00000000d6ff2600,3000deffdaff4600fcfffcff2400e4ff865d3ed81a91c85dac57de8f04e22657
4568,4568,0,0a000a000000eeff000000000c000c002c000c00fefffeffd4ff0200eeffeeff,04001400faff0c00f2ff20000a00faff14001400060006001c000c00acfffcff,0e00ecfff6ff14002000000014000400faff2800eeffeeff00000000f6fff6ff,3000eefff8ffe8ffdcff30004400f4ff72575c9066e2b458a8d844e1925dc0d8
4569,4569,0,0a00fcff0000deff10000000fcffecff0c00faffeeff0c000200d4ffdeffeeff,f6fff6ffeaff0c000000f2ff0a000a00f2ff0400e8ff06000c002c00ecff0c00,ecfffcff0400040020000000f4ff140028002800feffeeffdeff20001600f6ff,eeff1000f8fff8ffecff4000e4ff14007ed80ae2385d4cd96290c65d86577890
4570,4570,0,1a002a00eeffeeff10000000fcfffcfffaff0c000c001c00f4ffe4ff0e00eeff,f6ff0400faffdaff3e00d4fffaff1a001400240026000600faff1c001c00ecff,0e00ecfff6ff1400eeff1000f4fff4fffaff2800eefffeff0000200006000600,100030000600e8ff0e00ecffd4fff4ff6c90165d7458509114e1305830d9f4e1
4571,4571,0,0a00fcffceffdeff0000f2fffcfffcfffaff1c00eeffe0ff0200f4ffeefffeff,e6ffe6ffeaffeaff2e0020000a00caff0400f2ff0600f8ff0c00eaffdcfffcff,2e000e00f6fff6ff10000000140014003600faff0c00feff20000000f6ffe6ff,10001000cafff8ff4000ecff140024000ee1285888dab2e0365d68d93890b25c
4572,4572,0,fcff1a0000000000e2fff2ff0c000c00baff1c002a00eefff4ffb6ff2e002e00,14001400eafffaffe2ffe2ff0a002a0004002400f8ffb8fffafffaffecff2c00,fcff0e00f6ff04000000eeff1400040028001800eefffeff2000eeff06000600,20000000daff1600fcfffcff0400f4ff065d5ed98091b85c50585290e4e0f657
4573,4573,0,0a00ecff10000000f2fff2ffecffccfffafffaff1c002a000200e4ff0e001e00,e6ff1400fafffaffe2ff0000fafffafff2fff2ffc8ffe8ff2c001c00ecffecff,fcfffcff04000400eeff1000040014000800ccff0c00e0ff0000200026000600,1000cefff8ffe8ffecff0e005400040078583c9082e0e458a8d964e0c25cb0d9
4574,4574,0,0a00fcff1000eeff1000e2ffecff0c00faffdaffeeff0c00e4ffb6ffeeff0e00,040014000c00faffe2fff2fffafffafff2ffe2ffe8fff8ffeaffeaffecff2c00,0e009cfff6ffe6ffdeffceff14001400360008000c00eeff0000deff16000600,deff10005400e8fffcff1e000400e4ff18da6ee0b85c18db3290165cb8584890
4575,4575,0,0a00fcffeeffeeff10001000ecff0c00dafffaffdeffeefff4ffe4ff0e00ceff,0400f6ffcaffeaffe2fff2ffeaff0a00d2fff2fff8ff26000c00faffccfffcff,0e008cff14001400eeffeeff1400140008002800feff0c0000003000f6fff6ff,00003000f8ffe8ff1e00fcffd4ff14005c90325c74590a9124e0805860da32e0
4576,4576,0,0a00fcff0000eeffe2ffe2ff0c00fcff0c002c001c00e2fef4ffd4ff0e002e00,14000400faffeafff2fff2ff1a002a00040004004600d8fffaffeafffcff0c00,0e00fcfff6fff6ffeeffeeff14002400080046001c00feffceffeeff16001600,100000000600e8ff1e00dcffe4ff440068dfd858d8dbc2df465c4cdb78903a5c
4577,4577,0,0a00dcffeeff10000000f2ffdcffdcfffafffaff0c001c0002000200fefffeff,24001400faffeaff0000f2fffaffeaff2400e2ff06000600fafffaffdcff1c00,2e00fcff14001400000010000400b4fffaffeaff0c00eeff2000deff1600f6ff,20000000daff46001e00fcff1400f4ffb25b0adb5091a85b5059229062df0859
4578,4578,0,fcffecffdeffdeff0000e2ff0c00dcff1c001c00e2feeeffe4fff4ffdefffeff,c8ff04000c001c000000e2fffaff1a00e2fff2ff5400d8ff2c00faffecfffcff,fcff0e00f6ff0400deff0000f4ff0400faffdaff1c000c0020001000f6ff0600,0000eeff1600f8fffcff1e002400c4ff38594c90b4deea597edb60deba5b00db
4579,4579,0,dcffecffdeffeeff0000f2ff0c00dcfffaffdaff1c000c00020040002e001e00,e6fff6ffcaffeaffe2ff3e00eaff0a0014000400f8ff26001c002c00acffecff,0e00dcfff6ff0400deff00001400f4ff0800eafffefffeff200010001600f6ff,eeffeeff1600cafffcff50001400f4fffcdc58de585bb8dc2290f65ba8593890
4580,4580,0,fcff0a00000000001000f2ffecfffcffcaff1c001c001c00d4ff30002e003e00,040014000c00faffe2ff00001a000a00f2ff3600e8ff16000c002c00ecff0c00,fcff2e0014001400ceffeefff4ff1400faff28000c00feff0000deffe6ff2600,deff8800e8ff06000e000e00040004003c90825bba5a7091f0dd645a72dc3ade
4581,4581,0,1a00ecff00001000e2ffd2ff0c00fcfffaff1c002c01fefff4ff0200feffeeff,1400e6ff1c00fafff2ff00000a000a00f2ff040026002600eaff1c00dcfffcff,0e002e00f6ff0400deffeeff140004000800fafffefffeff0000eeff1600f6ff,30001000f8ff16003000fcffe4ff14008cdd785996ddd6dd045b50dc88902a5b
4582,4582,0,ecfffcff100000002000f2ffecfffcff1c000c002c000c000200e4ff0e002e00,140004000c000c00e2fff2ffeaff0a00e2fff2ff0600e8ff0c000c00ccff0c00,fcfffcff140014000000eefff4ff1400eaffdafffeff0c00deffeeff06001600,3000eeffcaff64000e00dcff24001400845a2cdd1a91485b745ace8fbadd5e5a
4583,4583,0,0a00fcff0000eefff2ff10000c00fcff1c00caff0c001c01020012001e000e00,e6ff0400eaff0c00f2ff2e000a000a000400e2ff9aff2600eaff0c00dcffdcff,fcffdcffe6ff140000002000040014006400faffeefffeff0000300046000600,1000defff8ff0600ecff1e003400f4ff745a3c9016dd285b10dde0ddea5a8add
4584,4584,0,ecfffcffeeff10001000f2ffdcfffcff1c000c00ceff0c00e4fff4ffeefffeff,e6ff04000c00faff20000000faff1a00e2ff3600e8ff06002c000c00ecffecff,fcff1e001400e6ffeeff0000f4ff1400faff46001c00feff20001000f6ff0600,ceff30005400f8ffdcff0e000400e4ff9cdddcdc9a5ac4dece8fc059185a2890
4585,4585,0,0a00fcff100020001000f2fffcffecff1c00faff0c00eefff4ffe4ff0e000e00,f6ffe6ffeafffafff2ffe2fffafffaff14001400e8fff8ff0c000c00ccffccff,ecffdcfff6ff14001000eeffd4ff04002800faff0c00feff0000eefff6fff6ff,eeff3000f8fff8ff0e00fcfff4fff4ff4c90425aa85b809110dc645a7adedadc
4586,4586,0,ecff0a0010001000f2ffe2ffdcfffcff1c000c001c00deff30002200defffeff,f6ffe6fffaff0c0000000000eaff0a001400d2ff360026000c000c00ecffdcff,fcffecff04002200eeffeeffe4ffd4fffaff1800feff0c0010000000f6ffe6ff,10000000e8ff06003000fcff040014008cdcd45ab4ded6dcd05990de3890e859
4587,4587,0,2a00fcff00000000100000000c000c000c00eaffeeff2c00d4ffe4ff0e001e00,14001400faffdaff20003e000a000a00f2ffe2ff260016000c000c00fcff0c00,0e00fcff04001400eeff0000f4ff0400360008001c00eeffeeff000016000600,6800deffcaff24001e00fcff240044009859d8de80913a5a545b6290e2db3a5b
4588,4588,0,1a000a0010002000c2ffe2fffcfffcfffaff0c002c002c00d4ffb6fffeff2e00,14000400eaffeafff2ffb6ff0a00eaffe2ff0400d8ff3600fafffaffdcffccff,0e000e0004000400deffeeff14000400280028000c000c0000001000f6ff1600,eeffeeff16000600ecffecff2400d4ff045b8c90e8dbb85bd0deecda7859bade
4589,4589,0,1a00fcff0000eeffe2fff2ffdcffecffeafffafffeff1c00b6ffc6ffeeffeeff,0400f6fffaff0c00e2fff2ff0a00faffe2ff1400f8ff16002c003c00ecffdcff,fcfffcff14000400eeffeeff2400e4fffaff2800fefffeffeeff20001600f6ff,deff58004600e8ffcaff1e00e4ffb4ff48df0adbb459a4dfbe8f90599a5b5890
4590,4590,0,ecff0a0000001000f2ff0000ecff0c00faff1c001c000c00d4fff4ffeeff1e00,e6fff6ff0c001c003e00f2ff0a00fafff2fff2ff060074000c00fafffcff1c00,0e00fcfff6fff6ff20000000040004000800daffeeff0c00200000002600f6ff,000030000600e8ff1e00fcffc4ff04003c90e858585c5091c8d9845b92dfa2db
4591,4591,0,0a00ecff00000000e2fff2ffecffdcfffaffdafffeff0c00d4ff30002e00feff,0400c8fffaffdaff2e00f2ff0a000a00040004002600d8ff1c000c00ecff0c00,0e000e0014000400deff00002400240028002800feff1c001000eeff06001600,eeffeeffdaff24000e00ecffe4ff44006ada765c82e0c8dad05880df4890b858
4592,4592,0,1a00fcff00000000e2ffe2fffcff0c000c00dafffeff1c00e4ff0200feff0e00,04000400eaff0c003e00f2ff0a000a001400f2ffe8ff06002c00faffecffdcff,fcfffcfff6ff1400eeffdeff040014001800faff0c001c00deffdeff06000600,6800deffdaff16003000ecff1400040088588ee01a918459265c229060daa25c
4593,4593,0,fcff0a0000000000e2ff0000fcfffcfffaff1c001c001c00f4ffd4fffeff2e00,f6ff14000c000c003e00f2fffaff0a0004000400540006002c00faffdcffbcff,dcffecff04000400200010000400f4ff460046001c00feff30000000e6ff1600,0000deff16001600fcff30003400e4ff965c5c9002dab85cc4e07cda685812e0
4594,4594,0,1a000a000000100010000000ecfffcffdaffeaff1c00ceffd4ffb6ff2e00feff,f6ffd6ffeaff0c004c00e2ff0a000a00d2ff0400f8ff06002c002c00fcfffcff,fcff0e00040014000000200014001400280008000c00feff0000200006000600,deff10001600e8ffecff400034000400fee04ed9845822e13290a0585a5c3890
4595,4595,0,1a000a0010000000f2ff0000fcfffcfffafffafffefffeffe4fff4fffeff0e00,14002400eafffaffe2ffe2ff0a001a001400f2ff060016002c000c000c00ecff,0e000e00f6fff6ff100020001400140018002800feffeeffeeff2000f6fff6ff,00003000e8ffcaff1e000e00040014004c903858785d409178d9565c54e180d9
4596,4596,0,dcffecff100010001000d2fffcfffcffeaff0c002c00eeffe4ffd4ff0e00feff,e6ffe6ff1c000c00e2ff0000faff0a0036001400e8ff06001c002c00fcffecff,0e00fcff0400f6ff1000eeff0400040008002800feff1c002000000016000600,00002000f8ff06003000ecffd4ff2400eed8e65cc2e1c4d99c5784e16890e657
4597,4597,0,2a00fcff10000000d2ff2000fcfffcffdaffcaff2c002c000200f4fffeff0e00,d6fff6fffaff2c001000f2fffaffeaff14000400360026002c00faffdcffdcff,0e00dcfff6ff140010002000f4ff1400faff1800e0ff0c002000000006000600,3000deffdaff46001e00fcff14000400d8579ee160918458465dce8fc0d8f25c
4598,4598,0,0a000a0000000000f2ff0000fcffecff0c00faff1c00fefff4ffe4fffefffeff,1400f6ffeaffdaff00003e00fafffaff14000400460046001c001c00ecffdcff,2e000e00f6ffe6ff000020000400f4ff28000800feff0c003000100036004600,1000eeff16000600fcffecff2400d4ff365d6c909ed8585d28e2c4d7965754e2
4599,4599,0,1a001a0000000000e2fff2ffdcff0c00fafffaff2a002c00e4fff4ff2e000e00,04001400fafffafff2ff00000a00eaffd2ff04001600e8ff0c000c001c000c00,ecff0e00f6ff0400eeff00001400f4fffaff28000c00feffeeff3000f6ff0600,deff48006400caffdcff3000e4ff14005ae23ed8c05782e24290bc57725d7890
4600,4600,0,0a001a0010000000e2fff2ffccffecff0c000c000c0048001200e4fffeff0e00,f6ff24000c00eaff20002e00fafffafff2ffe2ff160016000c001c00ecffecff,0e000e00140004001000deff04000400280008000c001c000000ceff0600f6ff,deff30000600e8ff0e000e00b4ff04004c903257645e509184d7165e30e3a8d7
4601,4601,0,ecfffcffeeff0000f2fff2ff0c00ecffdaff0c001a011c00e4ffe4ff1e00eeff,c8ff0400fafffaff200020000a00fafff2ff0400f8ff0600eaff0c00dcffdcff,dcfffcff04001400eeff00000400f4fffaffeaffeeff0c00200000000600e6ff,00000000f8ff16003000fcffd4ff040008d7425e04e4bcd7bc56c8e258901e56
4602,4602,0,1a00ecff1000eefff2fff2fffcfffcffcaffdaff2a00feffd4ffd4ffeeffeeff,04000400faffeaff0000f2fffaff0a00f2fff2ff060036000c00faffdcffdcff,0e00dcfff6fff6ff00000000340004002800faff0c00feffdeff000006001600,5800ceffdaff64000e000e000400040092565ae380915057e65e7290b0d6325e
4603,4603,0,0a00fcff00000000e2fff2fffcffccffeafffaff2a002a001200b6fffeff2e00,040004000c00daffe2ffe2ff0a00daff1400360006005400fafffaffecffdcff,fcfffcff0400f6ff00000000e4ff1400faff2800feff0c00eeffeeff0600f6ff,1000eefff8ff1600ecfffcff2400f4ff725e9c905cd7945ee2e424d7de5560e4
4604,4604,0,7400fcffceffeeff0000f2ffccfffcfffafffaff2a000c00d4fff4ff0e002e00,04000400eaff0c00e2fff2fffaff0a00f2ff040006002600faff0c00ecfffcff,1e00fcfff6ff040000001000d4ff1400eaff08001c00feff20000000f6ffe6ff,deff10006400f8ffecff1e002400e4ffdae3a8d6305784e462902c56925e5890
4605,4605,0,ecfffcffeeff00001000d2ffdcffecfffafffaff0c001c00e4fff4fffeff0e00,e6ff14000c00eaff2e00e2fffaff0a0014001400d8ff26001c001c00fcffecff,dcff0e00f6ff04000000eefff4ff04002800dafffefffeff10003000f6ffe6ff,deff30001600daff30001e00e4ff04007c90d655145f8091b4d6a65ed8e420d6
4606,4606,0,0a000a000000eeff10001000fcfffcfffafffaff0c002a00f4ffc6ff0e00eeff,14000400faffeaff3e00f2ff4a000a00c0ff040036004600eaff2c00ccff0c00,1e001e00f6ffe6ff0000eeff1400040036001800feff0c00eeff2000f6ff1600,10000000caff16003000fcfff4ff1400acd5f25e54e520d63c56f2e58890ee55
4607,4607,0,ecff0a0000001000f2ff3000ecff0c00eafffaff0c000c00f4ffe4ffeeffdeff,1400f6ffeaffdaffd4ff2000fafffaff0400140006003600fafffaff0c001c00,0e000e001400140000000000f4ff1400faffeaff2a001c001000eefff6fff6ff,2000deffdaff46000e00fcff44001400265510e560911e56165f629080d5925e
4608,4608,0,fcff1a0020001000f2fff2fffcfffcff1c000c002a002a00e4ffe4ff0e00eeff,e6ff04000c00fafff2ff3e00faff0a00f2ff0400460036003c001c000c00fcff,0e000e0022001400deff2000f4ff1400180008002a000c003000300006000600,0000eeff1600f8ffdcff0e002400d4ff425f7c90d0d5845f72e694d4fe54a8e5
4609,4609,0,ecfffcff0000eefff2ff0000fcffdcffdafffaffd0ffd0fff4ffd4ffdeff0e00,f6fff6ff0c000c0020003e000a00eaffe2fff2ff2600f8ff2c002c001c000c00,8cffdcfff6ff0400eeff200024000400faff2800eeff0c00000000001600f6ff,deff10005400dafffcff4000140014005ce63cd5405590e6a2906c553a5f8890
4610,4610,0,1a00fcffeeffdeff10000000ecff0c000c000c002a000c00e4ffd4ff0e00deff,14000400eaffdafff2ffe2fffaff5a00f2ff1400160026001c00cafffcfffcff,1e002e00f6ffe6ffeeff0000040024003600fafffeffe0ffeeff2000f6fff6ff,eeff58004600caff0e00fcffe4fff4ff9c901655845fa09174d41a60e0e6d0d4
4611,4611,0,0a00fcffeeffeefff2ffe2ffdcffecfffafffafffeff0c00f4ff0200eeffceff,040004000c00eaffe2ff3e000a000a000400f2ff26003600faff0c00ccff0c00,fcff0e00f6ff3200eeff000014000400faff28001c00feff2000ceff06001600,200000000600e8ff1e00ecffc4ff240080d3f85fc0e650d52854d2e6b890ae54
4612,4612,0,fcff0a0000000000f2ff0000ecffecffdaff1c001a012a00b6ffd4ffeefffeff,040004000c000c002000e2ff1a001a00f2ff0400060026003c004c00fcfffcff,1e00dcfff6ff040010000000f4ff1400fafffafffefffeff10000000e6ffe6ff,20000000caff16001e00dcffe4ff04003254bce6c091f2542a60d290c8d3aa5f
4613,4613,0,1a000a00eeffeeff10000000ecffecffdaffcaffeeffd0ffe4fff4ffbeffdeff,f6ff1400eafffaffe2ff2e000a001a00f2fff2ff060036002c001c00ecfffcff,0e00dcfff6fff6ff100000001400f4ff3600faff0c002a00200020001600f6ff,5800deff1600f8ffecff1e000400c4ff28608c9010d4826062e704d44654f0e6
4614,4614,0,1a000a000000eeffe2ffe2ffecff0c00baff0c002a001c00f4ff12002e001e00,040024000c00eaffe2ff2e000a00faff36001400060006002c002c000c000c00,0e001e00f6fff6ff1000000024000400280018000c000c000000200016000600,eeff00001600f8ffdcff1e002400d4ff02e810d3525470e7a290f6525c60c890
4615,4615,0,fcfffcff0000eefff2ffe2fffcfffcffcaffdafffefffeffc6ffe4ff2e002e00,04001400eaff1c00f2ff00000a005a0004000400d8ff16000c000c00ccffecff,ecff0e00f6ff140000000000f4ff2400faff36001c000c00eeff300006000600,ceff30000600daff0e00fcffc4ff0400bc901254d2609091c2d25a601ae848d3
4616,4616,0,fcffecff00000000e2ffe2fffcffecfffafffaffeeffeefff4ffc6fffeffdeff,04000400fafffaff1000e2ff1a001a00f2ff2400e8ffd8ff0c000c00fcffecff,0e00fcfff6ff140020000000f4fff4ffeaff08000c00feff20001000f6ff0600,30000000060006004000ecffe4ff04000ed2c86060e852d3d65236e9b8905653
4617,4617,0,ecffdcffceff10002000f2ffecfffcfffaffbaff0c00f2fee4ff02000e000e00,e6ffe6fffaff1c00f2ff2e00faff1a0014001400e8ff0600faff1c000c00fcff,2e00ecfff6ff04002000eeff2400040028003600e0ffeeffeeffeeff2600f6ff,2000deffcaff54001e000e004400f4ffd85252e8909172532a6192907cd20c61
4618,4618,0,ecfffcffeeff0000e2ffe2ff0c00fcfffaff0c00feff2a00c6ffe4fffefffeff,04000400eaffeafff2fff2ff1a00fafff2ff1400f8ffe8ff0c00faffecfffcff,0e001e000400e6ffdeffeeff1400f4ff2800daff2a00feff0000eeff0600f6ff,10000000f8ffdaffecff0e004400f4ffe860ec90c2d2506166e98ed1aa5224e9
4619,4619,0,0a00fcffeeffeeff0000f2fffcff0c00faffcaff2a002a00f4ff0200eefffeff,1400d6fffaff0c0000000000fafffaff36001400540036000c001c000c00ecff,ecff1e0004000400eeff00002400e4ff180036001c000c0000000000f6ffe6ff,deffeeff1600cafffcff1e00c4ffe4ff0eea94d122538ee8c29096521c61e890
4620,4620,0,ecfffcff0000100010000000fcfffcfffaff0c0002ff3a000200e4ffceffdeff,f6ff04000c001c0000000000eafffaffe2ff0400160016002c000c00ecffecff,fcff2e00040004003000cefff4fff4ffeafffafffefffeff20002000e6ff1600,beff10001600daff0e003000e4ff1400ec903852e661b0911ed1aa61b4e96cd1
4621,4621,0,fcffdcff0000ceffe2ff1000fcfffcfffaffdaff0c000c00c6ffc6ff0e002e00,f6ffe6fffafffafff2ff3e000a00fafff2fff2fff8ff46002c004c00fcffecff,fcff1e00e6ffe6ffdeff100024000400daff08000c00feff00002000f6ff0600,00000000dafff8ff4000ecfff4ff140004d128617ee9e6cf365286e908917a52
4622,4622,0,fcfffcff00001000e2fff2ff0c00dcfffafffaff0c001c00d4ffb6ffeefffeff,04001400faff0c00e2ff00000a001a00f2ff2400360016001c00faffecffccff,0e002e00040014002000ceff140014001800faffeeff0c000000deff06002600,3000deffe8ff0600ecffecffe4ff04009e514eea40920253aa61d290ecd0cc61
4623,4623,0,1a00fcffeeffcefff2ff2000fcffecfffaff0c000c001c00f4ffe4ffeeffeeff,2400e6ff0c00faffd4ff00000a004a0014001400e8ff2600eaff0c00ecfffcff,ecffdcff04000400100010001400140018002800feff0c00deffdeff1600f6ff,1000deff46001600fcff1e002400f4ffb8610c9186cf8662daea3ed1ba5174ea
4624,4624,0,dcfffcff100000001000e2ffecfffcffcaffcafffeff2a00c6ffe4ff0e000e00,0400f6ff1c000c000000f2fffafffaffe2ffd2ff060006002c00eafffcff1c00,fcff0e00140014000000000004001400eaff0800eeffeeff2000000016001600,deff20001600daffecff1e000400d4ffdeea14d042528eea0291d2502c62d890
4625,4625,0,ecfffcffdeff00002000f2fffcfffcff2c00daff4c001c00d4ff02002e00feff,1400e6fffafffaff000000000a00eaff2400e2ff3600f8fffaff0c001c00dcff,1e000e000400d8ffeeff30001400240028002800eefffeff0000000036000600,eeff2000f8ffdaff0e00fcffe4ff24002c911e514662f091bacf4e6290ebf2cf
4626,4626,0,fcfffcffeeff00000000e2fffcff0c00fafffaff0c002c00f4ff0200eeff0e00,f6fff6fffaffdaffd4fff2ff1a001a00140036000600f8ff0c00eaff1c00fcff,0e000e0004000400100010000400f4ffdaff28000c001c000000deffe6ff0600,10000000e8ff06000e00dcffa4ff34007ecf44624eebf2cdc250ececf8904a51
4627,4627,0,fcfffcffceff000020001000dcffecfffafffaff1c000c00020002000e00feff,1400f6ff1c001c00e2fff2ffeaffeaff040004001600e8fffaff0c00dcffdcff,fcff0e0004000400deff000014000400460008000c001c00eeff0000e6ff0600,3000ceffdaff54001e00ecff040004008e508eebf09124528e62e29028cf1c62
4628,4628,0,bcfffcff00001000d2ff0000dcffecffcaff0c000c001c00d4ffd4ffceffdeff,e6fff6ffeafffaff2e0020005a001a00f2ff0400460016002c000c00dcffecff,fcfffcfff6fff6ffeeff100004000400080018000c000c00200010001600d6ff,eeffdefff8ff1600fcff1e002400040094620c91e2cdd662ccecfacea0508eec
4629,4629,0,ecff1a0000001000e2fff2fffcfffcff0c00faff1c000c00b6fff4ffeefffeff,0400f6fffaff0c00f2ffe2ff0a00faff24000400160026000c000c00dcff0c00,ecffdcff0400f6ff0000deff1400f4ff080064000c00feff10002000f6ff1600,deffeeff6400cafffcff40002400c4ff6ceccece0e51c4ec3291de4f18637291
4630,4630,0,0a000a000000eeff20000000fcfffcff0c00faffeefffeffb6fff4ff0e00feff,14002400faff0c00f2ffd4fffaff1a00f2ff3600e8ff1600eaff0c00fcffecff,fcff2e00140032001000eefff4ff2400faff36001c001c00eeff0000f6fff6ff,ceff30001600baffecff0e00e4ff04002c912e50266370927ace1e6376ed50ce
4631,4631,0,1a001a0000002000f2ffd2ffdcfffcffeaff0c000c00eefff4fff4ffeeff2e00,040024000c000c002e000000fafffaffe2ff0400260006000c00faffdcffccff,1e008cff1400220010000000040014000800fafffeffeeff30000000e6ff0600,00001000caff16001e00dcffc4fff4ff4eced46234ed42cd7e4f3ced82912050
4632,4632,0,fcfffcff10001000e2fff2fffcffecffcaffcaff0c001c000200e4ff2e00eeff,d6fff6ffeaff0c00f2ffe2ff0a000a00f2ff0400d8ff46000c00fafffcffccff,1e00dcff0400140010002000e4ff0400fafffaff0c00eeffeeff000006000600,3000ceffe8ff1600fcffecff0400f4ffa84f60ed2092ee501e637291d0cd4863
4633,4633,0,0a00ecff1000eefff2ff3000fcffecffdaff0c00fefffeff0200e4ff2e002e00,14002400daffeaff200000000a001a003600f2ff36001600fafffafffcffbcff,0e00ecff04000400000000000400040008003600fefffeffdeff00000600e6ff,2000eeff16000600ecffecff4400040054633c9132cc5663acee8ace304f4aee
4634,4634,0,fcff0a000000eeff00000000dcffecfffaff1c000c00eefff4ff0200eeffeeff,140014000c00faffe2ff2000fafffaff140004002600c8fffafffaffccffdcff,8cfffcff14001400eeff1000d4ff04000800eaff0c00feffeeffeeff3600f6ff,eeff00001600f8ffbaff1e001400e4ff9cee82cd7e50d4ed4291be4ec8638291
4635,4635,0,fcfffcff000020002000f2fffcffecff0c00faff1c000c00e4ff0200deff0e00,14000400faffeaff0000d4fffaff0a00f2ff240026000600eaff1c00dcfffcff,1e00ecff140022000000eeff04001400dafffafffeff0c001000eeff0600f6ff,eeff10000600f8ff1e00fcffe4ff24006c91184fa66350920acd4e6350ef50cd
4636,4636,0,dcfffcffceff100020000000ecffdcff0c00faffeeffeefff4ff0200deffdeff,f6ffd6fffaffeaffe2ff0000faffeaff3600d2ff160036000c001c00dcff0c00,fcff0e00e6ff140000002000f4ff04002800dafffefffeff00000000f6fff6ff,00000000f8ff16004000ecffe4ff2400b2cc646362ee62cb8e4e10f0d291004f
4637,4637,0,1a00ecff10000000e2ff1000fcfffcfffaff0c000c000c000200e4ff0e003e00,04000400fafffaffe2ff00000a001a001400d2ffc8fff8ff0c00faffecff1c00,1e00fcff1400f6ff10000000240034000800daff0c00eeff0000deff16002600,58000000e8ff1600ecffecff0400e4ff684e6cefd692f24c1064429108cc2864
4638,4638,0,1a00fcff00001000f2ff0000dcffdcffdafffaff0c001c0002000200eefffeff,1400f6ffdafffaff00000000faffeaff04000400060016000c00fafffcff0c00,dcffdcff1400140020001000f4ffe4fffaff08000c007600eeff1000f6ff1600,0000ceff46002400fcfffcff2400e4ffaa649c91a4ca346440f0eacbb04dc0ef
4639,4639,0,1a000a00000000000000f2fffcffecfffafffafffeff2c00e4ff02000e003e00,0400f6ffeaff0c00f2ffe2ffeafffaff14001400540026000c00faffccff0c00,fcff1e001400040020002000f4ff1400faff08001c000c0000000000e6fff6ff,deff00001600daff0e0030000400c4ffa2f0aecbe24cc0efc291be4d58640292
4640,4640,0,fcffecff0000eeff10001000ecffecffdafffaffeeffeeff120002000e002e00,f6fff6ffcaffeaff2e00e2fffafffaff1400f2ff060046000c000c000c00ecff,dcff0e001400f6ff10001000040004001800faffeeffeeff0000deff1600f6ff,eeff3000f8ffdaff1e001e00f4ff0400bc919c4d9464d692facbd06450f0b8cb
4641,4641,0,0a00fcffeeffeefff2ff1000fcfffcff0c000c00eeffeeffe4ff12000e004e00,040014000c00eaffd4ffe2fffafffaff2400f2ff2600e8ff1c001c00dcfffcff,fcff1e002200f6ff1000000004001400280018001c000c0020000000f6ff1600,20003000f8ff06004000fcffe4ff4400bccaea6470f0acc9ee4cf0f00292604d
4642,4642,0,fcfffcffeeff00000000f2ff0c000c00caffdaffe2feeeff1200e4fffeff0e00,14001400fafffaff2000e2fffaff0a0004000400260054002c000c00ccffccff,dcfffcff14001400100000001400040028000800eeff2a000000000006001600,1000deffe8ff64000e00ecfff4ff04005c4d4ef12693144c106548927ccab064
4643,4643,0,0a00fcff00001000e2ffe2ff0c00fcffbaff0c001c00feff02003000eeffdeff,f6ff04000c00eafff2ff2000eafffaff04000400060026002c001c00ecffecff,bcff8cff14000400eeff00000400d4fffafffafffefffeff2000200016000600,1000deff0600f8ff0e001e00240004001a65bc91ecc8c46440f1bacba04cbaf1
4644,4644,0,ecfffcffeeff0000f2ff1000fcff0c00caffdaffeeff0c001200f4ff3e002e00,04001400dafffaffd4ff2e00faff0a000400e2ff360036000c000c00dcffecff,0e001e00d8ff04000000000014001400faff28001c00eeffeeff20000600f6ff,eeffeeff1600f8ff0e0040004400d4ff08f2e2c9944b4ef148926e4c20651292
4645,4645,0,0a00fcffeeffeefff2ff0000fcfffcfffaffdaff2c002c00e4ff02002e005e00,1400f6fffaffeaffd4ff2e00faff0a00e2ff040006002600fafffaffdcffecff,1e004e00f6ffe6ffdeff1000f4ff2400180046000c00eeffdeffdeff06000600,eeff10000600e8fffcfffcff04000400dc918c4c34652693b4c910657af22cca
4646,4646,0,0a00fcff200020001000f2fffcffecfffafffafffefffeffe4ff12000e00beff,14001400faff0c00f2fff2fffaffeafff2ff140036003600eafffaffecffccff,dcffdcff1400040000001000f4ff0400fafffafffeff0c000000eefff6ff1600,00001000f8ff46003000fcffc4ff240012c96a652ef1ecc85e4c74f32292584c
4647,4647,0,fcff2a000000eeff2000e2ff1c00fcfffaffdaff2c00feffe4fff4ffeeff2e00,240014000c00daffd4ff2000eaffeaff1400240026003600baff1c00dcffecff,2e00dcfff6fff6ff100000001400f4ff28000800eeffe0ff20001000f6fff6ff,5800deffdaff54000e00baff2400f4ff084cc8f25693444b60654892fcc8d065
4648,4648,0,fcff0a000000eeff1000e2ffecffecffdafffaff0c00eeffe4fff4fffeff0e00,e6fff6ffcaffeaff3e00f2ff1a00daff04000400060016001c00eaffecffecff,fcffecff0400e6ff000010000400f4fffafffaffe0ffeeffeeffeeff1600f6ff,1000ceff0600f8fffcff1e001400b4ffaa6546927cc8746514f394c8c84b26f3
4649,4649,0,fcffecff200000000000f2ffecfffcffeaff3c002c00defff4fff4ff1e00eeff,1400f6fffafffafff2ffd4ff0a00faff1400d2ff0600f8ffcaffeaffecffacff,fcff0e000400f6ff10000000140004000800faff0c00feffeeff100006001600,000010005400daffbaff30003400f4ff88f3d2c8c44a72f24892ce4be0656292
4650,4650,0,fcffdcffeeff100000000000fcff2c00faff1c00feffeeffe4ff12000e00feff,0400f6fffafffaff0000f2ffeaffeaffe2fff2ff3600e8ffeafffaffccffecff,9cffecfff6ff220010000000040004002800faff0c001c002000eefff6fff6ff,beff3000f8ff0600fcfffcffa4ffe4ff4692b84bb4658493a4c85e66f6f362c8
4651,4651,0,fcff0a0010001000f2ff1000fcff1c00daff0c000c00fefff4ffe4ffeeffeeff,14001400faffeaff000000001a00eafff2ff14000600f8ff0c00faff1c00ccff,0e002e0014001400eeff300004001400faffeafffeffeeff3000000016003600,20000000f8ff06001e000e00d4ff240052c83666a2f54ec75e4b06f4c292184b
4652,4652,0,fcfffcffeeffeefff2ff0000fcfffcffbaffdaffeeff0c00120022001e00eeff,04001400faffdaffe2ff0000eafffafff2fff2fff8ff46001c003c00dcffdcff,0e001e00e6ff140000002000240094ffeaffeafffeffe0ff40000000f6ff0600,3000eeffe8ff46000e000e0014002400784bf4f4e493d4496e667892d2c70066
4653,4653,0,ecffecff1000eefff2fff2ffecff0c00caff0c00fefffeff1200d4fffefffeff,0400f6ff0c00eaffe2ff00000a00faffe2fff2ffd8ff1600faff0c00dcffecff,fcff0e00f6ff0400ceffdeff140014003600faff0c000c0030000000e6fff6ff,0000eeff06000600fcff30002400040096668692dec63266e6f434c84c4aeef4
4654,4654,0,fcff0a001000000010001000ecff0c00caffcafffeffeefff4ff0200fefffeff,f6fff6ff0c00eafff2ff00000a00faffe2ffd2ff060036000c00faffecffdcff,dcffecff0400220010001000e4ffe4ffeaff28001c00eeff300010000600d6ff,eeff10001600f8ff0e001e000400d4ff14f52cc75e4990f6a8924a49c266c292
4655,4655,0,0a00ecffeeff200020000000fcfffcff0c00fafffeffeeff020022000e000e00,1400e6ff0c00fafff2ff3e001a00eaff0400e2ff160026000c000c00fcfffcff,1e00acffe6fff6ff0000deff1400f4ff4600faffe0ffe0ff0000100016000600,eeff30004600e8ff30000e00e4fff4ffd6929c49b266849388c54e668ef590c6
4656,4656,0,0a00fcff00002000f2ff0000ecfffcffdaff0c00e2fe0c00f4ffe4ff1e00eeff,f6ffe6fffaff0c000000f2fffaff0a002400f2ff5400d8ff2c00faff2c00ecff,8cffdcff0400f6ff0000eeff1400140036002800feff0c003000000026000600,00000000e8ffe8ff1e00dcffd4ff44008cc6d666f0f6d0c56a49b6f62e937c49
4657,4657,0,1a001a00eeff10001000f2ff0c00fcfffaffcaffdeffeeffd4ffe4ffeeff0e00,f6ff1400fafffaff0000f2fffafffafff2ff140054003600fafffaffecff0c00,1e000e00f6ff0400000000001400e4ff0800faff0c00eeff100020003600f6ff,30000000daff54000e00dcff040004002c49e0f6f49390483e671893d0c51267
4658,4658,0,1a00fcff2000defff2ff0000ecffdcfffaff0c00eeffdeffb6ffe4fffeff2e00,f6ff04000c000c004c00f2ffeaff0a00e2ff040026003600faff1c00ccffdcff,fcff0e002200f6ff00001000f4ff0400180018001c001c00000000001600f6ff,0000eeff16001600fcffecff1400d4ff2667069332c5d06636f7f8c41c498ef6
4659,4659,0,fcfffcff0000eeff0000e2fffcfffcff0c00dafffeff0c00f4fff4ffeeff1e00,f6ffe6fffafffaff0000e2fffaff0a00e2ff14000600f8ff2c001c00ecffecff,1e000e00f6fff6ffeeff100014000400faffeafffeff0c0000003000f6ff1600,deff0000f8ffcaffecff1e002400c4ff80f7b0c59e478ef758933a4992672e93
4660,4660,0,fcff1a00100000001000f2ffdcfffcfffaffcaff1c002c00f4ff02000e00deff,04001400fafffaffe2ff2000fafffaff0400f2ff06002600faff2c002c00dcff,0e000e00f6ff04001000eefff4fff4fffaff36000c00feff10000000e6ff1600,deff3000f8fff8ff1e000e00e4ffe4ff2693dc4830674494a8c47e6786f770c5
4661,4661,0,fcff1a0010002000e2ffe2ff0c000c00fafffaff1c000c00d4ff02000e00deff,d6ff0400faffeaffe2ff2000faff1a000400f2ff26004600faff2c00dcfffcff,0e00fcff0400e6ff10001000f4ff14000800faff1c00feff20002000e6ff1600,20001000f8ff46003000dcffd4ffe4fff0c456679ef892c4b44756f76e93e247
4662,4662,0,ecfffcff0000100010000000fcffdcff0c00eaff2c000c000200e4ffdeffdeff,24001400fafffafff2ffd4ff0a00eafff2fff2ff260016000c00fafffcffdcff,0e009cff0400f6ff10000000e4ffd4ffeaffeaff0c00feffeeff100006000600,3000eeffdaff46001e00ecff1400e4ff3c4878f804942e47ae677893e0c4f267
4663,4663,0,fcff1a0010001000e2fff2ff0c00ecff1c00cafffeffeeffe4fff4ffdefffeff,f6ff1400faffeaff3e00d4ff0a00faff1400e2ff060016000c00eaff1c00dcff,dcff1e0004000400100020001400040028003600fefffeff0000100006001600,0000ceffbaff1600fcff30001400c4ff1c682693f2c360678af808c49247c8f8
4664,4664,0,fcfffcff1000100010002000fcfffcff0c000c000c000c00e4fff4ff0e00eeff,04000400fafffaffe2ff2000faff0a00f2ffd2ff2600f8ff0c000c001c00ecff,9cfffcff2200f6ff0000deff1400f4ffccff08000c00feffeeff0000f6fff6ff,000000004600caffdcff30000400e4ffe8f84cc48e4686f95893b446e267be93
4665,4665,0,0a001a001000000000000000fcff0c00faff0c00eeffeefff4ffe4ffcefffeff,f6fff6fffaffeaff2000d4ffeafffaff0400f2ff160016002c002c00dcff3c00,fcff0e00f6ff040000001000240094fffaff28000c00feff000000001600e6ff,ceff10001600dafffcff0e00b4ff0400669336479067549446c3226828f918c4
4666,4666,0,fcfffcff00003000000010000c00ecffdafffaff2c00feffd4ffe4ff1e000e00,1400f6fffafffaffe2fff2ff0a001a00f2ff1400460016000c00faff3c00ccff,0e000e000400f6ff100000000400140008002800eeffe0ff1000000006000600,eeff0000f8fff8ff1e00fcfff4ff2400ccc34c68dafad2c2a4466efade932247
4667,4667,0,0a001a000000eefff2fff2ff1c00fcfffaff0c002c002c00f4ffc6ffdeff1e00,f6ffe6fffaffeaff2e000000daffeafff2ffe2ff06004600faff1c00ccffccff,dcffdcff040014002000eeff1400e4fffaff1800eeffeeff0000eeff1600f6ff,3000eefff8ff46003000fcff2400f4ffe64612fa9494c245c268889348c34268
4668,4668,0,0a000a0000000000e2ff1000fcfffcff0c000c000c001c0002000200eeff0e00,14002400faffeaff3e00f2ffeaff0a00040004001600e8fffaff1c00fcffdcff,1e009cff04000400eeff10000400f4ff2800dafffeffeeff2000defff6ff0600,1000deff46001600fcff0e003400e4ff7c68a693a2c220682efa76c2f045e8f9
4669,4669,0,fcff0a0010001000f2ff0000fcffecfffaffcaff4c000c000200c6ffeeff0e00,0400f6ffeaffeafff2ffd4ffeafffaff04002400160026000c001c00ecffdcff,fcfffcfff6ff040000001000a4ff0400faff0800feff0c00deff3000f6fff6ff,0000eeff5400daff0e005000d4ffe4ffd2fa50c242450afb3a948446a268fe93
4670,4670,0,ecff1a0020000000e2ffe2ffdcffecffcafffaffeeff2c004000f4ffeeff0e00,04000400eafffaff20000000faff0a0004000400460026000c002c00acffdcff,0e000e00140014000000eeff04000400faff1800feffeeff200030000600f6ff,ceff58000600bafffcff0e00f4ff04000694fa454068349552c1026918fb7cc2
4671,4671,0,ecff0a00eeffeefff2fff2ff0c000c00faffcaff0c001c0002001200feff3e00,14000400fafffaff2e00f2ffeafffafff2fff2ff460054000c000c00fcffecff,0e00ecfff6ff1400eeff0000040004000800fafffefffeffdeff2000d6ff1600,eeff1000f8ff06004000ecff1400140010c28c68eafbeec13445befa7e94b045
4672,4672,0,fcfffcff00001000e2fff2ffecfffcffeafffaff0c01eeff0200e4ff0e00feff,14001400eaffeaffd4ff10000a00eaff14002400f8ff36000c000c00dcff0c00,1e00fcff1400f6ff1000000024001400faff28000c00feff20000000f6ff0600,1000deffe8ff5400fcfffcfff4fff4fffa4482fb2495824412698a94acc1ec68
4673,4673,0,fcff0a002000ceffe2ffe2ff0c00ecfffaffcaff2c00eeff020012000e00feff,e6fff6ffeaffdafff2ff0000eaff0a00e2ffe2ff1600e8ff2c004c00dcfffcff,1e000e00e6ff1400300010000400f4ff08003600feff0c00000000001600f6ff,0000eeff060006000e001e004400e4ffec682694c0c0706870fc72c1b0449afb
4674,4674,0,fcff1a00000000001000d2fffcff0c00faffcaffeeffeeffd4ffe4ffeefffeff,14001400faffeafff2ffd4fffaff0a000400f2ff060016000c00eaff0c00ecff,1e001e00f6fff6ff0000eefff4ff14003600fafffefffeff00002000f6ff1600,eeff10006400dafffcff3000f4fff4ffc4fcb6c0624428fd5a9436444c696e94
4675,4675,0,fcff2a0000001000f2ff0000fcfffcffcaffeafffeff0c00020012001e00ceff,2400e6ffeaffeaff0000e2ff1a00faff04000400f8ff06000c002c00fcffecff,0e00bcff14000400200000001400f4ff2800fafffeffeeff00002000f6ff0600,eeff5800f8ffe8ffecff0e00b4ffd4ff2694ca44b068449502c11269a2fcfcc0
4676,4676,0,fcff0a00000010000000f2ffecffecfffaffdaffeeff1c0012000200ceff1e00,f6ff0400eafffaff0000e2ff1a001a00f2ff1400f8fff8ff0c00faffecff0c00,9cffdcff1400f6ff100000000400d4fff8ff06001c001c000000eefff6fff6ff,eeff0000daff16001e00ecff0400140066c05c69b8fd70c0164450fdae943844
4677,4677,0,1a00fcff0000eeff000000000c00fcfffafffaffeeff0c00f4fff4ffceffeeff,04000400faff0c00f2ff2e002a00faff0400f2ff16000600fafffaffecffecff,fcffbcff1400140000000000f4ffd4ff3400f8ffeeff1c002000200016000600,6800eeffe8ff46000e00fcffe4ff2400124374fd8495924352697a94acc07c69
4678,4678,0,0a00fcff2000eeffc2fff2ff2c000c00cafffaff2a002a00f4fff4fffeffeeff,d6fff6fffaffeaff0000f2ff0a001a0024001400360036000c000c00dcffccff,2e009cff1400f6ffeeff1000f4fff4ffbaffe8fffeffeeffeeff2000f6ff0600,1000000016001600ecffecff2400f4ff5c69a49470bff26880fd3ebf984382fd
4679,4679,0,ecffecffeeffdeff0000d2fffcffecfffaffdaff48002a00020012000e00eeff,14001400eafffaff20002e00eaffeafff2ff0400260016000c00eaffccffdcff,0e00fcff220004000000eeff04001400f8ffe8fffefffeffeeffeeff16000600,eeff00001600e8ffecff40001400e4ff90fed6bfb44286fefa94f6438c690695
4680,4680,0,0a00fcff00001000f2fff2ffdcfffcffdafffaff0c001c000200f4ffeeff0e00,e6ff2400faffdaff20004c000a000a0014000400160036000c002c00fcffacff,dcfffcff040004002000eeff1400f4ff34000600feffe0ff200000000600f6ff,ceff20004600f8ff1e000e00f4ffe4ffc494b242626904960ebf266a82fe7abf
4681,4681,0,fcfffcff00001000f2fff2ffdcff0c00caff0c002a001c001200e4fffefffeff,14000400daffeafff2ff2000faff5a00140004000600f8ff1c000c00ccffdcff,2e000e00140004000000eeff14003400f8ffe8fffeff1c000000eeff06003600,20002000f8ffdaff3000fcff0400240070bf6c6906ff22bf844250fe1695d842
4682,4682,0,2a00fcff10000000d2fff2ffecfffcff0c000c00feffeeff12001200eeffdeff,04000400fafffaff0000e2ff0a000a00f2ff1400e8ffe8ff0c000c00acff8cff,fcff1e0022000400deff0000f4ff24002600060066001c000000cefff6ff0600,4800eeffdaff16001e00ecff14000400124230fff495e441366a1a95d2be3c6a
4683,4683,0,2a00fcff0000eeffe2ff10000c00dcff0c00faff0c00f2fef4ff02000e00eeff,f6ff0400fafffaff0000f2ff0a00faff04000400260046002c000c00fcffecff,0e000e00f6ff0400000000000400f4ffe8fff8ff0c00eeff000000000600e6ff,eeffeeff1600f8ffdcfffcff1400d4ffae69729524be066aa0ffcebeac417aff
4684,4684,0,fcffecffeeff0000f2ffe2fffcfffcffcaffeafff2fe1c00f4ffe4ffceffeeff,e6ffe6ff1c001c00d4ff2e001a000a00f2fff2ffe8ff2600eaff0c000c00ecff,fcff0e000400f6ff0000eeff1400a4fff8ffe8fffeffeeff20003000f6ffe6ff,0000deff4600f8ffdcff0e000400d4ff0800c0be6e4186ff7a9590413c6a9695
4685,4685,0,fcff0a00ceffdefff2ffd2fffcff1c00fafffaff1c000c00b6ff1200feff0e00,1400e6fffafffaff2e00f2fffaff0a000400e2ff060016002c000c00ccfffcff,0e00ecff040014001000100024000400d8fff8ffe0fffeff0000eeff0600f6ff,eeff4000e8ffdaff1e000e0044000400c2957841d6696296febd466a6c0012be
4686,4686,0,0a00fcff200010000000e2ffecfffcff0c001c00f2feeeff02000200feff0e00,f6fff6ff1c000c002e002000faff0a001400f2ff260006001c00eaffccffecff,0e000e0014000400deffeeff04001400f8ff34000c00d0ff0000eefff6ff0600,00001000caffdaff1e00ecfff4ff1400a4bd486ae40064bd70410601e6954c41
4687,4687,0,1a000a000000eeff0000f2ff0c000c00fafffaffeeffeefff4ffe4ffeeff0e00,e6ffe6fffaff0c002000f2fffafffaff1400240046001600faff0c00dcffccff,fcffdcff1400140020001000e4fff4ff0600f8fffeff0c003000000036000600,2000deffe8ff46003000ecfff4fff4ff784098007296fe40a66a6a95c2bd8c6a
4688,4688,0,dcfffcff00001000e2ff00000c000c00faffeafffeff0c0040001200eeffdeff,e6fff6ffdaff0c00f2ffe2ff1a000a00e2fff2ffe8ffe8fffafffaffdcff0c00,1e000e00f6ff220010000000f4ffe4ff26000600fefffeffeeff000016001600,1000eeff16000600ecff0e002400f4ff486a3e9654bd266a8601cebc72408c01
4689,4689,0,2a000a00eeffdeffe2ff1000fcff0c00fafffafff2fef2fee4ff02001e00feff,f6fff6fffaffeafff2ff00001a001a000400f2ffe8ffd8ff1c000c00ecffecff,0e001e001400f6ffdeff1000e4ff0400260016000c000c000000deff06000600,deffeeff4600f8ffdcff4000240014008801f4bc1a40a401da95a040086b2696
4690,4690,0,ecff0a00eeff1000e2ffe2fffcff1c00faffbaff2a00f2fee4ff02000e002e00,f6ff04001c00faff2e00e2fffafffaff04000400f8ff06000c000c00ecff0c00,0e002e00f6ff04000000eeff1400e4ffaaff16000c00eeffeeff000006001600,ceff3000f8ffdafffcfffcff14002400a0961840d66ab2965ebce66bfc017abc
4691,4691,0,0a00dcffdeffeefff2ff10001c000c000c002c00eeffeeff2200f4ff0e00eeff,140004000c00faff2e00f2ff0a00fafff2fff2ff260026000c00fafffcffdcff,ecfffcfff6ff04001000eeff140004002600e8ffeeffeeff20003000f6ff1600,10000000e8ff06003000ecffc4ff140030bce86a7802f6bb9c3f2a0256968a3f
4692,4692,0,ecfffcff00000000e2ff1000ecfffcff2c00fafffeff2a0012000200eeffdeff,e6fff6ff0c00faffe2ff20000a000a001400140006002600faff0c00fcff1c00,0e008cff0400f6ffeeff10000400f4ffd8ffcaff0c002a001000eefff6ff0600,3000eeffdaff16000e00ecff14003400523fa202f096423fd66bca964abc486b
4693,4693,0,fcff0a000000eeffe2ff1000ecffdcffcafffaffeefff2fed4fff4ffdeff2e00,f6fff6ff1c001c00e2ff2e00faff6a00e2ff040026003600fafffafffcff0c00,0e001e00e6ff0400eeffeeff140004001600baff0c00feff0000200006002600,2000ceff06001600dcff0e0044002400e86ad096c6bbc66ada023ebc4a3f9c02
4694,4694,0,fcfffcffeeff0000f2ffd2ffecff1c00dafffaff0c000c001200f4fffeffeeff,e6fff6ff0c001c000000d4fffaffeaffe2ff040006000600eafffaffecffdcff,dcffdcff04001400eeff100014000400f8ffd8ff0c00feffeeffeefff6ff1600,eeff300024000600dcff3000f4ff1400220340bbc23e7603ca96bc3e286ba696
4695,4695,0,0a00fcff000000002000e2ffdcffdcfffafffaffeeff1c00f4ff22001e00feff,0400e6ffeaffeafff2ffe2ff6a00faffd2ff04001600f8ff0c001c00dcffdcff,fcff0e00f6ff140010001000f4ff140016000600fefffeff10001000f6fff6ff,deff20001600e8ff0e003000d4fff4ff2097e23ed66a50971cbbd66b98037abb
4696,4696,0,2a001a00eeff1000f2ffe2fffcfffcfffaffdaffeeff0c00f4fff4ffeeffeeff,f6ff0400fafffaff200010000a00fafff2fff2ff16002600faff0c00fcffecff,1e008cfff6fff6ff10001000f4ff0400f8ff06000c001c00deff0000f6ff1600,00002000f8ffe8ff1e00ecffd4ff4400f0ba386bb60366bbbc3e7c04a696223e
4697,4697,0,2a000a00deffdeffe2fff2fffcff0c00fafffaffeeffeeff0200d4ff0e000e00,f6ffd6ff1c00fafff2ff10001a000a000400f2ff0600e8ff1c000c00ecfffcff,fcff0e00f6fff6ff000000001400e4fff8ff16000c00eeffeeffeefff6fff6ff,3000deffdaff46001e00ecfff4ff2400423ef2038097b43d166cda96b8ba986b
4698,4698,0,ecfffcff0000000000001000ecfffcffdaff0c000c000c00f4fff4ffdeffeeff,f6fff6fffaff2c002000e2ff5a002a001400e2fff8fff8ff0c000c00ecffdcff,dcffdcff04000400eeffdeff14000400d8ffd8ff0c001c003000eeff06001600,0000eeff06000600ecffdcff04000400486b8097a6bae66abc0488b9b23dc004
4699,4699,0,fcfffcff1000ceffe2fff2ffecffecffdafffafffeffe0ff02000200feff0e00,0400f6fffaffeafff2ffe2fffaff1a00f2ff0400c8ff0600faff0c000c002c00,0e001e000400f6ff000010000400f4ff06002600fefffeff0000000016001600,deff10001600f8fffcff30001400f4ff480560ba663dd604ea962c3eb86b5e97
4700,4700,0,1a00fcff100000001000f2ffdcffecfffaffdaffeefffeff02001200eeff0e00,1400e6fffaff0c00f2ffd4ff1a001a001400e2ff06001600eaff1c000c000c00,1e009cff1400e6ff000000001400f4ffe8ff4400e0fffeffeeff000016000600,ceff10000600daff1e00fcffe4ff04005097563d766bb0975cba766ca00548ba
4701,4701,0,1a001a00eeff0000f2ffe2fffcff0c00fafffaffeeffeeff020012004e00feff,d6ff0400faffeaffe2ff00001a001a00f2ff2400e8ff0600faff2c00fcfffcff,0e001e000400f6ffeeff00002400f4ffe8fff8ff0c00feffceff1000f6ff0600,00001000daff16001e00dcffe4ff040056b9886b9605e0b93c3d2c058e97d23c
4702,4702,0,fcff0a001000eefff2ffe2ff0c00dcfffaff0c00feffeeff02001200fefffeff,0400f6ffeaff1c00e2ffe2fffafffaffe2fff2ffc8fff8ff0c00fafffcfffcff,ecffecff0400140000000000040004000600f8ff0c001c003000eeff0600f6ff,3000eeffcaff54001e00fcff24001400863c74060098863c766cca9788b9186c
4703,4703,0,fcffecffeeff1000c2fff2fffcfffcff0c00faff1c00eeff22000200eeff0e00,f6ff14000c000c002000f2ff1a001a00e2ff04001600b8fffafffafffcffecff,fcffecfff6ff14000000eefff4ff0400f8ffcaff1c00feffeeff000006002600,1000beff06004600ecff0e00f4ff0400b86ba09762b9766bca0658b9a23cf005
4704,4704,0,fcff0a0000000000e2ffe2fffcffdcfffafffaffeeffeeffe4ffc6ff0e000e00,320014000c001c00e2ff2e00faff0a00e2fff2ff1600d8ff0c00eafffcffecff,1e00fcfff6ff040010000000f4ff2400f8ffd8ff0c00e0ff200010000600f6ff,deff10001600f8fffcff1e001400e4ffd406a6b8863bd2064e98fc3b486cce97
4705,4705,0,dcfffcff00000000f2ffe2ffecff0c000c00faffceffeefff4fff4ff1e000e00,1400e6ffdafffaffd4ff20001a001a0014001400d8ffe8fffaff2c00dcffdcff,fcff2e00f6fff6ffeeff000014001400cafff8ffeeffeeffeeff200026002600,deff3000060006000e004000e4fff4ff5698b03be66b509888b8766c3007f8b8
4706,4706,0,0a001a00eeffdefff2ff0000fcfffcff0c00fafffeff0c00e4ffe4ff2e001e00,f6ff14000c002c000000e2fffaff1a00f2ff1400f8ff06000c000c00bcffecff,fcfffcff220014001000eeff04003400d8ffbaff0c00feff00002000f6ffe6ff,eeff0000daff16001e00dcff0400140026b89a6c3207dab81a3bca070e987a3b
4707,4707,0,fcfffcff10001000f2ff0000fcff0c000c00daffeeffeeffb6ffd4ff2e002e00,04000400fafffafff2fff2fffaffeafff2ffe2ff160026001c000c00fcffccff,fcff1e001400220000000000140024000600d8ff0c001c0010003000f6ff1600,68000000daff46000e00caff04000400b23a0c08e098563bf66cea97d6b7806c
4708,4708,0,0a00fcff0000defff2fff2ffdcffdcfffaff1c000c00defff4ffd4fffeff1e00,f6ff0400faffeaff3e00f2ff0a000a000400e2ff2600f8ff2c000c001c00ccff,dcfffcff140014001000eeff1400e4ffe8fff8fffeff1c001000200016000600,eeffdeffdaff0600fcff300024000400ca6c8698fab7166c8e08b4b7ea3aa208
4709,4709,0,fcff0a00eeffeeffe2ffe2ffdcff0c00faffdaffceffeeff02000200eefffeff,1400f6ffeafffaffd4ff2000faff1a0004000400d8ff2600faff0c00fcff0c00,1e000e00140014000000defff4ffe4ffcafff8fffeff0c00eeff000016000600,eeff10005400daffecff1e000400f4ffac0870b7e63af2078e985a3bc06ca098
4710,4710,0,fcfffcffdeff00000000f2ffecffdcffdaff0c000c000c00020022000e00feff,1400e6ffeafffaffe2ff00000a00fafff2ff14001600d8ff1c001c000c00ccff,fcfffcfff6ff1400200000001400f4ff2600e8ff2a001c000000eeff0600f6ff,deff2000f8ffdaff0e000e00f4ff2400d698223a466c409934b7266d120936b7
4711,4711,0,1a00fcffdeff0000d2ffe2ffecff2c000c000c000c000c00f4ffe4fffefffeff,24001400faff0c00d4ff0000faff1a00e2ff0400e8fff8ff0c00faffdcff1c00,fcff0e0004000400eeff1000f4ff0400cafff8ff0c000c00200000001600f6ff,00000000dafff8ff4000caffc4ff1400f0b60a6dd008fab63a3abe08c098d839
4712,4712,0,1a000a0000001000f2ff0000dcffecff1c000c00eefffefff4ff3000ceff0e00,0400e6fffaffeaff2000f2ff0a00daff1400040006000600faff0c00fcffccff,0e001e00e6ff1400eeff20001400e4ffcaffe8ff0c000c002000200006000600,1000ceffcaff46001e00fcffe4ff240028391c09d098083a166d0e99aeb6e06c
4713,4713,0,fcff0a00000000000000e2ffecffdcfffafffaff1c00feff4000e4fffeff0e00,04002400eaff2c00f2fff2ff1a001a00f2ff140036005400eaffeaffdcffbcff,0e00fcff14000400eeff20000400e4ffe8ff06002a000c000000defff6fff6ff,1000defff8ff4600dcff0e000400e4ff1a6df698eab6566c3e09e4b63839120a
4714,4714,0,fcff0a00eeffeefff2ff10000c00fcff0c00faff1c011c000200e4ff0e00feff,d6fff6ffeafffafff2ff2e000a00eafff2fff2ff060026000c00eaffdcffdcff,2e009cfff6fff6ff10002000140004000600d8fffeff2a00deff20000600d6ff,deff00001600f8fffcff30001400b4fff609b0b66239c009fe98e638106de098
4715,4715,0,ecff0a00eeff1000d2fff2fffcffdcff1c002c006c010c0012000200feff2e00,f6fff6ff0c00daffe2ffe2fffafffaff04001400260036000c00faffdcff1c00,dcff0e0014000400deffeeff140004001600f8ff1c00feff1000100016000600,deff30001600f8ff1e003000e4ffe4ff36991839366c7e9902b6e66c120a3eb6
4716,4716,0,fcfffcff00000000e2ffe2ff0c00dcff0c00fafffeff0c00f4fff4ff1e00eeff,0400f6ffeaff0c000000e2ff0a00fafff2ffe2fff8ff0600faffdafffcffdcff,2e00fcff0400f6ffeeff100024000400440026000c001c00eeff3000f6ff0600,eeff1000f8ff06001e00fcffe4ff040030b64a6d500afeb5b638d20a50995838
4717,4717,0,fcfffcff100000000000f2ff0c001c00fafffafffeffe2fe120002001e000e00,04000400fafffaff2000d4fffaff1a000400f2ff54001600faffcaffecff0c00,1e00fcff1400140000000000d4ff1400e8ff34001c00feff0000eeff06001600,20000000f8ff1600ecfffcff140004003838c60ade99f238366d0e99aeb5606d
4718,4718,0,0a000a001000eefff2ff10001c00ecff0c000c000c00feff12000200eeff1e00,1400f6fffaff0c0020002e00fafffafff2ff040036004600fafffaffccfffcff,2e006cfff6ff040000000000f4ffe4ffe8ffd8fffefffeffeeffeefff6fff6ff,1000cefff8ff4600fcff0e001400c4ff7a6d9699aeb5a46c320bf2b44838660b
4719,4719,0,fcfffcff1000deffe2fff2ffdcfffcff1c00faffeeff1c00e4ffd4fffeff2e00,14001400fafffaff2000d4ff2a000a00040014000600b8ff0c00faffecffccff,fcff2e00040014001000eefff4fff4fff8ffe8fffefffeff30001000f6ffe6ff,eeff00005400e8ff0e0030003400d4ff2e0c14b51c38580b7e997638706d8099
4720,4720,0,fcff2a00000000001000f2ffecfffcfffaff2c00deff0c00f4fff4ffdefffeff,0400e6ff0c00eaffc4ff20000a00eaff0400f2ff54002600faff0c00ecfffcff,0e000e00f6ff14000000200004000400f8ffcaffeeffe0ff0000000016000600,ceff10001600caff1e003000f4fff4ff309a5237c46c0e9a92b4086e160cc8b4
4721,4721,0,fcfffcffeeffeefff2fff2ffecffdcff0c00faff1c00feff02000200eeff2e00,f6fff6fffaff0c00200000000a000a000400140016002600faff0c00ecffccff,0e000e000400040000000000f4ff04000600cafffeffeeffeeffdefff6ff0600,00002000f8ff06004000fcffd4ff4400b6b38a6de60bceb47237f40bf0992637
4722,4722,0,1a000a000000eeffe2ff0000fcfffcfffaff2c000c00eeff020002000e002e00,040024000c00eafff2ffe2ff1a001a00f2fff2ff2600e8ffeaffcafffcffdcff,1e001e0022002200000000002400f4ff2600e8ff0c00feffdeff300006001600,3000eefff8ff46003000ecffe4fff4ffb236720d6e9aec36286e629a10b4b06d
4723,4723,0,0a002a000000eeffe2fff2ffdcff0c00fafffafffeff2c00e4fff4ffeeff2e00,040014000c00daff2e00d4fffaff0a00e2ffe2ff060026000c000c00ccffdcff,0e001e001400040000000000e4ff0400f8ffd8ff1c000c0010000000e6fff6ff,2000deffe8ff1600bafffcff0400c4ff9a6d609a2eb4f46c320de2b32e366e0d
4724,4724,0,fcff0a000000ceffe2ff0000fcff1c00faffdaffceffeeffd4ff02000e00feff,1400f6ff0c000c0020002e00faff0a00140004002600e8ff0c00faffdcfffcff,1e000e0014002200eeffeeff2400a4ff4400f8ff1c001c0000001000f6ff1600,000000004600e8fffcff40002400e4ffc20d76b36c36240f629a2236a06d509a
4725,4725,0,fcff0a00eeffeeff2000f2fffcffecfffafffaff1c000c002200e4ffdeff0e00,f6ff1400faff0c003e00d4ff0a000a00e2ff1400f8ff2600fafffaffecffecff,ecfffcff0400e6ffeeff0000f4ff1400e8ffd8ff6600feff2000000016002600,deff30001600dafffcff1e00e4fff4ff809ab635146d4e9a20b3e86de20d80b3
4726,4726,0,fcffecff0000deffc2ffe2ff1c00fcff1c000c00eefff2fe0200e4ff2e00feff,04000400fafffaffe2ff20001a000a0004000400f8ff36000c00fafffcff0c00,ecffdcff1400f6ffeeff1000140004002800faff1c00feff0000eeff06002600,00002000dafff8ff0e00ecfff4ff4400f6b2266e940f1eb4f235d20ea09a5e35
4727,4727,0,fcff1a0000002000f2ffe2ffdcfffcff1c001c000c00feff30001200eeff0e00,14001400faffeafff2ffe2ffeaff1a001400f2ffe8ff4600fafffafffcff0c00,fcff1e00140014002000000004000400eafffaff0c001c00200020001600f6ff,6800deffe8ff46001e00dcffe4ff340026357e0eee9aae35086e529a60b3f06d
4728,4728,0,1a00fcffeeff0000d2ff2000fcfffcfffafffafff2fefeffe4ff12003e00deff,e6ff1400faff0c000000f2ff5a001a0004000400360006003c000c00fcff2c00,fcfffcffe6ff0400ceff2000f4ff1400faffccffeeff0c001000300046001600,1000eefff8ff0600caff0e004400d4ff366e009b40b3346de20e30b20e35d80e
4729,4729,0,fcfffcff100010001000e2ffecfffcff1c00daff0c000c001200e4ff4e00eeff,f6fff6ffeafffafff2ff2e000a000a00e2fff2ff160006001c000c000c00dcff,0e002e00f6ff14001000eeff2400140008000800eeff0c00eeffeeff0600f6ff,100000004600f8ffecff30004400e4ff161036b2ee34ea10529b5235206ef09a
4730,4730,0,2a00ecffeeff00000000e2fffcffecff0c00faffeeffeeff020002002e00feff,14001400eaffeaffe2ffe2fffaff0a00140004000600f8ffcaff0c00dcff0c00,0e000e002200e6ffceffeeff24000400ccfffafffefffeff0000000006003600,eeff10000600baff0e001e001400f4ff409b1034146dbc9b30b2986e081084b2
4731,4731,0,fcff0a00eeff0000e2fff2ffecffecff1c00baff0c001c0012004000feffdeff,f6ff24001c00eafff2ff3e000a000a00e2ff0400060016000c00faff1c000c00,0e00fcfff6ff14001000000004000400eaffdafffeffeeff2000400006000600,eeff1000f8ffe8ff1e00fcffe4ff1400bcb1766ed811bcb0a234c20e709b3634
4732,4732,0,fcfffcff10001000f2fff2ff1c00fcff0c000c00ceffeeff2200f4fffeff0e00,e6ff0400faff0c00f2ff00000a000a000400e2ffd8ff36000c000c00dcff1c00,9cff0e00140004000000eeff040004001800eafffeff1c0000000000f6ff1600,30000000caff16001e00fcfff4ff040038332610fc9bde34586ee49bd4b1306e
4733,4733,0,fcfffcffeeffeeff0000f2fffcffdcfffafffaff2c001c00f4ff40000e000e00,1400f6ffeaff0c000000e2fffafffaffe2ffe2ff160006000c000c001c00ccff,0e009cfff6ff2200deffceff14000400faff08000c00eeff1000100016000600,1000cefff8ff1600fcfffcff1400e4ff866e909b54af446d4610ccb146334810
4734,4734,0,0a00fcffeeffdeffd2ffd2ffecff0c001c000c00feff0c00e4ff12000e00eeff,14000400faff0c00f2ff2e00faff1a001400f2fff8ff0600fafffaff1c000c00,ecffecff2200f6ffeeff10001400040028002800e0ff0c00eeff1000f6ff0600,eeff00000600daffdcff1e001400d4ff8611bcb0c0332e12049cf032606ea09b
4735,4735,0,0a00fcff000020000000e2ffdcff0c00faff0c00eeff2c00e4ffe4ffeeff0e00,14001400eaffeaff0000e2ff0a000a00f2ff140036004600eaff0c00fcffecff,fcff0e001400f6ffeeffeeff14000400eafffafffeff1c00000000000600f6ff,deff30002400daff1e001e00c4ffe4ffc09b9832546d7a9cfcb0686ea21124b1
4736,4736,0,1a000a0000001000f2fff2fffcffdcff0c000c000c001c0002001200feff0e00,d6ff0400eaff0c00e2ff20002a001a001400f2fff8ff1600faffeaff1c001c00,0e008cff140014001000100014000400280008000c00feff0000000006003600,00001000f8fff8ff4000fcfff4ff0400acb0666e3e1374af6032a611629c7a32
4737,4737,0,0a002a0000001000f2ff00000c00fcff1c00caff1c00eeff020022000e00deff,0400f6ffeaffeafff2ffe2ffdaff1a000400e2ff0600f8fffaff0c000c00ecff,fcfffcfff6ff140000000000f4ff14004600eaffeeffe0ff000000001600e6ff,3000eeffcaff46001e00caff040004006e314012ca9cc032d86e349c7ab0806e
4738,4738,0,fcff2a00200000000000f2ff1c000c00faff0c000c00feff1200d4ff0e00deff,04000400eaffeaff0000d4ff1a001a00f2ff14001600f8ffeafffaff2c00ecff,0e001e00f6fff6ff0000000024000400080008001c000c000000100006002600,1000defff8ff0600dcff1e0024001400b66e6e9cf4ae126e5a12b8af1a323212
4739,4739,0,1a000a00eeff1000f2ffe2ffecfffcffdafffaffeeffdeffe4ff02002e001e00,0400e6ff0c00faffd4ff2000faff0a001400f2ffe8ff3600eaff1c00ccfffcff,0e001e0014001400deffdefff4fff4ffeaff2800eeff1c00eeff0000f6ffe6ff,0000100006000600ecff1e000400c4ff00131cb070326e14c49c5032706e929c
4740,4740,0,0a000a0020000000f2ffd2ffecffccfffafffaff2c000c00d4fff4ff0e000e00,1400f6ffeafffaff3e0000001a000a0004000400d8ff0600eaff0c00dcfffcff,dcfffcfff6ff04000000eefff4fff4ff4600faff0c00feffeeff200006000600,ceff58001600caff1e0030001400e4ff629d0e316a6eea9c1cb0b86e7e13e0af
4741,4741,0,0a000a00100000000000e2ffdcfffcffdafffaff1c001c0012001200eeff0e00,f6fff6ffeaff0c002e00f2fffafffaff04000400d8ff0600fafffaff0c00fcff,8cfffcfff6ff0400eeffdefff4ff0400eafffafffefffeff2000eeff16001600,10001000dafff8ff3000fcffd4ff4400ecaf966e5e14b4ae9c310a131a9d8431
4742,4742,0,0a000a0000000000f2fff2ff0c001c00cafffaff2c00eefff4ffe4ff0e00eeff,040014000c001c00e2ffc4ffeaff5a000400f2ffe8ffc8ffeaff1c00fcff0c00,0e000e0004001400ceffeeff04000400faff08001c00feffdeff000006000600,2000eeffdaff4600fcffdcff040024009e3010139a9dac31d86e449d50af806e
4743,4743,0,fcfffcff00000000e2ffe2fffcff0c00faff1c001c002c00e4ff02000e001e00,040014000c00faff3e0000000a00faff0400e2ff1600f8ff1c00caffdcff2c00,9cfffcff22001400eeffdeff0400040008002800feff0c000000eeff16000600,1000eeff06000600ecfffcff1400c4ffd66e409ed6adaa6e681478affa2fbe13
4744,4744,0,fcfffcffeeffeeff0000f2ff0c00fcffeaff0c00eeffe2fee4ff02000e001e00,1400f6ff0c000c00e2ffe2ffeafffaff14000400260046000c00eaff0c003c00,0e00bcff140004000000100004000400fafffafffeff0c00100000002600f6ff,eeffdeff16000600dcff30001400d4ffbc14e6aebc304c15549db82f026f9a9d
4745,4745,0,2a00fcffeeff0000e2fff2fffcfffcff0c00daffeeffeeff02002200feff0e00,1400f6fffafffafff2ffe2ff0a00faff2400f2ffd8ffc8fffaff0c00ecff0c00,1e000e00e6ff1400eeff0000f4ff04000800faff0c00e0ffdeff000016002600,deff20004600dafffcfffcfff4ffd4ff609e682ff26dea9d88aee86ec614b8ae
4746,4746,0,fcff2a00deffeeffd2ffe2ffecff0c00fafffaffeeffdeffe4ff02000e00feff,0400e6ff0c000c00f2ff3e002a000a000400f2fff8ff0600faffeaffdcfffcff,0e00dcfff6ff04000000deff04001400dafffafffeff0c0020000000f6ff0600,eeff48000600daff1e00ecffd4ff040026ae166f8a1668ad0c305816da9daa2f
4747,4747,0,fcff0a00eeffeeffe2ffd2ff0c001c001c000c00ceff0c00d4fff4ff0e000e00,14001400faffeaff0000e2ffeaffeaff0400f2ff260026000c000c00dcfffcff,dcffecff14001400eeffdefff4ffe4ff3600eafffeff0c00eeff1000f6ff0600,30000000daff16000e00caff04003400d82ebc152a9ee62f086f749d18ae226f
4748,4748,0,fcff0a00ceff00001000f2ff1c00ecfffaffcaffeefffeffe4ffe4ff0e000e00,f6ffe6ffeafffaff0000e2fffaffeafff2ff1400f8ffd8fffaffeaffdcfffcff,ecffdcff1400140010000000a4ff0400faffccfffeff0c001000100016000600,3000cefff8ff1600fcff1e001400f4ffe66e909ef8ac5a6e8816d8ada82e6615
4749,4749,0,0a000a00deff0000e2ff1000fcff0c000c00eaff1c002c00020002000e001e00,04000400eaffeaffe2ff2e00daff1a00f2ff04000600d8ff1c000c001c00fcff,ecffecfff6ff14000000000004003400fafffaff0c00feffdeff1000f6ff0600,000000000600e8ffecff4000f4ffe4ffcc157aad762f0a17f89eb42e626f8a9e
4750,4750,0,fcff0a00deff20000000e2ffecffecfffafffaff0c000c000200e4ff2e00feff,24001400fafffaffe2ff2e001a00dafff2ff140036001600faff0c00fcff1c00,8cff0e001400f6ffceff100014000400ccfffaff0c001c003000eeff2600f6ff,eeff30001600dafffcfffcff04002400f09e282eaa6e8a9eb8ad086f6616c8ad
4751,4751,0,0a000a00100000001000e2ff0c00fcff2c00daff1c000c00f4ff1200feff0e00,140014000c00faff1000f2fffafffafff2ff14002600f8ff2c00fafffcff0c00,ccff0e0014000400eeff000004001400eaffccff0c00eeff2000400006001600,00001000f8ff16001e00ecfff4fff4ff4aadf66e481848acd42d5816129fc82d
4752,4752,0,fcff0a00200000000000f2ffdcfffcfffafffaffd0ff2a00120022002e00feff,f6fff6ffeaff0c00f2ff3e000a000a00e2ffe2ff06000600fafffaffdcffdcff,fcffdcfff6ff2200eeffeeff2400240008000800eeffeeff2000deff1600f6ff,10000000caff16001e00ecfff4ff14005c2d0a17e89e982e686fd89f48ad626f
4753,4753,0,fcff1a0000000000e2ff00000c00fcfffaff0c002a001c00120002003e000e00,e6ff0400fafffaffe2ff3e000a00faff3600f2ff060036000c00faff0c001c00,1e00fcff1400f6ffceff100004001400daff1800fefffeffeeff000006000600,1000defff8fff8fffcfffcff0400f4ff266f709f98ab9a6ea81758ad282d5e17
4754,4754,0,fcfffcff0000ceffe2ffe2ffecffecffeaff0c00feffd0ff020002001e000e00,140014001c000c000000f2ff0a000a00f2ff04004600e8fffafffafffcff0c00,ecff1e0014001400eeffcefff4ff1400280008001c000c0030002000f6ff0600,000010004600f8ffecff0e001400e4ffe017c8ac082e68183ca0542c726f629f
4755,4755,0,fcff0a00100000000000f2fffcff0c00faffcaff0c00eeffd4ffe4ffeeffeeff,f6fff6ffeaffeaff3e000000fafffafff2ff040054003600fafffaff2c00ecff,1e001e00f6ff0400deff00000400f4ffeaffdaff1c001c001000100026000600,deff20004600dafffcff1e00f4ffe4ffe69faa2cda6e569fd8ac586f1e1870ac
4756,4756,0,fcff2a0000002000f2fff2ff1c00fcffcaff0c00d0ff0c00d4ff0200feff0e00,e6ffe6fffaff0c00f2ff2000faff0a002400e2ff060026000c00eafffcff0c00,0e00dcff0400f6ff20000000f4ff1400eaffbcfffeffeeff2000200026001600,10001000dafff8ff4000dcffe4ff140034ac266fb01958ab242c7c18a29f602c
4757,4757,0,0a00fcff0000eefff2ff0000ecff0c00daffdafffeffeeffe4ffe4ff0e003e00,f6ff04000c00faff20002e00fafffaffe2ff04000600f8ff2c002c00fcffecff,fcff0e00f6fff6ffeeff10000400f4ffccfffaff0c001c000000eeff2600f6ff,1000eeffbaff64000e00ecffd4ff1400d62bf018e69fe82d486f7ca080ab626f
4758,4758,0,0a00fcffeeff3000e2fff2ffecfffcff1c00dafffefffefff4ff1200eeff0e00,e6fff6ff0c000c0020002e000a001a002400f2fff8ff26001c000c003c001c00,fcfffcff14002200100000001400f4ff080028001c00feff000000000600f6ff,3000defff8fff8ffecffdcff1400e4ff666f36a062aafa6e9c19c8ab602b4019
4759,4759,0,0a00fcff0000deff0000e2fffcfffcfffaff1c000c000c003000e4fffefffeff,040014000c001c00e2ff2000eaff0a001400040006001600faff0c000c002c00,dcff1e00040004000000deff1400040028000800feff1c0000001000f6ffe6ff,deff00006400e8ffdcff0e00f4ffe4ff701994ab982dc41acca0f42b826f02a0
4760,4760,0,0a000a00deff1000f2ffe2ffecff1c00fafffaff0c00feff500002002e00eeff,1400f6fffafffafff2ff2e000a000a000400f2ff360006000c000c002c000c00,fcffdcff1400040000001000f4fff4ff28002800feff0c00eeff20000600e6ff,deff10001600e8ff0e000e00d4ffe4ff76a0762b2a6f16a0f8ab786fc01920ab
4761,4761,0,0a001a001000100000001000ecfffcff0c00faff0c00eeffe4ff3000eeff0e00,14000400faffeaffe2ff2e00eafffaff14001400360016000c00eaff0c000c00,0e000e0004001400deffdeff14000400280008000c000c00deff0000f6fff6ff,00003000daff16003000fcfff4ff3400e4aa266f741b02aa742a5c19c4a0742a
4762,4762,0,fcffdcff20000000f2fff2ffecffdcffeafffafffefffeffe4ffe4ff0e00feff,f6ff0400fafffaff00000000eaffeaff1400f2fff8ff06000c00faff1c00dcff,ecff1e0014001400eeffeefff4ff04000800fafffeff2a00100000002600f6ff,1000eeffcaff16001e00dcffe4ff0400fe294a1ae6a0882d586f3ca1b4aa826f
4763,4763,0,ecffbcff10001000d2fff2fffcffecff2c00daffeeffeeffe4fff4ff0e000e00,e6ffe6ff0c00daff2e00e2ffeaff0a000400e2ff060006001c000c001c00fcff,dcfffcfff6fff6ff00000000040014001800bcff0c00feff2000200006000600,eeffdefff8ff5400dcfffcff1400e4ff766f06a162a9da6e001bb6aa042a801a
4764,4764,0,ecffecff0000eeff1000f2ffdcfffcff0c001c00f2feeeff1200f4ff3e000e00,0400aaffeaffeaff20002e00eafffaff0400f2ff160036002c001c00ecff1c00,dcffecfff6ffe6ffeeff10000400040018002800eeff0c0020004000e6ff0600,000000001600daffdcff1e00f4ffd4ff4a1b34aa882d841b9ca1c028b26ff4a0
4765,4765,0,0a00fcffeeffdeffe2ffe2ffdcffecffcaffdafffefffeff020002002e001e00,f6ff1400faffdaff2000e2fffaff0a0024001400060036000c002c000c00fcff,9cfffcfff6ff0400eeffeeff1400f4ffeaffdaff0c00eeff10000000e6ff0600,ceff30000600daffdcff0e00b4ff140076a13429da6e16a156aa686fe21b14aa
4766,4766,0,1a00ecff00000000100000001c000c000c00faffeeffeeff0200e4fffeff0e00,140014000c00eaffe2ff2e00faff0a00f2ff1400d8ff26000c00eaffccfffcff,9cff0e0004000400100000001400f4fffaffccffeefffeff20002000f6ff0600,100020001600f8ff1e00caffc4ff14007aa9bc6fc41c32a9d028321c74a1e428
4767,4767,0,0a002a003000defff2ffe2ffecfffcffdaff0c00feff1c00f4ff12000e00feff,14000400fafffaffe2ffe2ff0a000a001400f2ff360046000c00eafffcffccff,ecff1e001400f6ff0000ceff04000400eaff18001c00feff00001000f6ff1600,20001000daff46001e00dcffe4ff040054286c1cf6a10c28686f9ca1a4a9b26f
4768,4768,0,0a00fcffeeffeeff10002000fcffdcfffafffaffeeff1a011200f4ffeefffeff,040014000c00faff20003e001a00eaffe2ff2400f8ff06001c000c00ecfffcff,1e00fcff04002200100020000400e4ff280008000c00feff3000200006002600,0000eefff8ff0600ecffecff24001400bc6f86a1b2a8fa6e721c12a94a28121c
4769,4769,0,1a002a00eeffbefff2fff2ff0c00ecff0c000c000c00eeff02001200feff1e00,04001400fafffaff2e00d4ffeaff1a0024000400260006000c000c00ecff0c00,1e009cff1400f6ffeeff0000140004002800faff1c00feffeeffceff1600f6ff,000010005400e8ffecff4000f4ffd4ffec1c0aa94c27041da0a21028c26fc4a1
4770,4770,0,fcfffcff10000000f2ff1000fcffecffdaffdafff2feeeff120012001e001e00,e6ff1400eafffafff2fff2ffeafffafff2ff0400f8ff1600faffeaffccfffcff,9cff0e00f6ff04002000eeffd4ff04001800daff0c00eeffeeff300016000600,eeff68000600cafffcff0e00e4fff4ff90a204283a6f54a2d2a8c86f7a1d24a9
4771,4771,0,dcff0a00000000001000e2ff0c000c00bafffaffeefffefff4ff1200eeff2e00,f6ff1400eafffaff2e000000faff0a00e2ff0400d8ff2600faff1c000c00fcff,0e00bcff140014002000000004000400eaffdafffeff1c002000200026000600,eeff1000caff06001e000e00c4ff1400aaa8666fd01e12a82c27021d84a2da27
4772,4772,0,fcff0a0010000000f2fff2ff1c00ecfffaffcaffeeff0c0012000200fefffeff,04000400eaffeaffe2ffd4fffaff0a000400f2ff260016000c001c00dcffecff,1e009cfff6ff14002000100014002400180008000c001c00eeff200006000600,30000000caff46003000fcfff4ff1400be263a1eb4a2ac26986f50a37aa8c26f
4773,4773,0,fcfffcff0000eeffe2fff2ff0c00fcffbafffaff1c000c00d4ff12002e00deff,0400f6fffaffdaff000000000a000a0014000400360036000c00caff0c00ecff,1e000e0004000400eeffdeff04000400080036000c00feff0000eeff06000600,eeffeeff06000600ecffdcffc4ffd4ff766f00a374a7da6e221ea2a8da26fa1d
4774,4774,0,fcff1a000000eefff2ff10000c001c00faffdaffeeff0c0002001200eeff0e00,04000400fafffaff0000d4ffeafffafff2ffe2ff060054001c00faffecff1c00,fcffdcff22001400deff0000f4ff04001800eafffeff1c0000001000f6ff0600,0000000064000600ecff30001400e4ffaa1e3aa80026101fd2a3ac25c26f74a2
4775,4775,0,0a000a000000000000000000dcffecfffaffeaff0c00e2fe1200e4ff0e000e00,14001400eafffaff2e00f2ffeaffeaff04000400060006001c00caffdcffecff,0e001e00e6ff04002000100004001400ccff2800eeffd0ff0000100006001600,eeff30001600cafffcff1e00d4fff4ff30a36e264a6fe4a242a8886f4a1efaa7
4776,4776,0,ecfffcffeeffeefff2ffe2fffcffecffcaffcaff0c00e2fe020030000e00feff,0400f6ff0c00fafff2fff2fffafffaff0400f2ff360026000c000c00fcff2c00,fcff1e0014001400deff0000f4fff4fffaffccff0c000c00eeff00000600e6ff,00001000f8fff8ff1e000e00e4ff440094a71c70901f14a7ec25062060a39825
4777,4777,0,2a000a0000000000f2ffe2ff0c00ecfffaffdaff2c000c00e4ff1200eefffeff,14002400eafffaffd4ff00001a00faff14002400160016000c00faff1c00fcff,1e00ecfff6ff0400eeff1000f4ff140028002800eeff0c0010000000f6ff1600,68000000caff1600fcffecffe4ff040070257a1fe8a3e024986fe2a360a7e26f
4778,4778,0,ecff1a0010000000e2fff2ff0c00ecffdaff0c000c00fefff4fff4fffefffeff,f6fff6fffaff0c004c00e2fffafffaff0400c0ff3600f8fffafffaffecff0c00,fcff0e00f6ff2200eeff10001400f4ff08001800feffe0ff1000deff06001600,3000eeff060016000e00ecff24002400ec6f70a326a61a6f921f0ea77825621f
4779,4779,0,fcff1a00eeffeefff2ffe2fffcffdcffdafffaff0c001c000200f4fffeffeeff,140024001c00faffe2ff2000fafffaffd2ffd2fff8ff16001c000c00ecffecff,ecffdcff1400040000002000e4ff04000800bcffeeffeeffdeffeefff6fff6ff,eeffdeff5400daffecff30000400d4ff402024a76024ce2042a40e25d26fd0a3
4780,4780,0,2a000a00eeffeeffe2ff0000ecfffcff0c00daff0c00eeff020002001e00deff,0400f6fffaffeaff000000000a000a00d2ff140006003600caffcaffecff0c00,9cff0e0014001400eeff0000f4ff04000800fafffeff1c00eeff000016000600,aeff48000600cafffcff0e00e4fff4ffd0a37024fa6ec8a34ea7786fe21f40a7
4781,4781,0,fcff0a00ceff0000e2ffe2fffcff1c00faffdaffeeffeeff02001200eeff2e00,e6ffd6ff0c00daff3e0000000a00fafff2ff0400f8ff16000c00caff1c003c00,fcff1e001400040000001000e4ff04003600eaffe0ffeeffeeff00000600f6ff,1000eeffdaff16000e00ecffd4ff240074a6dc6fde20f6a51c24b62060a4a824
4782,4782,0,2a00fcff000000001000e2ff0c00fcffdaff0c000c00feff1200f4fffeff0e00,e6ff04001c000c000000c4ff0a00faff040014003600f8ffeafffaffecff0c00,0e001e00040004001000eeffe4fff4ff280008000c000c00eeffcefff6ff1600,68000000e8ff16001e00dcff14000400fc23002188a4a023786f2ea558a6e26f
4783,4783,0,0a00fcff10001000f2fff2ffecff0c000c00faffceff1c01120030003e00eeff,040014000c001c00d4ff3e001a000a000400f2ff160006000c000c000c00fcff,0e00fcff04000400200010000400e4fffaffeaffeefffeffdeff000006000600,3000ceffdaff5400ecff0e0044000400cc6f9ea4d6a56a6f16217ea6b023e420
4784,4784,0,fcfffcff00002000e2ff0000fcfffcfffaffeaff0c00feff120002002e00eeff,1400f6ff1c000c00f2fff2ff0a00fafff2ff140036000600faff1c000c000c00,0e00dcff1400040010000000140004000800faffe0ff2a000000eeff1600f6ff,deff00001600daffdcfffcff2400d4ff602164a692229c213ea53a22e26fe8a4
4785,4785,0,2a00fcffdeffdeffe2ff0000fcffecff0c00dafffeff2c00120012002e00eeff,0400e6ff1c001c000000d4ff1a000a000400e2ff54005400eaff2c001c001c00,1e001e00f6ff140000002000f4ff0400fafffafffefffeff000020000600f6ff,deff10000600daffecff300004000400cea47a224a6ff8a44ea62c70242208a6
4786,4786,0,fcff1a00000000001000f2ffecfffcff0c001c00deff1c00e4ffa6ff0e00feff,14001400fafffaffe2ffe2ffeaff0a0024003600460026000c003c001c00fcff,ecfffcff1400040000000000a4fff4ff080028000c00feff10001000f6ff2600,000030000600e8ff3000ecfff4ff240098a5dc6fe22256a57a22aa2298a54023
4787,4787,0,2a00ecff10000000f2fff2fffcff0c00fafffaff0c00eeff400012002e00feff,140004000c000c0020002000faffeaff04001400d8ff74000c00faff0c001c00,dcffecfff6fff6ffeeff100014002400faff2800eeff0c00100010000600f6ff,30000000caff64001e00caff1400f4ff0a228a2236a56222a86fdea5c8a5d26f
4788,4788,0,fcfffcff000000000000f2ff0c00fcff1c00eafffeffdeff220002000e000e00,f6fff6ffeaff0c003e00e2fffaffeaff1400240006000600faffeaffecfffcff,fcff0e00140014000000000014000400fafffafffeff0c002000eeffe6ff3600,3000eeff06002400fcffecff24001400bc6ff4a588a41a6f9a224ea59421b422
4789,4789,0,0a00fcffdeffdeff100010001c00ecff0c00faffceffeefff4ff30002e002e00,040014001c000c002000e2ff0a000a000400140046002600faff2c00fcff1c00,0e000e0014001400000010001400f4ff28003600eefffeff2000defff6fff6ff,000000001600f8fffcff30004400d4ff0a23f6a48c2140236ea62a22b26fc8a5
4790,4790,0,fcff2a000000eeffd2ffd2ffdcfffcff0c00faffe2fe0c00e4ff1200ceffdeff,0400f6ff1c00faff0000d4fffaff1a0036002400d8ff1600faffeaffecfffcff,fcff1e0014000400000000000400f4ffeafffafffeff0c00000010000600f6ff,eeff48000600cafffcffecfff4ff040064a670212a6ff6a54ea5486f402318a5
4791,4791,0,fcfffcffeeffeeff1000e2ffecffccfffafffaff0c000c00f4ffe4fffeffeeff,e6fff6fffaff0c00200020000a000a00f2fff2ff36002600eafffafffcffecff,0e000e00040014000000100014001400daffdaff1c001c0000002000f6fff6ff,20001000f8fff8ff4000ecfff4ff1400f0a3dc6f302448a4d6207a2348a64421
4792,4792,0,fcff1a0000001000f2ff0000fcfffcffcaffdafffeffe2fee4ffd4fffeff0e00,f6ff2400fafffaff3e00f2fffaff1a001400240036001600faff0c00fcffecff,0e000e001400f6ff1000100004000400faffeaff0c000c00eeff1000f6ff2600,1000eeffdaff16001e00ecfff4ffd4ff6020ba2376a6dc20b86f4ea760a4e26f
4793,4793,0,0a001a000000eeff0000e2ff1c00fcff0c00daff0c000c00d4ff02000e001e00,1400e6ff1c00fafff2fff2fffaff0a000400360016001600faff1c00ecffbcff,0e000e00f6fff6ff2000eeff14001400faffdaff0c00e0ff0000100006000600,2000deffdaff0600fcfffcff2400e4ffcc6fe4a618a4fa6e1c240ea57420b824
4794,4794,0,fcff1a000000eeffe2fff2ffccff0c00eafffafffeffeeff0200e4ff0e000e00,140004001c000c000000f2fffaff0a000400f2ff060016001c00faff0c000c00,0e000e00f6fff6ff100000001400f4fffaff36000c000c00ceff20001600f6ff,eeffeeff6400e8ffbaff300024001400802570a3901ff0242ea7521fd26fc8a6
4795,4795,0,0a001a002000defff2fff2ffecfffcff0c00eaff0c001c0002003000eeff0e00,0400e6ffdafffaff20003e005a000a00e2ffe2ff060036000c000c00dcffecff,fcff0e00f6fff6ff1000eefff4ff1400faffeafffeffeeff100010000600e6ff,ceff30004600cafffcff1e000400040034a71020fa6e14a77ea4b86f582500a4
4796,4796,0,fcfffcff000010000000f2fffcff0c001c000c00feffeefff4fff4fffefffeff,f6ff14000c00eaffe2ff20001a00faffe2fff2ff16000600faff0c001c00ecff,0e00fcff2200f6ff000010000400440036000800fefffeffeeffeefff6ffd6ff,eeff1000e8ffdaff40000e00b4ff140060a3866f902548a3721f9e2580a7421f
4797,4797,0,1a00dcff1000cefff2fff2fffcfffcff1c00faff0c000c0002000200feff1e00,1400f6ff0c00faffe2ff2e000a000a001400d2ff260054000c001c001c00ecff,dcffdcfff6ff040010002000e4ff1400daff0800eeff1c000000000026000600,3000deffcaff64003000ecff04001400fa1e6e2664a7d01ed86f8ea7a0a3f26f
4798,4798,0,fcff0a000000eeffd2ffe2ffdcfffcff0c00daff1c00fefff4ff0200feff0e00,2400f6ff0c000c002000f2ff0a000a00e2ff360036000600faff1c00fcff0c00,ecff1e000400040000002000f4fff4ffeaffeaff1c00eeffeeff0000f6ff1600,4800eeffe8ff5400caff0e004400e4ffcc6f2aa808a32a6f8e2640a3aa1e3826
4799,4799,0,0a00fcff00000000f2ff0000fcffecff3c00caff2c002c00020002000e00eeff,0400f6ff0c00fafff2ffe2fffaff2a00f2fff2ff0600e8ffcaff0c001c00dcff,ecff0e0004001400000000000400f4ffeafffafffeff1c00eeff10000600c6ff,eeffeeff4600f8fffcff0e00f4fff4ffde26c0a2e21d5c2622a8b21ec26f60a7
4800,4800,0,ecff0a00eeff00001000e2fffcfffcffdaffdaff0c000c00f4ff0200feff1e00,04002400eaffeaff10002e000a000a000400f2ff26002600faff0c001c00fcff,0e00dcfff6ff2200deff100004000400faff08001c00e0ff00001000f6ff1600,deff10000600e8ff0e003000f4fff4ffdaa8bc1d4a6fe4a740a3a86f5a27b4a2
4801,4801,0,fcff2a00eeffcefff2ffe2fffcff0c001c00daff1c001c001200f4ff1e002e00,04001400eaff0c00f2fff2ff1a00faff1400f2ff16003600eaff0c001c001c00,ecffdcff14000400ceffeeff1400f4ffeaff28000c00eeffeeff2000e6fff6ff,00001000f8fff8ff3000ecffe4ff2400a0a2666f8c27d8a2e21dfc268aa8fa1d
4802,4802,0,0a00fcff000000000000e2ffecfffcffdaffeaff1c00fefff4fff4ff0e000e00,e6fff6fffaffeaffd4ffd4fffaff0a00f2fff2ff36002600fafffaffdcff2c00,0e000e001400f6ffeeff1000f4ff1400eaff3600eefffeff0000defff6ffd6ff,20001000daff06001e00ecfff4ff4400fc1cb42712a8341d886ff2a874a2c26f
4803,4803,0,0a001a00deffeeff00001000ecff0c001c00faff1c002c00d4ffd4ff2e000e00,1400f6fffaffeaffe2ffe2ff1a001a0014000400540016000c00faff0c00ecff,dcffecff1400f6ff2000200004000400eaffeafffeffeeffeeffdeff0600d6ff,1000eeffdaff1600fcfffcff2400e4ff666f4aa9d6a16a6f6028e0a2aa1c0a28
4804,4804,0,ecffecff100000001000e2ffecfffcffdaff2c00feffeefff4ff02000e00eeff,0400f6fffafffaffe2ff0000faff0a00f2fff2ff160036000c002c001c000c00,1e001e000400220000000000f4ff24002800dafffeffd0ffeeff0000f6ff0600,00000000f8ffe8ffecff50001400e4ff442830a2b41cac27a2a9121ca26fdaa8
4805,4805,0,0a00fcff00000000e2ffe2ff0c00ecff0c00faffeeffdefff4ff4000eefffeff,1400f6fffafffafff2fff2ff0a00faffe2fff2ff1600f8fffafffaffecfffcff,0e009cff040004000000eeffe4ff0400faff0800eeff1c000000eeff06001600,ceff1000f8ffdafffcff1e00040004005aa9181c2a6fc2a870a2986f6a28f4a1
4806,4806,0,1a00fcffeeff0000f2ffe2fffcff2c00faffcaff1c00e2fec6ffb6fffefffeff,2400e6fffafffaff2e00d4fffafffaff14000400060016000c000c00dcff0c00,0e00dcff0400f6ff3000200004001400eaff08001c000c00eeff0000e6fff6ff,20001000dafff8ff1e000e00e4ff140056a1766fdc2886a1301b402964a9421c
4807,4807,0,fcffecffeeff1000e2ff20000c000c00caffcaff0c002c00c6ff1200deffeeff,040004000c000c00e2fff2ffeafffafff2ff0400e8ff1600fafffafffcfffcff,fcff9cfff6ff220010001000f4fff4ff18001800eeff1c0030001000f6ff0600,10000000daff54003000ecff04002400d81b242932a9e41b986fb2a9c4a1c26f
4808,4808,0,ecfffcff0000defff2ffe2ffecffecfffafffaff1c00e2fe1200e4ff1e001e00,f6ff1400faffeaff2e002e000a001a000400f2fff8ff0600faff2c000c00fcff,fcffdcff04000400000010000400a4ff0800eaff1c00feff1000100006000600,5800ceffcaff1600fcff0e0044001400866fcaa916a11a6f1029c8a0521ba429
4809,4809,0,0a000a0010000000f2fff2ffecfffcfffaff0c00e2fee2fe1200e4ffeeff0e00,f6fff6fffaff0c00f2ffe2ffeaff0a00e2ff140036002600faffeaff1c002c00,0e001e00f6fff6ff1000eeff0400e4ffeafffafffefffeff000010001600e6ff,deffdeff16000600baff30000400d4ff742916a1141b4a2956aa401ba26f14aa
4810,4810,0,ecff0a00ceff1000e2fff2ffecff1c00fafffaff1c001c0012000200eeff0e00,0400f6fffaff0c00d4ff2e00fafffafff2fff2ffd8ff06002c000c00ecff0c00,fcff2e000400140000000000d4ff1400360008001c00feff30001000f6ffe6ff,eeff58000600caff0e00fcfff4ffe4ffb4aa3a1ada6eb2a9a8a0886f542a14a1
4811,4811,0,fcfffcffeeffeefff2ff00000c00fcff1c00daffeeffceff020022000e002e00,1400f6ffeaffdaffe2fff2ff0a000a00140004000600f8ff0c000c003c000c00,0e00fcfff6ff04002000deffe4ff1400fafffaff1c00eeff000030002600f6ff,eeff10000600f8ff30000e0004002400a6a0ac6fb22ae6a0401ac029d4aa001a
4812,4812,0,1a00fcff10000000f2fff2ffecfffcff1c00caffe2fe0c0022003000feff0e00,040004000c000c00e2ffe2ffeaff0a00040004000600e8ffeafffaff0c001c00,1e000e00040004002000eeff14000400280008000c000c0000000000d6ff1600,3000eeffdaff64001e00bafff4fff4ff10199e2a12aa361a686f86ab94a0c26f
4813,4813,0,fcffecff0000eefff2ff1000dcff1c00daff1c00feff1c00f4ff0200feff0e00,040014000c00faffd4ff3e00faff0a0036000400c8ff2600eaff0c000c001c00,0e000e00f6fff6ff000000001400040046003600fefffeff3000eeff0600f6ff,30000000f8ff46000e00fcff24000400566f14ab26a0ea6e482c48a04019802b
4814,4814,0,fcff0a000000eeff000000000c00fcffcafffafffeff1c00f4ffe4ffdeff0e00,140004000c00eaffd4ff4c00eafffafff2fff2fff8ff3600faff1c00fcffdcff,9cfffcfff6fff6ffeeff00001400f4fffaff0800eeff1c00000000003600f6ff,eeffeeff0600daffdcff40000400e4ff6e2b66a0c019d82d66ab8c18826f60ab
4815,4815,0,fcfffcff0000eefff2ff4e00fcff1c001c00faff1c00feff02000200feff0e00,14000400faff0c002e003e00faffeaff0400d2fff8ff06000c001c00ecffccff,0e000e00f6fff6ff0000100004001400eaff2800fefffeff2000300016000600,ceff2000f8ffbaff0e000e001400e4ffa4abe018ea6e30abc49f686fd02bd29f
4816,4816,0,fcfffcff0000defff2ffe2ffecffecff0c00daffeeff0c000200b6fffefffeff,2400e6ff0c00faffe2ff2e000a000a00140014003600f8ff0c000c00ecfffcff,dcfffcff14001400deff00000400e4ffdafffaffeefffeff0000eeffe6ff2600,10001000f8fff8fffcff1e00e4ff5400f69f266f582ed69f8c18282d10acc018
4817,4817,0,1a000a0010001000e2ff0000ecff1c000c000c000c002c01120012001e000e00,240024000c000c00f2ffe2ff0a001a000400f2ff060046000c000c002c002c00,1e00fcff04001400eeffdeff0400f4ff2800faff0c00eeffceff000006001600,68001000daff16001e00caffd4ff1400d017ee2b20ab6a18286f28ac729f826f
4818,4818,0,1a000a0010001000e2ff00001c00dcff0c00faffeeff2c0102004000eeff0e00,d6ffe6ffeafffaff3e0000000a000a00f2ff0400540046000c000c00fcfffcff,0e001e001400220010000000040024000800daffeeff0c001000eeff3600f6ff,1000ceff46001600fcfffcff3400e4ff366fb8ac769f1a6f382d149f9e17d62c
4819,4819,0,1a00fcff0000eeff0000f2fffcff0c00fafffaff0c00f2fe02002200feffeeff,14001400eaff0c004c00f2fffaff0a00e2ff1400160016001c001c000c00fcff,dcfffcfff6ff14001000000004000400eafffafffeffeeff00004000e6fff6ff,eeff10005400e8ffecff3000040004006c2c209faa17e82e08adc817426f10ac
4820,4820,0,fcffdcff00001000f2ff1000fcff1c00faffeafffefffeff120030000e00ceff,1400f6fffaffeaffe2ff20001a002a0014001400f8ff1600eaff1c002c000c00,8cffecfff6ffe6ff00000000f4ff24001800ccff0c001c0020002000f6fff6ff,000030004600daff0e000e00e4fff4ffd8ac4a17da6ed0abc49e386fca2d729f
4821,4821,0,fcff2a0000000000f2fff2ffecffdcfffaffcaff0c000c00e4ff0200eefffeff,f6ffe6fffaffeaff0000f2fffaff0a00e2ff1400460046001c000c00acffecff,ecff2e001400040000000000f4fff4ff0800faff0c00feff00000000f6ff0600,eeff0000f8ffe8ff3000fcffd4ff4400009f066fa62f269fac15f82df8ac0e17
4822,4822,0,0a000a0000002000f2ffd2ff1c00dcff1c00faff3c012c00f4fff4fffeff0e00,24001400eafffafff2ff2000eafffaff24000400460036000c00faff0c001c00,fcff0e00f6fff6ff10001000f4ff0400ccffdafffefffeff30000000f6ff0600,30002000daff36001e00dcffe4ff14008816822d50ac1a17e86ed8adda9e426f
4823,4823,0,fcfffcff10002000f2ff1000fcfffcffdaffdaffdefffeff1200f4ff0e00eeff,04001400eaffeaff2e0000000a00eaff2400f2ffe8ff36002c000c000c00fcff,1e008cff0400f6ffeeffeeff14001400eaffdafffefffeff20002000e6ff0600,1000eefff8ff6400ecfffcff2400f4fff66e9aad8a9e9a6ea82e949e26164a2e
4824,4824,0,2a002a000000befff2ff0000fcfffcfffaffeaffe0ff0c00e4ffe4ff1e000e00,f6ff0400faff0c00d4ff20000a000a00040014000600f8ffeaffeaffecffdcff,fcfffcfff6ff0400eeff20000400f4ff280008000c00eeffeeff00000600d6ff,deff10001600e8ffdcff30002400e4ffae2ea09e8a16d62ff8adbc14226f98ad
4825,4825,0,fcff0a00eeff000000001000fcffecfffaff0c000c00feffd4ffe4ffdeffdeff,04002400eafffaff0000d4ff0a000a00f2ffd2ff16001600eafffaffecffccff,fcff9cff14000400eeffeeff14000400eaff5600feff0c003000200006002600,ceff30005400daff0e001e001400140036ae6c154a6e58ade49d286f702f6a9e
4826,4826,0,1a00ecff000010001000f2ff0c00ecfffafffaffeeffeeffe4ffe4ff1e000e00,1400f6fffaffeaffe2ff2e000a00fafff2fff2ffd8ff2600fafffaff0c000c00,0e00ecff04001400deff0000040004001800eaff0c000c0020002000d6ff0600,deff10000600f8ff3000ecff14004400d29d066f2c317a9e6c141c3018ae7615
4827,4827,0,fcfffcff1000eeff0000f2fffcfffcfffafffafffeffeeff12001200feff2e00,0400f6ffeafffafff2fff2ff0a00eaff04000400460046002c000c00dcffecff,0e00fcfff6ff0400100020002400f4ffdafffaff1c00feff300010000600e6ff,2000ceffbaff54001e00caff040024007c143e2fb8ad1c15e86e68aeca9d126f
4828,4828,0,fcfffcff10000000e2ffd2ffecffdcfffafffafff2fef2fe1200f4fffeff0e00,f6ff2400faffeafff2ffd4ffeaff5a00f2ff2400060026000c00faff1c000c00,fcff0e001400f6ff10003000240014002800eaff0c000c00eeff000016000600,3000ceffe8ff1600dcff1e0004001400d66e06affa9d6a6eac30049d3e14f02f
4829,4829,0,1a00fcffeeff0000e2ffe2ffecffdcff0c00faffeeffeeffe4ff0200feff2e00,1400f6fffaff1c00f2fff2fffafffaffe2ffd2ff0600d8ff1c000c001c00fcff,fcfffcfff6ff140010002000f4fff4ffeafffaff0c00eeffeeff2000f6ffd6ff,deffeeff7200daffecff0e001400e4ff5e30a29dbc146c3128af0c14026f10af
4830,4830,0,fcff1a00000000002000e2ffdcfffcff0c00faffeeff0c00f4fff4ff1e000e00,0400f6ff1c00eaff0000e2ff5a00eaff0400f2ff0600d8ff0c002c00ecffecff,dcfffcfff6ff04000000eeff14000400faffeaffe0ffeeff0000200016001600,eeff20004600dafffcff0e00f4fff4ff46af10132a6e36ae449de86eb030ba9d
4831,4831,0,0a00fcff00001000f2fff2ffdcffccfffaffeafffefff2fef4ff02002e00ceff,f6ff04002c001c00e2ffe2fffafffafff2fff2ff360046001c001c00bcffdcff,dcff2e001400140010000000f4ff0400daff0800feff0c001000eeff06000600,eeff1000e8ffe8ff1e00dcfff4ff2400529db66e30329a9d1a13bc3010affe13
4832,4832,0,fcffecff00000000e2ff00001c000c00faff1c001c000c0022000200feff2e00,f6ff14001c00faff200020000a001a000400e2ff1600d8ff0c001c00dcffdcff,fcff0e00e6fff6ff00002000f4fff4ff28002800eefffeff1000100016001600,1000deffdaff06000e00dcff040044001013be3056ae9e13a86e7cb06a9df26e
4833,4833,0,2a000a0000000000f2ff10000c00dcff0c00faff0c002a00d4ff12000e000e00,e6ff14000c000c003e00c4ff0a005a00e2ff1400060054000c00faffecff1c00,1e008cff0400f6ffdeff000004000400daff28000c000c000000eeffe6fff6ff,eeffeeff06000600fcfffcff44000400b66e1cb02a9d2a6e1032c49ca2127a31
4834,4834,0,1a00fcff00000000f2ff1000fcffecff1c000c00feff0c00e4fff4ff0e00feff,1400f6ff0c00fafff2ff10000a00fafff2ffe2fff8ff0600faff0c001c00dcff,fcffdcffe6fff6ff1000deff1400e4ff36005600fefffeff000010000600e6ff,100000004600dafffcff1e002400e4ff6e31f29cce12b0326cb03611f26e60b0
4835,4835,0,fcff2a0010001000f2ffe2ffecff2c000c00daffe0ffeeffd4fff4fffeff1e00,f6fff6ffeaff0c00d4ff00001a000a000400040036002600faffeaffecff0c00,fcff1e00f6fff6ffeeffeeffe4ff0400eaffdaff1c000c000000eeff06000600,deff10000600daffecfffcffe4ff04005cb020125a6e44af449cc86e5a32da9c
4836,4836,0,1a000a00beffeeff0000f2ff1c00fcff1c00eaff1c00eefff4ff1200fefffeff,1400e6ffeaffeaff2e000000faff1a00040014000600f8fffaff1c00dcffecff,dcffdcff04000400100000000400e4fffaff0800eeffeeff0000deff16001600,eeff0000e8fff8ff1e000e00f4ff2400b29c966e5033fa9c7611303380b06212
4837,4837,0,0a00fcff10002000f2ffe2fffcfffcfffaff1c001a01eeffd4ff1200fefffeff,240004001c001c00f2ffd4ff0a00eaff1400f2ff0600e8ff0c000c001c00ecff,0e00fcfff6ff14000000deff2400e4fffafffafffefffeff0000eeff3600f6ff,00000000baff72000e00caff14006400e6106832f4af5e12686ebcb0da9c406e
4838,4838,0,0a00ecff000000000000f2fffcffdcff1c00eaffeeffd0fff4ff0200eeff0e00,f6ff04001c00faff0000f2ff0a00faff1400e2ff160006002c000c00dcfffcff,fcff0e00e6fff6ffdeff0000040014001800daffe0ff0c0020002000e6fff6ff,2000befff8ff2400fcffdcff24002400866e4cb19a9c1a6e6033249ca211e632
4839,4839,0,fcff1a0000000000f2ff1000ecffccff0c001c002a00eeff2200f4ffeeff1e00,0400f6fffaff0c002e00d4ffeafffaffd2ff04000600d8ff2c00eaff0c002c00,ecff1e0014000400200000000400140008000800eeff1c00eeff400016000600,10000000f8fff8ffdcff1e005400d4fff832909ba81130346cb17611206e0ab1
4840,4840,0,1a00ecff20001000200030000c00fcff0c000c00feff2a01020002000e00deff,04000400faff0c00f2ffe2ff1a000a000400360016000600faff0c000c00fcff,fcff2e00e6fff6ff000000001400f4ff1800eafffeffeeff200020001600f6ff,eeff0000f8ffdafffcff3000e4fff4ff8cb116100a6e34b0829ba86ed633329c
4841,4841,0,1a001a000000eefff2fff2fffcffecfffafffaff2a00eefff4fff4ff1e001e00,040024000c00fafff2ffd4ff1a000a0014001400f8ffe8ff1c00fafffcff0c00,0e00ecff0400f6ffdeffeefff4ff0400eaff08001c000c000000eefff6ff2600,eeff5800daffdaff3000fcffe4ff4400609b466efe34ec9bc20f1234aab13810
4842,4842,0,ecffecffeeffeeff000010000c00fcffcafffaff1c001c00c6ffe4ffeeff2e00,f6fff6ff0c00faffe2ff2e00daffdafff2ffe2ffe8fff8ff0c002c00fcffecff,ecffdcfff6fff6ff2000eeff0400d4ffeafffafffeff0c00eeff3000f6ffd6ff,30000000f8ff16001e00dcffe4ff1400500fc83312b1ea10686e70b2d29b406e
4843,4843,0,fcfffcff10002000f2ff1000dcfffcffdaff2c000c000c00f4ffe4ffeeff0e00,f6ff04001c00caff200000001a00fafff2ff0400460026000c00fafffcff0c00,0e00fcfff6ff14000000eefff4ff0400eaffdaffeeff1c00eeff00002600f6ff,20000000f8ff06000e00dcff2400e4ff366e36b2bc9baa6db234229bc80f5634
4844,4844,0,2a00fcff1000eefff2ff0000fcfffcff1c00faff2a000c00e4fff4ff0e00feff,f6ffd6ff0c00faffe2ffd4fffaff0a001400f2ff160036000c002c003c00fcff,0e009cff220022001000eeff1400f4ffeaff08000c001c00000020001600f6ff,eeffeeff0600f8ffecff1e00440004001635e09af40fee35d0b2f20de06d9ab2
4845,4845,0,fcff1a001000eefff2ffe2ffdcff0c00caff0c00feff2a00c6ffd4fffefffeff,1400f6ff0c001c00f2fff2ff0a000a000400f2ff360036001c001c000c000c00,0e000e00f6fff6ffdeff00000400f4fffaff18000c000c000000deff06001600,deff30001600daff0e001e00e4fff4ffd6b25e0eea6d10b2a29a386e8e35109b
4846,4846,0,0a00dcffeeff0000f2fff2ffecfffcfffaff0c001c001c00f4ff0200feffeeff,d6ff0400eaffeaff2000f2ff0a001a00f2ffe2ff06001600fafffafffcff0c00,fcffdcfff6ff1400eeffdeff1400a4ff360028001c00feffeeff1000f6ff1600,deff1000daffe8ff40000e00c4ff1400c09a266e4c360c9b020e323656b3620e
4847,4847,0,fcff2a0020002000f2ffe2ff0c000c00fafffafffefffeff120012000e00eeff,d6ffd6ff1c000c00e2ffe2ff0a00eaff1400f2ff160016001c001c00dcffdcff,fcff0e00f6fff6ffeeffeeff140004002800faff1c00eeff0000300006001600,3000eeffdaff16001e00baff04000400b20d223676b2d40e486e00b3b09ae06d
4848,4848,0,0a00fcff20000000e2ff0000fcff0c001c00faff1c000c000200f4ffeefffeff,f4ff1200eaffeaff0000e2ffeafffaff14000400f8ff16001c001c000c000c00,fcff0e000400040000000000f4fff4fffafffaff0c000c001000200016001600,3000eefff8ff2400fcfffcff1400e4ff266e16b30c9b046d6236629ae20dce35
4849,4849,0,fcfffcffeeff10000000d2ff0c000c00faff0c00feff0c00020022000e000e00,1200e4ff0c00faffd4fff2fffaff0a000400d2ff2600f8ff0c001c000c00fcff,dcfffcff22001400ceff1000f4ff0400eaff28000c00eeffeeff000006001600,deff100054000600caff3000240014006236809a960e0c3732b4720d806de6b3
4850,4850,0,0a000a00100020000000e2ffecff0c000c00faffeeff0c001200f4ff0e000e00,f4ff12000c000c00e2ff0000faff0a00f2fff2ff2600f8ff0c001c00fcff0c00,0e000e00f6ff1400eeff1000f4fff4ffccff28000c00feff10002000f6fff6ff,ceff58004600dafffcff1e000400f4ffa6b3020db46cd6b2329af86d9e36809a
4851,4851,0,ecffecff10001000f2ffe2fffcff0c002c000c00eeff0c00220022000e000e00,f4ffe4fffaff1c00e2ff2e000a000a00f2ff1400260006000c00eaff0c00fcff,0e001e001400e6ff0000000004001400eafffaff1c00e0ff1000eeffe6ff0600,00001000f8ffe8ff1e000e00e4ff0400d6999a6d3a389c9ab20cc23646b4b00c
4852,4852,0,2a00ecff0000eeffe2ff0000ecfffcfffafffaffeeffdeffe4ff02001e001e00,1200f4fffaff0c00f2ff00001a000a002400f2ffd8ff36000c000c001c001c00,1e000e00f6ff0400ceffeeff0400f4fffafffaffeeff0c00eeff10000600f6ff,2000deffdaff06001e00fcff040024000e0c42376eb5c60dd86d42b5d099606d
4853,4853,0,0a001a0010001000e2ffe2ff0c00ecffdaffcafff2fe2c00e4ff4000deffeeff,f4ff0200eafffaff0000e2ff0a00faff04000400f8ffe8ff0c000c000c00acff,2e000e00f6ffe6ffeeff100014000400faff0800eeffeeffeeff0000f6ff0600,2000deffdaff0600fcfffcff240004006a6dc6b4469a666c2638429ac80b9637
4854,4854,0,fcff1a000000eeff0000e2ffecffdcffdaff0c00defff2fef4ff02002e000e00,120012001c000c003e000000faff0a0014001400360026003c00fafffcfffcff,fcffecff1400f6ff10000000e4ffd4fffafffaff0c000c000000eeff2600e6ff,0000deff16004600baff30001400e4ff1838a699a60d823842b5b20a606d2eb5
4855,4855,0,0a001a00eeffeefff2ff0000fcff0c00fafffaff2c00ceff0200f4fffeff0e00,e4ffe4ffeaff0c003e00e2ff1a00faff0400f2ff060016000c000c00fcffecff,1e00dcffe6ff0400deff2000f4ff0400daffeaff1c000c002000300016001600,eeff10004600caffecff1e00f4ffe4ff94b4de0b766cdeb55e99d86d0638d099
4856,4856,0,fcffecffeeffeefff2ff00000c001c002c000c001c00e2fe020002000e00deff,f4ffe4ff0c00eaffe2ffe2ffeaff5a0014001400460026001c002c002c000c00,9cff0e00f6ff0400eeff1000f4fff4ff180036001c000c000000eeff06000600,00000000f8ffcaff0e00fcffe4ff140056995a6d62395e99a20a0639aeb5f80a
4857,4857,0,fcff1a000000eefff2fff2fffcfffcff0c00faffceffeefff4fff4fffeff0e00,02002200faff1c00f2ffe2ff1a001a001400f2ff360016001c00faff2c000c00,2e008cff14000400eeff1000040004003600fafffeffeeffeeff2000f6ff3600,78000000caff46000e00dcff040054001e0ab838fab66009266da2b56099606d
4858,4858,0,fcffecff00000000f2fff2ff0c00ccff0c00caff0c000c0030001200eeffeeff,f4ffd4ff0c00faff0000e2fffaff1a00040024001600f8fffafffaffecff0c00,0e009cff220014001000eefff4ff0400eaff18000c000c003000000016001600,3000deff16001600fcffecff140004003a6d90b64e99666c4639ce985c0a4839
4859,4859,0,fcff0a000000eeff1000f2fffcfffcffdaffeaffdeff0c00f4ffd4ffeeff0e00,1200f4ff0c000c002000f2fffaff1a00d2fff2ff26001600faff0c00ccfffcff,0e001e000400f6ff10001000f4ff0400faffdaffe0ff1c0010000000f6fff6ff,eeffdeff1600daffdcff1e005400f4ff883916996208483ad2b6120a206d4eb6
4860,4860,0,fcff1a00eeff000000001000fcff2c000c00faff2c01eeffd4fff4ff0e00feff,f4fff4fffafffafff2fff2ff0a000a001400f2ff26002600eaffeaff0c001c00,fcfffcfff6fff6ff0000000004001400eaff2800feffeeffeeff1000e6ff2600,deff48004600e8fffcff0e00f4ffe4ffd0b65409f66b6ab7fe98066d083a1099
4861,4861,0,fcff0a00eeff0000e2ffd2ff1c00fcfffafffafffeffe2fe1200f4ff2e00feff,020012001c00eaff0000e2fffaffeaff14002400260046000c00faff1c000c00,2e00fcff14001400deffdeff040004003600eaff0c000c00eeff30000600f6ff,deff5800f8ffdafffcffdcffa4ff34008698da6ca83ae0989e082a3a06b70c09
4862,4862,0,fcfffcffeeff10002000f2ffecffecff0c000c000c000c0002001200eeffeeff,f4fff4ff0c000c002000d4ff0a000a00f2fff2ff260016000c000c001c00fcff,fcfffcff22001400eeffeeff0400e4ffbcff4600feff66000000eeff1600f6ff,00000000daff4600fcffaafff4ffd4ffe408323a3ab87207166d84b7e098e06c
4863,4863,0,ecff1a0000000000e2fff2ffccff0c00faff0c000c00eeffe4ff22000e00ceff,f4ff12000c00faff2e002e000a001a00d2ffe2ff060054000c000c001c00fcff,0e00fcfff6ffd8ffeeffeeff14000400faffbcff1c001c003000000006001600,0000ceffdaff4600fcff0e0044001400ba6c20b71099166c9a3a7e98dc08083a
4864,4864,0,fcff1a00eeffeefff2ff00000c000c000c000c00eeffdefff4fff4ff0e00feff,22001200faff0c00d4ff20000a002a00e2fff2ff060046002c00eaff0c00fcff,0e00ecff0400f6ffeeffeeff14002400faff28000c00eeffeeffeeff26000600,eeff00001600caffecff40000400e4fff23a66985207763bd4b72a07b06c96b7
4865,4865,0,fcfffcffeeffdefff2ffd2fffcff1c00faff0c00ceff0c003000d4ffeeff2e00,f4ff1200fafffaff2000e2fffafffaffe2ff1400060046000c001c00fcff0c00,1e009cff1400140000000000f4ff1400ccffccfffefffeffeeff0000f6ff0600,deff68005400dafffcff4000c4ff140036b89e07d66beab8aa97a66c4a3b9098
4866,4866,0,dcfffcffceff1000f2ff1000fcff0c000c000c000c00e2fe12001200feffeeff,d4ffe4fffaff1c00f2fff2ff0a000a00f2ffe2ff06001600faffeaffdcff0c00,fcff0e001400140042002000e4ffd4ffccff18000c000c0030000000f6ff0600,eeff3000f8ff06001e00ecfff4ff140006988a6c163cd0983a073c3c26b8b207
4867,4867,0,1a00fcffeeffeefff2ffe2fffcfffcfffaffeaff1c00deffe4ff1200feff0e00,0200e4ff0c00faff3e0000000a000a000400e2ff260054000c002c00ecfffcff,9cffdcff04000400200010001400140036001800fefffeff0000100016000600,3000eeffbaff540030000e00140024007406623b4ab9d605c66c88b8fe97286c
4868,4868,0,0a00fcff20000000f2ffe2ff0c00fcfffafffaffeeff2c00f4fff4ffcefffeff,0200d4ff0c00eaff3e00d4ffeaff0a0004001400e8fff8fffafffafffcfffcff,0e00fcff1400d8ffeeff100004002400280028000c00feff00003000f6ff3600,4800ceffcaff0600ecffdcff2400f4ff6a6cc6b80098966b8c3c5a97a0061a3c
4869,4869,0,2a000a00deff1000e2ffe2ff0c000c000c00faffeeffeeff1200e4fffeff2e00,120012000c00faff2e00f2ff0a000a00140004001600f8ff2c001c00dcffecff,0e001e0014001400eeff0000e4ffe4ff2800faff1c00feffeeff10000600f6ff,1000eeff16001600baff1e001400e4ffb63ca0973605d63cd8b82a06286c28b9
4870,4870,0,dcfffcff100010004e000000fcfffcffbaff1c000c002c00020022002e001e00,d4ff1200eaff0c004c00f2ffdafffaffe2fff2ff360006001c000c00fcffbcff,dcfffcfff6ff04002000eeffd4ff14001800eafffefffeff20000000f6fff6ff,ceffeeff0600caffecff1e00d4ffd4ff56b90406466ba8b96a97666c3a3c9e97
4871,4871,0,0a00ecffeeffeeffe2ffd2fffcfffcfffafffaff0c00e2fed4ff02000e002e00,1200d4fffaffcaff20004c000a000a00e2ff0400060016000c001c002c00ecff,0e001e00f6fff6ffeeff100024001400eaffdaffeeffd0ff00002000f6fff6ff,00002000e8ffdaff30003000e4ffe4ff7097986bc43d1098cc04ac3ce8b9e005
4872,4872,0,2a00fcffeeff0000f2ff00000c00fcff0c00faff0c00e2fe300030002e00feff,020002001c000c00c4ff2000eaff1a001400f2ff360016001c00fafffcff0c00,ecff0e00f6fff6ff0000000004001400eafffafffefffeff200000000600f6ff,1000eeffdaff54001e00ecff040024002805763d96ba9604366c8cba6e97f86b
4873,4873,0,2a002a0000000000e2ff1000fcff0c000c001c00e2fee2fe0200e4ff3e00feff,f6ff0400fafffaff2e00d4fffaff0a0036000400360036001c000c00fcff0c00,fcff0e00040004000000100014000400eaffdaffeeff1c001000eefff6ff1600,3000ceffcaff5400fcffdcff1400f4ff686b50bac097366b0c3e3a97c004623d
4874,4874,0,fcff2a00100010000000f2ffecfffcffdafffaffe2feeeff020030000e00feff,0400f6fffaff0c00f2ff2000eaff0a00e2ff0400160036000c002c00ecffdcff,9cfffcff1400f6ffeeff20002400a4fffafffaff0c00feff000020001600f6ff,deff00001600f8fffcff1e001400b4ff223e6097c603423e7cbacc03b86b38ba
4875,4875,0,0a00fcffeeffcefff2ff0000fcffecfffaff0c00eeffdefff4ff2200eeff2e00,f6ffe6fffaff0c00d4ff2e001a000a0004000400260016002c00faffdcffacff,0e001e00f6ff1400eeff000014000400daff2800feffeeff100000002600f6ff,ceff20001600baff1e001e004400f4ff60baf403d66a96bb3a97666c423e2e97
4876,4876,0,fcff0a00eeff0000f2fff2fffcff1c000c00fafff2fefeff02000200feff0e00,e6ff0400faffeaffd4fff2ff0a001a00f2ff1400060016000c000c000c00ecff,dcfffcffe6ff220010001000f4ff240036002800fefffeff0000eefff6ff1600,00001000f8ffdafffcfffcffc4ff44000097386b223f3097cc03ec3ee8ba2804
4877,4877,0,2a002a0010000000e2fff2ff0c000c00caff0c001c00e2fe400012001e000e00,0400f6ffeafffafff2fff2fffaff0a00f2ff1400460046002c002c00ecff1c00,1e00fcff140014001000eeff04000400faff2800fefffeff3000eefff6ff0600,30001000f8ff16001e00caff040024002203223fb6bb5603066c5cbbd696886b
4878,4878,0,fcffbcff1000eeff2000f2ffdcfffcfffafffaff2c010c001200d4ff0e002e00,f6fff6ff1c001c001000f2fffaffeaffe2ffd2fff8ff36000c001c00fcfffcff,0e00dcff040022000000eeffa4fff4ff180008002a000c00300030000600f6ff,2000eefff8ff1600ecffecff3400d4ff186b60bb4097b66a3c3fba961803323e
4879,4879,0,0a00fcffdeffeefff2ff0000ecff2c002c001c00feffe2fe12000200eeff0e00,1400e6fffafffafff2ff0000eaffeafff2fff2ff2600f8fffaff1c00ecfffcff,0e000e00f6fff6ff0000100024003400faffeaffeefffeffdeff200016001600,eeffeefff8ffe8fffcff40000400e4ff523fe096e802423f0ebc3a03786b38bb
4880,4880,0,2a000a0000000000f2ffe2fffcfffcff0c00faffeeffe2fef4fff4ffeeff0e00,f6ff04000c00faffe2ffe2ff4a00faff0400040036004600faffeaffdcffecff,fcff0e0004000400eeffeefff4ff14001800faff0c00feffeeffeefff6ff1600,eeff300054000600dcff1e003400e4ffe0bb6202d66a94bcaa96c66b2a3f7696
4881,4881,0,0a001a00100000001000f2fffcff0c000c00faff0c00eefff4ffe4ffeefffeff,f6ff04002c001c00f2fff2ff0a00faff04000400460036002c000c00dcff1c00,fcffdcff1400140000001000a4ffe4ffdafffaffeeff0c000000eefff6fff6ff,000020000600e8ff3000ecffe4ff24006e96c86a3240b2960a027c3f3abcfc01
4882,4882,0,1a00fcff10000000f2ff1000ecfffcffdafffaff1c00fefff4fff4ff2e00eeff,f6ff04000c000c00e2fff2ff0a00eaff1400f2ff5400f8ff1c000c00fcfffcff,0e00dcff0400f6ff00000000a4ff0400daff0800feff0c002000000006000600,30000000daff16003000dcfff4ffe4ff88011840e4bc9201066c2ebd4696286b
4883,4883,0,dcfffcffeeffcefff2ff0000fcffdcfffaff0c001c001c000200f4ff0e002e00,e6ff0400eaff0c002e00e2fffaff4a000400f2ff160016000c000c00dcffecff,dcff1e00040022002000000014002400fafffaffe0ff0c000000defff6fff6ff,5800ceffe8ff1600fcffecff44002400986a24bd9296566a70407a969c000a40
4884,4884,0,1a002a0000000000f2ff0000ccffdcffdaffcafffeff0c0030003000eeff0e00,24002400eaff0c00f2ffe2ff0a000a0004001400060046000c003c001c000c00,2e001e00140004000000ceff04002400180028000c000c00eeffdefff6fff6ff,0000deff1600f8ffdcff0e004400e4ff68404e96220152402ebda600e86a32bd
4885,4885,0,fcff0a00200000000000f2ffccff0c00fafffafffeffeeff02003000fefffeff,e6ff0400fafffafff2ffe2fffafffaff2400f2ff360054001c00caffccffdcff,dcff0e00040014002000eefff4fff4ffeaffdaff0c001c00200010001600e6ff,000030005400daffecfffcff0400e4ffb4bd5800266a04beba95a66bdc402696
4886,4886,0,fcffecff000010002000f2ffccffecff1c00caff0c00eeff120030000e000e00,1400d6fffaffeaffe2ff3e00faff0a000400f2ff26000600faff0c00dcffecff,fcffecfff6ff0400100000000400f4ff4600daff0c00eeff1000200016001600,deff3000f8ffdaff0e00fcffc4ff2400d295786a8e4134964600044292bd2a00
4887,4887,0,0a00fcff10000000e2ff10001c002c00fafffaffeeff2c00120002001e001e00,f6fff6fffafffaff2e00d4ff0a004a000400e2ffd8ff0600faff2c00ecffdcff,0e000e0014000400100000000400f4ffdaffeaff0c000c0010001000f6fff6ff,30000000caff16003000caff1400140060ff3841b2bed6ff866b9ebdd6957c6a
4888,4888,0,0a000a000000eeffd2fff2fffcff0c00faffbaffceffe2fef4ff3000feffeeff,0400f6ffeaffdafff2fff2ff0a000a00040004001600f8ff0c00faffdcfffcff,0e00fcff140004001000eeff24001400faff1800fefffeff0000eeff06001600,58000000e8ff0600ecff0e0024001400186ad0bef495626934422a95baffbc41
4889,4889,0,ecff1a0010000000f2ffe2ffdcff0c00caff0c00feff0c0012000200eeffdeff,0400e6ff2c002c00f2fff2ff0a000a00f2ff1400540046000c00eaffccff0c00,fcffecfff6fff6ff10000000f4ffe4fffafffaff0c001c00eeff1000f6ffe6ff,deffeeff06004600ecff1e001400e4ffa841829576ff6442febe50ff4c6aa2be
4890,4890,0,0a00fcff0000eeff000000001c00fcff0c00caffceffeeff1200f4ff3e00deff,0400f6ffdaff0c00e2ff2e000a002a001400d2ff360006002c000c00dcffdcff,ecfffcfff6ff140020000000040004003600fafffefffeff000030000600f6ff,eeff3000e8ffcaffecff30000400140000bfd0fea66932bf2a95166a3c426695
4891,4891,0,0a001a00eeff00001000e2fffcfffcfffafffaff0c002c000200f4ff0e000e00,e6ff24000c00faff00000000eaff5a00e2ff24002600f8ff1c001c000c00ecff,fcfffcfff6ff14001000eeffb4ff2400ccff08000c000c00eeff1000e6ff2600,deff1000f8ffe8ff1e00ecfff4ff240062958e69e442e49590fe94421abf2aff
4892,4892,0,1a00dcff20000000f2ffd2ffdcff0c00eaffeaff2c00e2fed4ffe4ff2e000e00,f6fff6ffeafffaffd4ffe2fffaff1a001400e2ff360016000c00eafffcffdcff,dcff0e00f6ff0400eeffeeff14004400eaffeafffeff0c001000eeff26003600,20000000caff06001e00dcffe4ff040060feb24280bf18fec26922c06695ec69
4893,4893,0,fcfffcff20000000e2ff2000dcffdcff1c00faff1c000c001200c6ffeefffeff,f6ffe6ff2c00fafff2ffe2ff5a00faff24000400260006002c000c00dcffccff,dcfffcfff6ff14001000eefff4fff4ffeaff18000c000c00200010000600f6ff,1000defff8ff1600ecffdcff140004008e6916c0f4952269c442fa94f2fd8c42
4894,4894,0,0a002a000000ceffd2fff2ff0c00fcfffafffaffceffeeffe4ffe4ffeeff2e00,0400e6fffaffeafff2ff2e00daff4a00f2ff0400060026000c002c00ccffdcff,fcffdcff1400040000001000040024002800faffeeff0c0020001000f6ff1600,0000defff8ffdafffcff50001400e4ff4243949438fd344342c040fd7c69dabf
4895,4895,0,0a00ecff100010001000e2fffcff0c00fafffaffeefffeffe4fff4ff0e00feff,e6ff0400daff0c00f2fff2ff0a00faff0400f2ff64000600faff0c00ecfffcff,fcff1e000400f6ffeeffdeffd4fff4ff0800faffe0ffe0ff0000000016001600,aeff58001600e8fffcff1e000400f4ff96c024fd126930c0aa94826988430695
4896,4896,0,0a000a000000100010000000fcfffcff0c000c00deff1c0002002200feff1e00,1400f6fffafffaffe2ff2e001a000a00e2ff140016000600eaff0c00fcff0c00,0e000e000400f6ff2000deff04000400faff28001c000c00000010000600f6ff,000030000600f8ff1e00fcffd4ff040094945c693244449570fc1644bcc0f2fc
4897,4897,0,fcff0a00000010004e000000fcff0c00faffdaffeefffeffe4fff4ffeeffdeff,040014000c00faff3e0000000a001a00f2fff2fff8ffd8ff0c00eaffecfffcff,1e00fcfff6fff6ff200000000400e4ffdafffaff0c001c0010001000e6fff6ff,3000eeffcaff54001e00dcfff4ff140084fc9a44f0c0eafc3269a2c0ae949c69
4898,4898,0,fcff1a00eeff00000000f2ff0c00fcff0c001c000c00feff1200d4ff2e003e00,0400f6fffaffeaff20003e001a00faffe2fff2fff8ff0600caff0c00fcfffcff,0e009cffd8ff1400100010001400e4ff2800daffeefffeff1000300016001600,0000ceffdaff1600fcff0e0024000400fc68c6c01495a26866447a945afca044
4899,4899,0,0a002a0010001000e2fff2ff0c00ecff0c001c000c00e2fef4ff0200feff0e00,f6ff04000c001c00e2ffd4ff0a00faff1400140006001600faff2c00dcffbcff,0e00dcff0400e6ffeeffeeff14000400080028000c00feff0000eefff6ff0600,0000eeff1600daffdcff300044002400ea441694dafbd24462c170fc5c693cc1
4900,4900,0,fcff0a001000eefff2fff2fffcfffcff0c000c00deffeeff12001200feffeeff,e6ff0400faffdaffe2ff2e00fafffaff240004002600f8ffeaffeaffdcffdcff,ecfffcfff6ff0400ceff1000f4ff1400280036000c00feff00000000f6ffd6ff,eeff10001600caffecff1e000400c4ff76c100fc606820c15a94326910455e94
4901,4901,0,1a00fcffeeff30001000f2ffecfffcfffaffdaffeefffeff02000200eeffeeff,f6ffd6ff0c00fafff2ff20001a001a000400f2ff160016000c001c000c000c00,0e000e0014001400deff10000400e4fffafffaff2a001c000000000006000600,00002000f8fff8ff1e00dcffe4ff3400c693bc6862454495defac644ecc1aafb
4902,4902,0,0a000a00000000000000f2fffcfffcfffaff0c002c01eeff0200f4ffeeff0e00,f6fff6ff0c00faff20003e000a000a00f2fff2ff260006000c001c00ccff1c00,3e000e00f6ff14001000000014001400280008000c000c00eeff3000f6fff6ff,2000eeffbaff16001e00dcffe4ff2400c2faaa45e0c13afbe26842c34e94fc68
4903,4903,0,1a001a000000ceff00002000fcffccff0c00faffeeffceffe4fff4fffeffdeff,2400f6ff0c00fafff2ffe2ff1a000a00e2ff0400260064000c000c00fcff1c00,fcfffcff040004000000eeff04001400faffdafffeff0c001000100016001600,4000eeffbaff46000e00ecff240024006c6880c2a494406856452a9478fae045
4904,4904,0,fcff2a001000beffe2fff2fffcff0c00dafffafffeffdeff1200f4ffeefffeff,f6ff14000c000c000000e2fffaff1a001400f2ff540036000c000c000c00dcff,fcfffcff1400f6ff1000deff040004001800daff1c000c0000000000e6fff6ff,3000eeff6400f8ffdcff0e001400f4ff8646a693fafac24562c33af98268bcc2
4905,4905,0,fcfffcffeeff1000f2ff0000fcff0c00caffdafffefffeffe4fff4ffeeffdeff,f6ffd6ffeafffaff2e002e00faff0a00e2ff14003600e8fffafffaffecfffcff,fcff1e00f6ff0400ceff00001400f4ff28003600eeffeeff10002000f6ff1600,eeff10004600bafffcff0e0004000400f0c248f9a06722c37893b2684046fe93
4906,4906,0,0a000a000000eefff2ff0000ecfffcffdaff1c00eeffceffc6ff12000e00eeff,f6ff1400eafffaff2e002000faff0a00d2ffe2ff360006000c00faffecff2c00,dcff2e001400f6ff100010000400f4ff080056001c000c0000000000d6ff0600,00003000f8ff06000e000e00e4ff040066932c68ae4654943af9344758c3a8f9
4907,4907,0,2a000a00eeff1000f2fff2ff0c00ecfffafffaffeeffceff020002000e000e00,040004000c00eaff20002e000a00faff04000400f8ff0600faff0c00fcffdcff,ecff0e00140014000000000004003400ccff4600eeffeeffeeff0000f6ff0600,30001000caff46003000fcff3400440098f8f64612c486f9be6782c30e945268
4908,4908,0,0a001a000000eeffe2ff0000fcffecff1c000c001c00eeffe4ff02002e002e00,04000400eaff0c00f2ff20000a00faff14002400160036000c00faffecffacff,1e00fcff1400f6ffeeff0000f4ff140046001800feff0c00eeff100016001600,3000ceffe8ff5400fcff0e00240014008667e2c33494506724475893a8f83247
4909,4909,0,1a002a00eeff0000f2fff2ffdcfffcfffaff1c00eeff0c00e4ff0200deff0e00,d6fff6ff0c000c002e00f2fffafffaff14001400360016000c002c00fcffecff,0e00fcff140014001000ceffd4ff040028002800eeff1c00eeff20001600e6ff,eeffdeff1600e8ffecff40002400d4ff5647569370f85e4720c5baf8f26718c4
4910,4910,0,2a001a0010001000f2ffe2ff0c00fcff1c002c000c001c001200e4fffeff1e00,0400d6ffcaffeaff2e00f2ff0a00faff140004003600d8ff0c000c00fcfffcff,1e002e000400f6ffeeff000014001400280028000c00eeffeeff2000f6fff6ff,deff20005400daffecff1e00f4ffe4ff40c446f8306792c438937e67c247ae93
4911,4911,0,fcffecff00001000f2fff2fffcffecff0c00faffeefffeff020022003e002e00,e6fff6ffdafffaff0000f2ff0a000a00f2ffd2ff46003600eaff0c00fcffccff,0e001e000400f6ff0000eeff04001400360028001c00eeffeeff0000d6ff1600,00001000f8ffe8ff1e00fcfff4ff0400469386676e47149496f7a447f0c4d6f7
4912,4912,0,1a000a0000000000e2ffe2fffcfffcfffafffafffeff0c00f4fff4ff0e00deff,24001400faffeaff2e00f2fffaffeaffd2ffe2ff160006000c00faffecfffcff,1e00fcff04002200100000002400e4ff280018000c001c000000eefff6ff0600,0000deffe8ff46000e00dcff24002400e0f63c4860c5fef76e6780c68e93c267
4913,4913,0,0a00fcff0000cefff2ff0000dcff0c000c00faffe2fedeffe4ffc6ff0e000e00,14001400dafffafff2fff2ff0a00faff140014003600d8fffaff0c00dcff0c00,0e00fcff0400f6ff10000000f4ff14001800fafffeff1c0010000000f6ff0600,1000ceffcaff4600fcff0e0014000400466778c514940067c848689366f73248
4914,4914,0,2a001a001000eeff0000f2ffecff0c000c00faffeeff0c0040000200fefffeff,04000400fafffaff2e000000daffeaff0400f2ff260026001c000c00fcffecff,1e00fcff0400040000000000f4ff14002800fafffefffeff0000eeff1600f6ff,eeffeeff06001600dcff0e0024000400ac48e6923ef76e4860c646f6826740c5
4915,4915,0,0a001a00eeff00000000d2fffcffecff2c001c001c000c00020002002e000e00,e6ffd6ff0c00daff0000e2fffafffafff2ff2400060016001c002c00ecfffcff,fcff1e00040004000000000004000400eaff36001c00eeffdeff100006000600,deff00001600e8ffecff5000f4ff2400fcc6a0f69266b0c5f8924e674c49f292
4916,4916,0,fcfffcffeeff20000000e2ff1c000c000c000c00deff2c00e4ffe4ff0e000e00,040004000c00fafff2fff2fffafffaffe2fff2ff26000600fafffaffdcff0c00,fcff0e000400e6ff10001000d4ffe4ffeaffdafffeffd0ff00000000f6fff6ff,deff3000f8ff06001e00fcffe4ff2400e692f666ae48b493f6f5aa4960c6def5
4917,4917,0,1a001a00100020000000e2ffecfffcfffaff2c00deff2c00c6ff1200eeff1e00,14001400daffcafff2ff0000fafffaff04000400e8ffd8ffeaff0c00ecffdcff,fcffdcffe6fff6ff000000000400040028001800feff1c000000000006000600,10000000caff06001e00dcffd4ff140044f57c49dec680f60e67c0c6f2922267
4918,4918,0,1a000a00eeff0000f2ffe2ff0c001c00faff1c00eeffeeffe4ffe4fffeffeeff,0400f6fffaffeaff2e00e2ff0a00fafff2ff0400160016000c000c00acfffcff,0e000e0004001400eeff000004000400faff1800fefffeff3000100006003600,1000eeffdaff0600fcffdcfff4ff140096664cc7749372661e4a98927ef5da49
4919,4919,0,2a00fcffeeffeefff2ffe2ffdcfffcff0c001c00e2feeeff3000f4ff0e000e00,140004000c001c000000d4fffaff0a00f2fff2ff26001600eafffaff1c000c00,2e00fcff040004001000eeff040014000800faff0c001c00100000000600f6ff,0000deff1600f8ffecff300004000400364aa69252f5fe4830c796f5d26618c7
4920,4920,0,0a00fcffeeff00001000f2fffcffecff2c00daffe2fe0c000200e4ffeeffdeff,1400d6fffaff1c003e00f2ffeafffafff2ff0400260016000c00fafffcfffcff,0e000e001400f6ff1000eeff14001400faff08000c001c0020004000f6ff0600,eeff00001600dafffcff1e00040014008cc724f542660ec7f8926e663c4ac292
4921,4921,0,fcff1a00eeff00000000f2ff0c001c000c00faffdeffeeffe4fff4ff2e00feff,140014001c000c002e0020000a001a00f2ffe2ffd8ff0600fafffaff0c000c00,fcff1e00f6ff14000000100024001400280018000c000c000000200016003600,100010000600f8ff1e000e000400240056927666644a7493c6f43e4a22c886f4
4922,4922,0,1a000a00eeff000000000000fcfffcfffafffafff2fefeff1200e4ff2e000e00,040014001c000c00200020000a000a0004000400060006000c00fafffcfffcff,0e001e00f6ff1400deffeefff4ff0400eaffeafffefffeff000020000600f6ff,20000000baff46003000caffd4ff440048f3a64aaec7b2f49e6684c8c292a266
4923,4923,0,0a002a00deffeefff2fff2fffcffecff0c001c000c00feff40001200eeff2e00,04001400faff0c000000e2ff1a000a00f2ff140016000600eaff1c00fcfffcff,0e00ecff1400e6ffdeff00001400f4ff18001800feff1c00200020002600f6ff,0000eefff8ff0600ecffecff44000400266672c86693a465de4a9892b6f34e4b
4924,4924,0,1a000a000000eeffd2ff1000fcffdcfffafffaff1c001c00300002002e002e00,f6ffe6ffeafffaffe2ff2e00fafffaff0400f2ff540036000c001c001c001c00,0e00fcff14002200eeffeeff04001400eaffeafffeffeeff0000deff0600e6ff,deffeeff06000600ecff30001400e4ff984b5692c4f3e44a34c9f4f24c66c2c8
4925,4925,0,0a000a002000eefff2fff2fffcff1c000c002c000c00feffe4ff1200feff3e00,24002400fafffaff0000d4ff1a001a00f2fff2ff260054002c000c00fcfffcff,dcffecff2200f6ffdeff10000400240018003600feff1c00eeff100026001600,eeff1000daffcaffdcff0e000400e4ff62c928f334653cc848927e66be4ba292
4926,4926,0,0a000a00eeff1000f2ffe2ffdcffccfffafffaffeeff0c00400012000e00feff,14000400eafffaff000000000a000a00f2ff0400360016002c00eaffecff1c00,0e000e00e6ff040010000000040014003400f8fffeffeeff00002000f6ffe6ff,eeff2000f8fff8ff40000e00f4ff040046927a65244b169304f35e4c4cc964f2
4927,4927,0,0a00ecff1000eefff2ff00000c00ecff1c00faff0c001c00f4fff4ffceff0e00,1400f6ff0c00faffe2ff3e00eaff0a001400140006000600eaff1c00bcffdcff,9cff2e00f6fff6ff10000000d4ff14002600f8ffeeff0c001000eefff6ff1600,30000000f8ffe8fffcffcaff0400e4ff38f2384c6cc968f0ce65a4c96292c065
4928,4928,0,0a00fcffeeff10004e003000ecfffcff0c001c00fefffeff02000200eeffeeff,e6ffe6ffeafffafff2ff3e001a00faffe2fff2ff0600f8ff0c002c00fcfffcff,0e000e001400140010001000f4ff04000600d8ff2a00feff0000eeff1600f6ff,1000beffe8ff16000e00ecff2400e4ff4a652cca169324659e4c929124f27e4c
4929,4929,0,0a000a00ceff1000d2fff2ff0c000c00faff1c00eeffeefff4fff4ffdefffeff,14001400daffeafff2ffe2ffdaff5a00e2ffe2ff26002600fafffaffdcff0c00,0e001e000400f6ff0000deff14001400f8ff2600eeff0c00deff10000600e6ff,eeffdeff16000600dcff1e002400e4fffc4cfc91e8ef044c48cab0f13065fcc9
4930,4930,0,2a000a00100000001000f2ff0c00fcff0c00cafffefffeff020002000e00ceff,f6fff6fffafffaff2e00e2fffafffaff14001400160036000c00faffecffdcff,9cffecff0400f6ffeeff000014000400e8ff26000c00e0ffeeffeeff0600f6ff,eeff30001600e8ffecfffcfff4ff0400acca3ef1b464ccc936924e65e64c3292
4931,4931,0,1a000a00000020003e00f2ffdcff0c00cafffafffefffefff4ff0200deff0e00,04000400fafffaffe2ff4c00eaff0a00f2fff2ff360016002c000c00ccff1c00,0e003e00040004000000100004000400e8ffe8ff0c00eeffeeff0000e6ff1600,00003000160006001e00fcfff4ff1400ac915a65b24cd69200f1ce4c9cca44f1
4932,4932,0,fcff0a00eeff000010000000ecfffcff2c00dafffeffeeff1200e4fffefffeff,e6ff0400faffeaffd4ffd4ffeafffafff2ff240036003600faff2c00dcffecff,1e000e00f6ff1400eeff2000340004003400e8ffe0ff0c00200010002600f6ff,eeffeeffcafff8ff1e00ecff040014002cf07c4d9cca40efc064aacce291d064
4933,4933,0,1a002a002000ceff0000f2ffecff0c001c000c001c00eeff0200e4ffeeffeeff,0400f6fffaffdaff3e00e2fffaff0a00f2ff1400460036000c000c00ecfffcff,1e00fcffe6ff0400eeffdeff240014002600e8ff0c000c00eeff00003600f6ff,68001000daff4600fcffdcff24001400da641ecc90922464ce4d92916af0aa4d
4934,4934,0,0a000a000000000000000000fcffecff0c000c000c000c00e4ff1200feffeeff,140004000c00eaff0000e2fffafffaff040004003600f8ff0c000c00ecffdcff,2e001e00f6ff04001000100004000400260006001c002a00100020001600e6ff,1000eeff0600f8fffcfffcff2400c4ffbc4d8c9170ee024deacb7cef586488cb
4935,4935,0,fcff1a001000eeff20000000fcff0c000c00faffe2feeeffd4ffd4fffeffeeff,04000400faffeaff10002e000a00faff04001400360026000c000c00acffdcff,8cffdcff14000400deffeeffe4ff2400d8ff16000c000c0000000000f6ff0600,deff20004600caffecff3000f4ffd4ffa2cc0cf044642ccb929190644a4e0292
4936,4936,0,0a00fcffeeff0000f2fff2ff0c00ecfffaff0c00feffeeff02000200eeffeeff,1400f6fffaff0c002e002e000a000a00040024000600e8ff0c001c000c00ecff,fcff0e00e6ff14000000deff040004000600f8fffeffeeffeeff0000f6ff0600,ceff5800daffdaff0e001e00e4ff34007c916a64a24d90921cefbe4ef0ccbaef
4937,4937,0,0a000a002000eeff1000d2ffecffecfffaff2c00defffeff0200d4ff0e002e00,14000400faffeaff0000f2ffeaff0a0004001400e8ff3600eaff0c001c000c00,9cff0e0004000400deffeeff04000400060006000c001c0020000000f6ff0600,20001000daff16000e00cafff4fff4ff16efc84e52cc04ee1064daccb2913864
4938,4938,0,0a00dcff0000eeff0000f2ffecff0c001c000c000c00feff0200f4ffeefffeff,0400e6fffaff0c00f2ff0000fafffaff0400f2ff06003600fafffaff0c00ecff,2e000e002200f6ff0000eeff0400f4ffe8ffd8ff1c00eeff000010000600f6ff,2000defff8ff1600ecffdcfff4ffd4ffd66312cd7092b663ae4e729178eee04e
4939,4939,0,fcff0a00eeffeefff2ff10000c00fcfffafffaffdeff0c00f4ffd4ffeeff2e00,04000400eafffaff1000f2ffeaff1a00f2fff2ff1600f8ff0c000c00ecfffcff,fcfffcff0400040000000000f4ff2400baffcaffeeff1c00deff00000600f6ff,eeffdeff1600f8ffecff1e002400f4ff784f7c9124ed904e7acdfceeb86300cd
4940,4940,0,fcfffcff00000000f2ff00000c000c00faffdaffeeff1c00f4ff3000feff3e00,f6ffe6ffdaffdaffd4ff20005a001a0014000400460016000c000c00ecffecff,1e000e001400f6ffdeffeeff14001400d8ff0600fefffeff0000100016001600,eeff10000600daffecff1e003400e4ff3ece56ee4663d2cc62911e63904fb291
4941,4941,0,1a00ecff00000000e2fff2ffdcfffcfffaffcafff2fee2fe02001200feff1e00,040014000c00daff3e00f2fffaffeaffe2ff04003600e8ff0c00fafffcfffcff,ecff0e002200f6ff0000000004001400e8ff0600eefffeff00001000f6fff6ff,deff58000600e8ff0e000e00d4ff14007c912463f84e50924cee3e4ff0cd18ee
4942,4942,0,1a00fcffdeff0000f2ff0000ecff0c000c00dafffeff0c00e4ffe4fffeffdeff,0400f6fffafffaff200010000a001a00f2ff2400060016000c000c00fcffdcff,0e000e0004001400eeff100004001400e8ffe8fffeffeeff0000200006000600,00005800caff06001e00dcffe4ff04002ceca84fd2cd14ec0e63eacec2917863
4943,4943,0,fcff2a001000eefff2ff1000ecfffcffdafffaff2c002c00e4ff1200eefffeff,14002400daff1c000000d4fffafffaffd2ff14000600f8ff0c002c00dcffecff,9cffecffe6ff1400000010001400f4ffbaff0600eeff1c001000eeff06000600,eeffbeffdaff54003000ecff340004009462dece0092d662ae4f5291d8ecb04f
4944,4944,0,fcffecff00000000100010000c00dcff1c000c00deff1c00e4ff0200fefffeff,040004000c00daffe2fff2ff1a001a001400e2ff160026000c002c00ecff0c00,dcff0e00f6ffe6ff1000eeff2400240016001600feff0c00eeff000006000600,0000eeff1600e8ffecff30004400d4ff8e501c9146eb764fface6cece862d8ce
4945,4945,0,fcff0a001000eeff2000f2fffcff0c00faff2c00fefffefff4ffd4fffeffdeff,f6fff6fffaffdaffd4ffd4ffeaff0a001400040016001600eaff2c00ecff1c00,fcfffcff0400f6ffeeffeeff1400040016003400eefffeff0000deffe6ff0600,eeff30004600caffdcffecff1400f4ff1ecf2cecb66202ce2291ce62b0509291
4946,4946,0,fcfffcff0000eeff000010000c000c00faffdaffe2fe0c0030000200defffeff,0400f6ff2c000c00f2ff4c00eaffdafff2fff2ff2600f8ffeafffaffacfffcff,9cff2e0014001400eeff200004001400caffcaff0c00eeff000000000600d6ff,eeff30000600daff1e000e00f4ff24000c915462f64f20927cecc25058cf20ec
4947,4947,0,fcfffcff10000000200010000c00ecfffaff2c00deff1c00e4ff1200deffeeff,04001400faff0c0020002e000a00eaff04000400f8ff46001c000c00fcff1c00,0e000e001400140000000000f4ff2400f8fff8fffeff0c00300010001600d6ff,20000000daff24000e000e0004000400feea9e50dece86ea6e628acf42919c62
4948,4948,0,fcfffcff00000000d2ffe2ff0c000c000c001c00f2fe0c0040000200eeffeeff,1400e6ffcaffbaff3e00e2ffeaff1a001400e2ff060046001c00cafffcfffcff,ecff0e00140004000000eeff1400040026000600eeffeeff3000000016002600,2000deffcaff16000e00caff24001400c86134d0f09126626251f29030eb4a51
4949,4949,0,fcfffcff00000000f2fff2ffecfffcfffaffcaff1c00f2fee4ff3000feffeeff,14001400eaff0c00e2ff1000eaff4a000400f2ff4600d8fffafffaffecfffcff,0e000e00f6ff0400deffeeff0400f4ff0600f8ff0c000c0000002000e6ffe6ff,100000001600e8ffdcfffcff0400c4ff5e51ec900eea9252bed00cecec6182d0
4950,4950,0,0a001a000000eeff10001000dcfffcfffaff1c00eeffeeff02000200fefffeff,140004000c000c002000f2ff0a00eaffd2ff04000600f8ff0c000c00ccffecff,0e000e0014001400ceff10001400f4fff8ff2600feff0c0000001000f6fff6ff,deff3000f8fff8fffcff1e002400a4ffa4d07eeae6618ecf32911e62ca513291
4951,4951,0,0a002a000000eeff1000e2fffcfffcff1c00daff0c00eeff0200d4fffeff0e00,1400e6ffeafffafff2ffd4fffaff1a00e2ff1400060026001c000c00ecffecff,0e009cff04001400000020001400f4ff0600f8fffeff0c0030001000f6ff0600,eeff3000f8ff06003000ecffe4ff3400fc9058613253c0917ceb32512cd184ea
4952,4952,0,1a00dcff0000000020000000ecffdcff2c00faffeeffeeff1200f4ff1e00deff,14000400fafffaffe2fff2ff0a00eaff0400f2ffe8ff4600eaffeaff0c00ecff,0e001e000400f6ff10000000f4ff04000600f8fffeffe0ff3000000006000600,10000000e8ff06001e00fcffd4ff440032e9be516ed0aee84a6132d22291dc61
4953,4953,0,1a00fcff00000000d2fff2ffecff0c00fafffafffeff0c003000f4ff2e00eeff,e6ff0400eafffaff000000000a000a00e2ff14001600f8ffeaff0c000c00ecff,dcff1e001400f6ff0000deff14002400160006001c00feff1000200006000600,2000cefff8ff1600fcfffcff24000400f86074d1b09160614652d290a4e98a52
4954,4954,0,0a000a001000defff2ffe2ffecfffcffdaff1c00eeff0c003000f4ffeefffeff,d6ffd6fffafffaffd4ff3e00faff0a00c0ff0400160026000c000c00fcffdcff,9cfffcff140004000000eefff4ff14002600d8ffe0ff2a0020002000f6ffe6ff,eeffdeff16000600ecfffcff2400e4ffc852cc908ee8925322d25ce85c61bcd1
4955,4955,0,dcff0a001000eeff00002000ccfffcff2c00faff0c00eefff4fff4ff2e000e00,d6fff6ff1c00faffd4ff3e001a00faffe2fff2ff2600e8ff2c001c000c00dcff,9cff1e00f6ff0400deffeeff04002400e8ff34000c000c001000100006003600,eeff00001600caffdcfffcffe4ffc4ff2ed2d2e8d2604ad1b2902a611653f890
4956,4956,0,1a00fcff000000000000f2fffcffecff0c002c001c00eeff120012001e000e00,e6fff6fffaffdaffd4ff3e00faff0a00e2ff0400e8fff8fffaff0c000c000c00,fcff0e00e6fff6ff0000000004002400caff06001c000c003000deffd6ff0600,ceff68000600e8ff3000ecff14004400cc90c8607254a0914ce8ec537cd214e9
4957,4957,0,0a00fcff10000000f2ff0000fcfffcff1c000c00ceffeeff020002000e00eeff,e6ff0400faff0c00e2fff2ff0a00fafff2fff2ff36001600fafffaffecfffcff,fcfffcff140022002000deff24000400e8ffd8ff0c001c00eeff2000d6ff2600,10001000daff06001e000e00b4ff240002e81a53bad100e70a6182d2c890dc60
4958,4958,0,fcfffcff00001000f2ff0000dcff0c00dafffaffd2feeeffd4ffe4ffdeff2e00,d6ff1400faff1c004c003e00faff4a0014001400360006002c00eaffecff2c00,1e00dcff14001400eeffcefff4ff0400f8ff06000c000c0030002000f6ff1600,1000cefff8ff1600fcff0e0004001400486000d3c091b2600c54b2900ae87653
4959,4959,0,0a000a00deff0000200000000c00fcff0c00faffeeffe2fed4fff4ff3e00feff,f6ffd6fffaff0c00e2fff2fffaff0a000400f2ff260046000c000c00fcfffcff,1e00fcff0400f6ff10000000e4fff4fff8ff34001c001c00400020000600e6ff,0000eefff8ffdaffecff30002400e4ff9a539c90b0e6d25424d498e79260bed3
4960,4960,0,1a001a00deff20002000e2fffcff0c001c00faffdeffdeffe4ffc6ff0e000e00,040014001c001c002e0000000a00faff0400140006000600faff1c00fcffecff,1e00fcff22000400eeffeeff14001400060006001c00feff00002000f6ff0600,000010001600daffdcff1e0034000400d0d3fce6526010d5b2901a606654c890
4961,4961,0,1a001a0000001000d2ffb2ff1c000c00fafffaffeeffdeff0200e4ffdeff3e00,040014000c000c00f2fff2ff4a000a00f2ffe2ff360006000c002c000c00ecff,0e00fcff0400f6ffceffeeff14000400e8ff26001c00feff10004000f6fff6ff,deff30000600daff0e00fcffe4ff0400ac9038603055909188e65c54eed34ae7
4962,4962,0,fcffecffdeff00000000d2ffecfffcffcafffaffeeffdefff4ff0200feff0e00,f6ff04002c003c000000f2fffaffeaff1400f2ff36005400eaffcaff0c000c00,9cffdcff040014000000deff14000400f8ffe8ff1c001c002000eeff1600d6ff,eeffeeffdaff54003000dcff040024006ce6e654c0d5c2e5b65f04d56890ba5f
4963,4963,0,1a00fcff00000000f2fff2fffcffecfffafffafffeffeefff4ff22002e00eeff,f6ffe6ff1c00fafff2ff20000a000a00e2fff2ff060046001c000c00ecff0c00,0e000e00f6fff6ffeeffeeff2400f4ff16000600fefffeffeeff200006000600,1000defff8ff1600fcffecff24000400d85f5ed4b0918c5fac54f29028e65654
4964,4964,0,1a00fcffeeff000000000000fcfffcfffafffaffeeffeeffe4ffe4fffefffeff,f6ffd6ff0c000c00f2ffe2ff0a00faff0400f2ff260046004c001c00dcfffcff,1e001e000400040010000000f4ff24001600e8fffefffeff0000eefff6ff1600,3000eeff06004600dcff1e004400140026559c9044e59055f4d41ae58a5fc6d4
4965,4965,0,ecffecff00001000f2ff10000c000c00faff1c00e2fe0c00d4ffe4ff0e00feff,1400f6ff0c001c00f2fff2fffaff1a002400e2ff460036000c001c00ecffbcff,fcff1e00f6ff1400eeffeefff4ff0400f8fff8ffeeff2a0000003000f6ff0600,deff2000f8ffcaffecff1e002400f4ff8cd52ce6ac5ff0d5c290965fce54a890
4966,4966,0,1a000a00100010000000f2fffcffecfffafffaffe2fee2fed4fff4ff0e000e00,d6ffe6ff0c000c00d4fff2ff1a00faff04000400460026001c002c00dcffecff,0e008cff140004000000000004000400f8ffe8ffeefffeff3000300006001600,eeff1000dafff8ff4000fcffd4ff14008c90125f3e568091eae43c5686d578e5
4967,4967,0,1a00fcff1000defff2ff0000ecffecff0c001c00e2fe0c00f4ffd4fffeff0e00,04001400faffeaff0000e2ff0a000a0036000400160064000c001c000c00ecff,2e000e000400f6ffeeffeefff4ff2400f8ff0600feff0c001000deff06000600,10000000dafff8ff1e00ecfff4ff2400e0e4b655fcd634e4365f84d6b8900a5f
4968,4968,0,0a001a001000000000002000fcfffcff1c00caffeeffeeff020002002e00feff,e6ffe6ff1c00eaff000000000a001a0004000400260046000c00faff1c00fcff,0e000e00140014000000000004001400caffcaff0c00feff10001000f6fff6ff,7800deffcafff8fffcffdcff24000400c25ea8d6a091e45e0c566290d8e48e55
4969,4969,0,fcff2a00eeff0000f2ffe2fffcffecff1c00faffeeffdeffe4ffe4ff0e003e00,14001400eaff0c00f2ffe2fffaff1a0004000400e8ff1600faff0c00ccffecff,0e000e0004000400deff0000a4ff1400f8fff8ff0c000c000000ceff0600f6ff,1000eeff1600f8ffdcff0e000400e4ff62568c9054e3ae5684d63ae4725e56d6
4970,4970,0,0a001a0000000000f2ff20000c00ecff0c00eaff0c00eefff4ff12000e00feff,0400f6ff0c00fafff2fff2ff0a00faff1400f2fff8ffc8ff0c00eafffcffccff,2e009cff04000400100000001400f4fff8ffe8fffeff1c00100000000600f6ff,ceffeeff1600e8ff1e001e00e4ffe4ff78d77ae3645eacd75290465e1e567890
4971,4971,0,0a00fcff20002000f2fff2fffcfffcff0c000c00feff0c00f4ff0200eeff2e00,0400f6fffafffaff2e00d4fffaff1a0024001400060026000c000c00fcff1c00,1e00fcff14000400ceffceff14001400e8fff8ffeeffeeff20003000f6ff0600,ceff0000dafff8ff1e001e00040024004c90425e3e57709148e37c567ed7e0e3
4972,4972,0,0a00fcffeeff0000e2ff0000fcfffcffdaffeaff0c00eeffe4ff02001e00feff,24000400faff0c0010002e000a000a00f2ff04000600e8ff0c000c00dcffdcff,0e000e000400e6ff00001000140004002600f8fffeff0c0030000000e6ffe6ff,20000000caff16001e00fcffc4ff44002ae392564cd804e3365e48d88890e25d
4973,4973,0,ecfffcff10000000e2ffe2ffecffecff1c00daff0c002c00f4ff0200deff0e00,f6ff14001c000c002000e2ff0a000a00d2fff2fff8ff06000c00fafffcffecff,fcff0e00140014002000eeffd4ff0400e8fff8ff1c000c00eeffdeffe6fff6ff,30000000e8ff1600fcffcaff1400f4ffa65d2ed87091b85d0c57329040e37e56
4974,4974,0,1a00fcff0000eeff000000001c00dcfffaff1c00e2fe0c00d4ffd4ff1e000e00,d6ffe6fffaffeaff2e00e2ff1a000a00f2ffe2fff8ff06000c00eaff1c00fcff,9cff0e00f6fff6ff10001000e4fff4ffe8ff06001c00feff10002000f6fff6ff,0000eeff16000600ecff30001400f4ff52576c90f0e1645878d8a4e1a25d4ed8
4975,4975,0,ecfffcff0000eefff2ffe2ffecff0c00faffcaff2c00eeff1200f4ffdeff0e00,0400f6ff1c000c0020001000faff5a0014000400d8fff8ffeaffeaff1c00fcff,1e001e00220004003000eeff04000400f8ff06002a001c000000eeff06003600,ceff30002400caffecff1e000400f4ffded80ae2685d5cd9be8f065ef6567890
4976,4976,0,ecffecff00001000000000001c000c000c000c001c00deff020002002e00feff,e6ffe6ffeaffeaffe2ff20001a00eaff0400f2ff360016001c00fafffcff0c00,bcff9cff0400f6ff100000001400f4ff260016001c00feff00002000f6fff6ff,deff2000f8fff8ff1e00fcffe4ff24004c90165d8458509194e1905820d9b4e1
4977,4977,0,ecfffcff20002000f2ffe2ffecff1c00faff1c000c00eeffd4ffe4fffeff2e00,f6ff04001c000c00e2ff0000eaff1a00e2ff140046003600faffeaffdcff2c00,fcfffcff140022001000eeffe4ff0400bafff8ff0c000c001000deff06000600,10001000cafff8ff0e00ecffe4ff1400fee0285858da02e1565da8d81890125d
4978,4978,0,0a00fcff00000000e2fff2ff1c00fcfffaffcafff2fefeff0200f4ff2e00eeff,04000400eaff0c00f2fff2ff1a00faffe2ffe2ff160046002c000c00ecffdcff,fcff0e00040004001000200004001400e8fff8ffeefffeff3000300006000600,6800deffdaff16001e000e0004000400f65c08da1a91c85c30584290a4e1d657
4979,4979,0,fcff1a00100000001000e2ff0c000c00daff1c00eeff0c00e4fff4ff1e00ceff,e6ff14000c000c000000d4ffeaff0a001400e2ff36002600faff1c00fcfffcff,0e001e003200f6ff0000100024001400d8ffe8ffeefffeffeeffeefff6ff1600,eeffeeff06000600dcff0e000400f4ff48586c9082e0e45848d9f4e0e25c00da
4980,4980,0,0a00ecff0000eefff2ff1000ecfffcff0c000c00eeffd2fee4ff02000e000e00,1400f6fffafffaffe2ff3e000a000a0014000400060046002c002c00ecfffcff,ecff0e001400f6ff00000000f4ffe4ff06001600d0ffeeff10001000f6ffe6ff,beff00006400f8ffecff30000400d4ff9ada7ee0b85c28db4290965c78581890
4981,4981,0,0a00ecff100020001000e2ffecfffcffcafffaff0c000c000200c6ff0e000e00,d6fff6ffeafffaff2e00f2ffeaff0a00f2ff2400160036000c00eafffcfffcff,fcffdcff140014001000ceff0400f4ff0600d8fffefffeff2000000016000600,beff20001600e8ff30000e00d4ff04003c90765c54595091c0df505890da12e0
4982,4982,0,1a00fcff20000000000000000c00ccff0c00fafffeffe2fe220012002e000e00,2400f6fffaffeaffe2ff2e001a00faff240014000600b8ff1c000c00fcffecff,dcffecfff6fff6ff00001000040004002600d8ffd0ffeeff1000deff36000600,1000deffcafff8ff3000fcff14002400dedf985838dbc2df165c5cdb38901a5c
4983,4983,0,0a001a0010000000f2ff0000dcffecff1c000c00e2feeeff0200e4ff0e002e00,04002400faff0c002000e2ffeaff2a00040014000600f8ff0c000c001c000c00,0e000e00f6ff0400deffeefff4ff1400060034001c000c00eeff0000f6fff6ff,5800eeffdaff06000e00ecff14001400225c0adb4091285c50596290c2dff858
4984,4984,0,fcfffcff0000deffd2fff2fffcfffcfffafffaffceffdeff020012000e000e00,2400f6ffeafffaffe2ffe2ff0a001a00f2ff040016000600eaff0c001c002c00,1e001e00140014000000eefff4fff4ff34000600feffeeff000010000600e6ff,1000deff06002400dcff1e000400d4ff18595c9084df0a5ae0dbf0de9a5b50db
4985,4985,0,ecff0a00000020001000f2ffccfffcffdaffcaffeeff0c00400012001e00deff,04001400faffeafff2ffe2fffaff0a00f2ff0400460054002c00faff5c00fcff,1e000e00f6fff6ffdeff0000f4fff4fff8ffe8ff1c000c000000deff16000600,deff20007200e8ff0e003000c4ffc4ffdadb48df585b38dc3290d65b38596890
4986,4986,0,fcffdcffeeffdeff0000f2fffcffecff0c000c000c000c00020012002e003e00,1400d6ff0c00faff2e000000fafffafff2fff2ff3600e8ff0c001c000c000c00,fcffdcff14002200eeff00000400e4fff8ffe8ffeefffeffeeff3000f6ff0600,eeff1000daffdaff1e001e00f4ff04003c90925b4a5aea90a0de745a42dc6ade
4987,4987,0,dcff1a001000eefff2fff2fffcffdcfffaff0c00eeffe2fe1200f4fffeff0e00,140014000c00eaff0000e2fffafffaff0400140026001600eafffafffcff1c00,fcfffcff040004000000eeff04000400f8fff8ff0c00eeffeeffdefff6ff1600,5800eeffcafff8ff3000ecffe4ff040098de225ae6dc56de645b80dc38904a5b
4988,4988,0,fcfffcff1000eeff20000000ecffecfffaffcaffeeff1c01f4ff12004e000e00,0400f6ff0c00faff3e000000faff0a00f2ff0400060006000c00caff0c00ecff,dcfffcff0400f6ff1000eeff14001400d8fff8fffeffeeff40002000f6ff1600,1000ceffdaff54001e000e0024000400b45aecdc0a91485bd0593290caddb859
4989,4989,0,0a000a00eeff1000e2fff2ffecff0c00fafffaff0c000c00c6ff1200feff2e00,140004000c00faff2e00d4fffaff0a0004001400060036000c00faff0c00dcff,bcff9cfff6ff1400000000001400f4ff2600d8fffeffeeff0000300006001600,1000000046000600dcff40004400f4ff225a3c90c6ddda5a60dd30deae5a0add
4990,4990,0,ecfffcff20000000e2ffd2ffecfffcff0c00faff1c001c0012000200eeff2e00,e6ff1400dafffaff0000e2ffeaffdaff36000400160036000c001c00dcff0c00,1e009cff1400f6ffeeff1000f4ff0400d8ff3400eefffeff300010000600f6ff,eeff00000600cafffcff3000e4ffc4ffacdd2cddca5a06de3290a45a285a5890
4991,4991,0,fcfffcff2000eefff2ffd2ff0c00fcff0c000c002c000c000200f4ffcefffeff,140004000c00eaffe2ffd4fffaff0a001400f2ff16000600eaff0c000c00fcff,fcfffcff04000400eeff000004003400260026000c00eeffeeff2000d6ff3600,10005800f8ffe8fffcff1e00040024006c90325a685b1a91b0dc845afaddfadc
4992,4992,0,fcff1a0000002000f2ff0000fcfffcfffaffeaff1c00feff120002003e00eeff,0400e6ffeaff0c00e2ffd4ffeaff0a00f2ff240046004600eaff2c001c00fcff,dcfffcff140004001000100014001400160026000c000c0030002000e6ff1600,eeff1000daff54003000dcffd4ffd4ffccdcb45a26dea8dc545ad0de18902e5a
4993,4993,0,fcfffcff000000000000f2fffcffecfffaff1c000c000c00f4ff02000e001e00,04000400fafffaff200000000a00eaff0400140046003600faffeaff0c00ecff,1e00fcff0400e6ff000010002400e4ffe8fff8fffefffeff200010000600d6ff,1000deffdaff16000e00ecff4400f4ffa85998de80915a5a345b629052dcbe5a
4994,4994,0,fcff0a00deffdeff00000000ecffecff0c00faffeeffeefff4ff0200fefffeff,f6ff14001c002c004c00d4fffaff0a00f2ffc0ffd8ff16000c00eafffcff1c00,ecfffcffe6ff0400eeff1000f4ff0400d8ff2600eefffeff00000000f6fff6ff,0000eeff46000600cafffcff44000400045b6c9018dc585be0deccdab859cade
4995,4995,0,fcff2a00100000001000f2fffcfffcfffafffaffeeff1c00f4ff0200fefffeff,040014000c000c00f2ffc4ff0a00fafff2fff2ff1600e8fffaff0c00dcffccff,2e000e000400f6ffdeff0000040014001600d8fffeff0c0030002000f6fff6ff,deff30001600daffbaff30002400040078df4adb0a5a14df4290c059aa5b8890
4996,4996,0,fcfffcffeeff1000f2ff3000fcfffcfffaffcaffceffeeffe4ffe4fffeff0e00,e6ff04000c00faff2e002000caff5a00f2fff2ff260036001c00faff0c000c00,fcff0e0022001400eeffeeff0400f4ffe8fff8fffefffeff20000000e6ffe6ff,deff2000e8ffe8ff1e000e00040004004c902859485c60918cda565c42df62db
4997,4997,0,fcff1a0020001000e2ff1000fcffdcff0c00eaff1c00eeffb6ff02002e00eeff,24000400fafffaff3e00e2ffeaffeaff1400f2ff260026000c001c00fcfffcff,2e000e0004001400deff0000f4ff0400f8ff2600feff1c0040002000f6ffe6ff,20000000daff16001e00fcffd4ff4400aadad25b22e038db405940df68900859
4998,4998,0,fcffecffeeff0000e2ff00001c00fcffdaff0c00e2feeeff12000200eeff0e00,140004000c00faff0000d4ff1a00fafff2fff2ff3600d8ff2c001c00ccffdcff,dcff0e002200f6ff1000deff14000400e8ff0600eeff1c0010003000f6fff6ff,6800eeffdaff1600faff0c0004000400b8583ee060918459065c829090dafa5b
4999,4999,0,fcfffcff0000eeff0000f2ff0c00ecff1c000c00e2fedeff12000200feffdeff,140014001c00faffd4ff2000fafffafff2ff14005400e8ff0c001c00ecff0c00,fcfffcff1400040010002000d4ff0400160006001c00eeff100000000600f6ff,1000000006000600daff1c002400f4ffa65c4c9098da785c64e09cdac85832e0
5000,5000,0,fcfffcff00000000f2fff2ffdcff0c00eafffaffeeff02fff4ff1200feff0e00,f6ff14001c00eaffe2ff20000a00faff0400040016001600faffeaff9cffecff,1e009cff0400040010002000e4ff04002600f8ff1c000c00200010001600f6ff,deff100046000600daff1c00f4ffc4ffbee08ed9d45822e1329080582a5c3890
5001,5001,0,ecffecff0000eefff2ff0000fcfffcff1c000c001c00e2fe0200f4fffefffeff,f6fff6ff0c00fafff2ffe2ff0a000a000400e2ff360016000c00fafffcfffcff,1e002e001400e6ff1000eeff14002400080028001c00feff20000000f6ffe6ff,deff20000600e8fffaff2c00140014004c903858e85c609198d9465ce4e0f0d9
5002,5002,0,fcffecff00001000e2ff10000c00fcfffaff0c00deffceffe4fff4fffeffdeff,14002400eafffafff2ffd4ff1a001a00e2fff2ff26000600fafffafffcfffcff,2e002e00e6fff6ff1000100014001400eafffafffeff0c0010000000e6fff6ff,10000000caff06001c00eafff4ff24002ed9c65cb2e1d4d9205848e23890f657
5003,5003,0,ecff0a00100000001000e2fffcff0c00cafffafffeffeeff12000200feffeeff,040014000c000c003e00e2ffdaff0a001400e2ff160006001c00fafffcfffcff,fcff2e0014001400eeffeeff14000400faffeaff1c001c0000001000d6ff0600,1000deffbaff54002c00eaff2400040028588ee1ea90e458365d529080d9125d
5004,5004,0,bcffecffdeffeeff10001000fcffdcffcaff1c00eeffeeffe4ffe4ff0e000e00,3200d6fffaffdafff2ff2000eafffaff0400e2ff3600f8fffafffafffcffdcff,dcff0e0014000400eeff0000f4fff4ffdaff0800eeff660020000000f6ffe6ff,eeffeeff1600f8ffeaff0c00f4fff4ff365d4c9074d9785d38e288d89657d4e1
5005,5005,0,0a000a0020000000f2fff2ffecfffcfffafffaffeefffeff3000f4fffeff0e00,140014001c00fafff2fff2ff1a00faff14002400160006002c00faffecff0c00,1e000e000400f6ff1000deff14001400faff08000c000c00200010000600d6ff,000010006400e8fffaff2c00e4ffe4ffaae25ed80e58b4e2ee8f9c57b25d5890
5006,5006,0,fcff1a0020001000f2ff00000c00ecff1c00dafff2fefefff4fff4ffdeffdeff,04000400faffeaffd4ff00002a001a0014000400e8ff0600eaff0c00bcffecff,1e003e0014001400eeffeeff04001400eafffaff1c00feff0000eeffe6fff6ff,deff1000e8ffcaff1c003e00f4ff04007c903257d85d6091d4d7565ec4e228d8
5007,5007,0,0a00fcff10002000f2ffe2fffcff0c00daff0c00deff1c004000f4fffeff0e00,f6ff04001c001c00e2fff2fffafffafff2ff2400360054000c00faffdcffecff,dcff2e001400220020001000f4ff04000800eaff1c002a002000eeffe6ffd6ff,10001000f8ff24001c00dafff4ff240018d7c65d64e3ccd7bc5628e37890f656
5008,5008,0,fcff1a0000000000f2fff2fffcff0c00fafffafffeff0c00e4ff40000e00eeff,14000400faff0c002e0000000a00eaff0400f2ff1600f8ff0c000c00ecffccff,fcfffcfff6ffe6ff0000000004000400eaffdaff1c000c00200020000600e6ff,00001000daff06000c00faff2400040092564ae330914057865e429028d7e25d
5009,5009,0,fcfffcff00000000f2fff2ffecffecff0c00faff0c00e2fef4ffd4fffeff1e00,f6ff04001c00faff2e002000eaff0a0014003600460074000c00faffccffdcff,2e009cffe6fff6ff1000eeff04001400faff28000c00feff10000000f6ff0600,eeffeeff1600f8ffdaff1c002400e4ff625e5c901cd7b45e22e534d75e56f0e3
5010,5010,0,1a00fcff00000000f2ffd2ff1c00fcffeafffaffeeffeeffe4ffe4fffeff1e00,f6ff1400daff0c00f2ff4c000a000a00f2ffe2ff16001600fafffaffdcffccff,0e00fcff040014001000deff04000400280008000c00feff0000000006002600,deff20001600dafffaff4e001400f4ffcae3f8d6f056b4e472900c56525e6890
5011,5011,0,fcfffcff0000000000001000ecffecff1c00daffeeff0c000200c6ffeefffeff,f6fff6ff0c00eafff2ff2e00caff0a00f2ff040036003600faff0c00ccfffcff,1e002e00f6ff0400ceffeeff0400f4ffdaffdafffeff1c0000002000f6fff6ff,deff40001600f8ff1c00faff040004006c904256d45e609154d6565e80e4b0d6
5012,5012,0,fcfffcff0000eefff2ff2000fcfffcfffaff0c00e2fee2fef4ff0200feff1e00,0400f6ffeafffaffd4ff4c000a00eaffd2ff140016003600fafffafffcff0c00,0e000e00040004001000eeff2400f4ff0800faff0c00eeff0000300016000600,20001000caff0600faffdaffe4ff240048d6c25ee4e4ced65c5642e5a8901e56
5013,5013,0,fcff1a001000eefff2ffe2ff0c00ecff0c00faff1c000c00e4ffc6fffeff0e00,0400f6ff1c00faff3e0000005a00eaff1400f2ff460016000c00faff0c00ecff,0e00fcfff6ff0400deff0000e4ff2400280036000c001c0020001000f6ff0600,1000defff8ff16000c00eaffe4ff0400865510e550915e56065f5290a0d50a5f
5014,5014,0,fcffecffdeffdefff2ff00001c00fcffcafffaff2c00f2fe220002000e001e00,140014000c00eaff2e00e2ff0a00eaff1400f2ffd8ff36002c00fafffcff1c00,0e00fcff14000400eeffeeff24001400faff18000c00eeff00000000f6ffe6ff,300000000600f8fffafffaff2400f4ff325f5c9010d6245f12e6d4d43e5538e5
5015,5015,0,fcfffcffdeff1000f2fff2fffcff0c000c00daffeeffe2fee4ffe4ffeeff1e00,14001400eafffafff2ffd4ff0a00faffe2ffe2ff160036000c000c00ccffccff,ecff0e00f6ff0400eeff000004001400faff08001c001c0020001000f6ff1600,deff10000600f8ffdaff1c00f4fff4ff1ce66cd5d05584e59290fc556a5f6890
5016,5016,0,fcfffcffeeff10000000f2fffcff0c00faff0c00deff2c00f4ffe4ffdeff0e00,14001400eaff0c00f2ff2e00fafffaff0400f2ff360016000c00faff0c000c00,1e00ecff0400040000000000140024002800ccfffefffeff100020000600e6ff,deff20000600f8ff2c001c00f4ff04009c900655a45fb091a4d4b65f98e630d5
5017,5017,0,fcffecffeeff0000000000000c00fcff0c001c00eeffe2fee4ffd4fffeffeeff,14000400eafffaffd4ff2e001a000a00f2fff2ff3600f8ff0c00faffdcffdcff,dcff1e003200f6ffeeff0000240014000800faffeefffeff1000deffe6fff6ff,00002000dafff8ff1c00eaffe4ff1400ccd4825fb0e600d51854b2e65890ee54
5018,5018,0,0a00fcff20000000f2ffe2fffcffdcffdafffaffe2fe0c00f4ff30000e001e00,f6ff14000c00fafff2ffc4ff0a00faff14002400160026000c000c00ecffccff,1e000e000400f6ff1000000014001400fafffaff1c00feffeeff2000f6fff6ff,2000eeffcaff54001c00daff1400e4ff86541ce7409160555a60829038d4aa5f
5019,5019,0,fcfffcff1000eeffe2ff10001c00fcff0c001c00e2fe0c00f4ff0200feff0e00,e6ff14000c00faff20002e00eaff1a000400d2ff2600f8ff1c000c000c00ecff,0e000e0014001400000010002400a4fffaffccff0c00feff000030001600f6ff,1000eeff06004600fafffaffe4ffd4ffe85f8c90f2d3246036e854d4e65340e7
5020,5020,0,fcfffcff000000002000f2fffcfffcffdaffeafffeffdeffe4fff4ff1e003e00,f6fff6fffaff0c000000f2ff1a001a00f2ff140006003600faff0c00dcfffcff,0e00dcff0400140000001000f4ff2400eaff36001c00feffeeff200006001600,deff00004600caffeaff1c00d4ffc4ffc2e720d3b25450e7a29016530a60a890
5021,5021,0,ecfffcff000000001000f2ffecff1c000c002c000c00deffe4ff0200deff0e00,f6ff14000c000c002e00f2ff0a00fafff2ffe2ff06003600eafffafffcffdcff,2e00fcfff6ff1400eeff0000240004002800faff0c000c00200020000600e6ff,000020000600cafffaffeaffd4ff24009c90c253a260c09162d32a601ae8a8d3
5022,5022,0,fcfffcff000000000000e2ff1c000c000c00daffeefffeffa6fff4ffeefffeff,040014000c00daffe2ff2000fafffafff2ff140036000600faff1c001c00fcff,fcff1e0004000400eeff000014000400080036001c00feffeeff2000f6ff0600,10001000daff06000c00daffc4ff2400d0d25860e0e742d3d652d6e89890c653
5023,5023,0,ecff2a00eeff00000000f2fffcffecffdaff0c00eefffeffe4ff2200feff2e00,f6ff1400faff0c00200000001a001a001400040036005400fafffaffccffccff,1e001e00140014003000100004000400dafffaff1c00feff00000000d6ff0600,1000ceffdaff5400eaffeaff04000400ea52c2e8a09162540a61b290acd21c61
5024,5024,0,fcff1a000000eefff2ff00001c00fcffcaff2c00eeffe2fee4ffe4fffefffeff,e6ff04000c00faff3e00e2fffaff1a00e2ffd2ff540064001c000c00fcffecff,1e002e00f6fff6ff00000000f4ff14001800eafffeffe0ff20000000e6ffe6ff,1000deff0600f8ffc8fffaff4400c4ffc860cc90c2d2d26096e952d25653aae8
5025,5025,0,fcfffcff00001000e2ffe2ffdcfffcfffaff0c00feffe0fff4ffe4fffeff2e00,f6ff1400faff0c00f2ff2e00eafffaff0400140026003600faff0c00dcff0c00,0e000e00f6fff6ffeeff10001400f4ffdaffccfffeffeeff00000000d6fff6ff,ceff30006400f8ffeaff0c000400e4ff22e92ed232549ee8b290f6521c61d890
5026,5026,0,0a00ecff10000000e2ffe2ff1c00fcfffaffeaff0c000c000200d4ff3e000e00,1400f6ff1c00eaffe2ff3e004a000a0014000400260064000c00faffdcffecff,0e000e00140004001000eeff14000400daffeafffeff1c0020000000f6ff3600,00003000f8ffdafffafffaff04002400dc9048526061d0917ed19a61f4e9dcd1
5027,5027,0,0a00fcff00001000e2fff2ff1c000c000c00daffe0fffefff4ff02000e000e00,140014000c001c00e2ff2e00faffcafff2ff240046005400faff0c00fcffccff,0e001e001400040030001000f4fff4ff0800fafffefffeff2000eeffe6ff1600,0000eeffdaff06002c00faff0400340034d128618ee946d0665286e9e8909a52
5028,5028,0,1a00fcff00000000f2ff30000c00ecff0c00dafff2fe1c00e4ff30003e002e00,040014000c00faffe2ff2e00eafffaff240014003600e8ff0c00eaffccfffcff,1e00fcff14000400200000001400f4ff0800eaff2a000c00000000000600f6ff,2000eeffdaff46000c00c8ff6400040038521eea009202535a6102912cd18c61
5029,5029,0,1a000a0000001000f2fff2ff1c00fcfffaff3c000c00eeffd4ff1200feff1e00,e6ff1400eafffaff20002e00faff0a00d2ff0400f8ff1600eaff1c00fcffecff,0e001e00f6ff0400deff0000f4fff4ff360008000c001c00eeff200016000600,100000000600e8ffeaff0c002400f4ff2462ec903ecfb0616aeb1ed19a5174ea
5030,5030,0,2a002a00eeff10002000d2ffecff1c00eafffaffd0ffe0ff020012002e003e00,e6ff1400dafffaffe2ffe2fffafffaff14002400160036001c00faff1c00fcff,0e001e0014001400eeff10001400e4ffdaff0800feff0c00000010000600e6ff,eeffeeff0600baffdaff1c002400f4ff4eeb64d0b2526eeac290e250fc61f890
5031,5031,0,fcfffcffeeff00000000f2fffcffecfffaffcaff0c00eefff4ffd4fffeff0e00,e6ff24000c00faff20002e002a001a00f2ff0400160006002c002c00ecffecff,fcfffcff2200040000000000f4ff0400daff18001c001c00000000001600f6ff,ceff10005400e8fffaff1c00d4ff0400fc901e5166621092dacfca6120eb62d0
5032,5032,0,1a00ecff0000eeffe2ff00000c001c000c00fafffeffe4fe0200d4ff2e000e00,04001400dafffaffc4ff2e000a000a0004000400f8ff46000c00faffdcffecff,9cff0e00140004001000eeff1400f4ff3600eaffe0ffeeff2000200026001600,10001000dafff8ff2c00eaffb4ff14008ecf54623eeb40cec250dcec52912a51
5033,5033,0,fcff0a00100010000000e2ffecfffcfffafffaffeeff0c00d4ff0200feff0e00,f6ff1400faff1c000000d4ff0a00faff14001400160006000c00fafffcff2c00,1e003e00040022000000deff04001400460028000c001c002000eefff6ff1600,2000deffe8ff06000c00eaff14001400de504eeb009224524e62d29012d08c62
5034,5034,0,0a000a000000eefff2ff00000c00fcfffaff1c00eeffe0fff4ff22002e00feff,1400f6fffaffeaff20003e001a001a001400e2ff160064002c00eafffcffecff,2e002e00140004000000000004000400faff4600eeff0c00eeff2000f6fff6ff,eeffceff16001600daff2c000400e4ff6462ec9020cea662aceccaceb05050ec
5035,5035,0,0a00dcff00000000f2ff1000dcff1c00fafffaffeeffeeff2200f4ffeeff2e00,f6ff04000c00daff2e00e2ffeafffafff2ffe2ff1600f8ff2c002c002c00fcff,0e008cff040004000000000014001400dafffafffeff0c0020000000f6fff6ff,000030000600e8ffdaff2c00f4ffe4ff8cecfece7e5124ec2291b250bc625291
5036,5036,0,fcffecff000000000000f2ff0c00fcfffaff0c00eeffe0ffe4fff4ff0e00deff,140014000c00daff2e002e000a00fafff2ffe2ff36001600faff0c00ecffdcff,0e00fcff14001400deffeeff0400140008000800feffeeff2000200016000600,deff20000600daff1c002c00e4ff24003c91ae50d66200920acf2e63e6ec80ce
5037,5037,0,fcfffcffeeff0000f2fff2fffcfffcff0c00fafffeff0c0002000200eeff0e00,04000400eafffafff2ffd4ff0a000a00140004000600d8ff0c000c00fcff0c00,fcfffcff14003200eeffbcff04000400daff0800fefffeffdeff00000600f6ff,00002000f8ff06000c00eaffd4ff24004eced462e4ecf2ccce4f0ced82914050
5038,5038,0,fcfffcff0000eeffe2ff2000fcfffcff2c00faffeeff0c003000f4ff0e00eeff,e6fff6fffaffdaff2e003e000a000a00f2fff2ff460036000c00eaff2c00fcff,0e008cff22000400200000000400e4fffaff3600eeff0c00eeff000016001600,4800cefff8ff16001c00eaff2400e4ff884fbcec00922e512e635291b0cd1863
5039,5039,0,ecff74001000eefff2ffe2ffecffecfffafffaffeefffeff12000200eeff1e00,0400f6fffaffeaff3e00e2fffaff2a001400140006001600fafffaff0c000c00,0e000e0004000400ceff1000040004000800faffeeff0c00eeff0000f6ff0600,0000deff0600f8ffeaff2c000400140044636c9122cc66637cee4aceb04f0aee
5040,5040,0,fcfffcffdeff0000f2ff2000fcff0c000c000c00feffeefff4ffc6ff0e002e00,14000400dafffaffe2ff00004a001a00f2ff0400160026000c000c00dcff0c00,ecff0e001400140000000000040004002800eaff0c000c0010001000f6ff0600,eeff00005400daffeaff2c000400d4ffacee42cd9e5084ed7291ae4e9863a291
5041,5041,0,ecfffcffeeffeefff2ffe2ffecff0c00faff1c00e0fffeff020002000e002e00,2400d6ff0c000c0000000000eafffaff140014002600f8fffafffaffccff0c00,dcff1e0004000400eeffeeff1400040036002800fefffeffeeff300006000600,beff68001600e8ff0c00eaff140004008c91084f046430921acd4e63f0ee60cd
5042,5042,0,fcff0a001000eefff2ff0000fcffdcfffaff3c001c00feff1200f4ffeeff0e00,e6ff1400fafffaffc4ff3e00faff0a001400e2ff060006000c00faffecfffcff,fcffdcfff6ff040020005200040024000800faffeeff0c0000003000d6fff6ff,0000eeffe8ff16001c00eaffd4ff240012cd546380eea2cb8e4e9cefc291304f
5043,5043,0,0a002a000000000000000000fcffdcfffaff0c00e0ff1c00e4ff1200eefffeff,f6fff6ffdaff0c00d4fff2ffeaff0a00d2ff0400260006000c000c00fcffdcff,2e001e000400f6ffdeff10001400240036000800eeffeeffeeff100006000600,1000deffbaff16000c00eafff4fff4ff784e1cef7092284e4064629178cca863
5044,5044,0,ecff0a00eeffdeffe2fff2ff0c000c00faff0c00f2fefefff4ff02000e00feff,14000400faffeaff00000000eafffaff04001400260026001c000c001c000c00,fcffdcff140014000000eefff4ff240008000800eefffeffeeffeefff6fff6ff,1000ceff46001600daff0c001400e4ff26645c9152cb7464acefeacb5a4eb0ef
5045,5045,0,0a00fcffdeff000010001000ccffecffdaffdaff1c00feff02000200feff2e00,0400f6fffafffaffe2ffe2ffeaff5a00e2fff2ff160036000c002c00fcfffcff,ecff1e00140032000000eeff0400f4ffeafffafffeffeeff30001000f6ffe6ff,deff30004600e8ffdaff1c001400e4ff52f00eccc24cb0efb291be4d6864d291
5046,5046,0,fcff1a001000eeff000020000c00fcff0c00fafff2fefefff4ff22000e00feff,f6ff32001c00faffe2ffe2ff0a00faff04000400260036001c001c00fcff1c00,fcff0e00140014001000100004001400eaff28000c000c0020002000f6fff6ff,eeff10001600daff1c00faffc4ff2400ac91cc4db464c692dacba064b0f098cb
5047,5047,0,fcff0a00eeff0000f2fff2ffecff0c00faffdafffefffeff0200f4ff2e00eeff,14001400eaffeaff2e00f2ffdafffafff2fff2ffd8ffd8ff1c00faffecffbcff,0e00dcff040004001000000014000400dafffafffeffeeffeeff3000f6ff0600,10001000caff06001c000c0004002400accaea64bef0b4ca5e4dd0f00292da4d
5048,5048,0,1a000a0000002000f2fff2ff0c00ecfffaffeaff0c00eefff4ff0200eeff2e00,0400f6ffeaffdaff2000d4fffafffaff0400e2ff06001600eaff0c001c000c00,0e000e00f6ff0400ceffeeff14002400eaff0800eefffeffeeff0000f6ff1600,58000000e8ff24000c00c8ff04000400fc4cdcf00693924cd064b291e8cab064
5049,5049,0,fcfffcff2000deff1000f2fffcfffcff0c002c00deffeeff020012000e00feff,14001400faff0c000000e2fffaffeaff14000400f8ff06000c00eafffcffecff,fcfffcff040022001000eefff4ff14000800fafffefffeff000010001600e6ff,1000beff36006400eaff1c002400b4ffea64cc910cc9d46440f18acb104dbaf1
5050,5050,0,fcff0a0000000000f2ff2000ecfffcfffaffdaff0c00eeff300002000e000e00,e6ff04000c000c002e00e2ff0a00eafff2ff1400e8ff0600baffeaff0c000c00,fcff2e0014001400000000000400e4ff2800eaffeeff0c00eeff2000f6fff6ff,ceff30005400daffc8ff0c00e4ffa4ff58f24ccab44bd0f0c2913e4c30652292
5051,5051,0,1a000a00deffeeffe2fff2ffecfffcfffaff0c00feffeeff020002000e00feff,f6fff6fffafffaff0000e2ff1a00eaff0400f2ff060016000c001c00ecfffcff,fcff0e00f6ff0400200020000400f4ff06000600feffe0ff0000200006000600,deff5800f8ffdaff0c002c00e4ff1400cc918c4cb464469318ca50659af24cca
5052,5052,0,ecff0a001000defff2ff00000c000c000c001c001c00deffd4ffe4ff2e00feff,0400f6fffaffeaffe2ffd4fffaff1a00140014003600e8ff0c00eaff2c00ecff,0e002e0004000400deffcefff4ff140054007200eeffeeff2000eeff06000600,20002000caff06001c00eaff0400140012c95a65acf13cc85e4c24f36292284c
5053,5053,0,fcff2a000000100020001000fcffecff3c00daffeeff1c002200d4ff0e000e00,04002400faff0c00f2ff2e00eafffafff2ffd2fff8ff2600fafffaff0c00dcff,0e00fcfff6ff0400000000000400f4ff06003400fefffeff3000eeff16000600,2000deffe8ff72001c00daff14000400e84b28f3f692e44a406558927cc98065
5054,5054,0,fcff0a002000000020004e00dcffdcff0c00faff1c00eeff12001200ceffeeff,0400f6fffaff2c00f2ff0000fafffaff04000400f8fff8ff1c002c00dcff0c00,1e00ecff14001400100000001400040006002600feff0c00eeff3000e6ff0600,0000000016001600daff1c001400e4ffaa655692dec7646504f3e4c8b84b46f3
5055,5055,0,fcff1a00deff0000f2fff2fffcffecff1c00faffeeffeeff02000200eeff2e00,240014000c000c00f2ff2e001a000a0004000400160016001c000c00fcffecff,fcffecffe6ff1400000020001400040016000600e0fffeff100030000600f6ff,deff10001600f8ffeaff0c00f4ffd4ffd8f3a2c8844ac2f268921e4ce0658292
5056,5056,0,fcff0a00deff20000000f2fffcfffcffcaff1c00feffe2fe020022000e00feff,f6ff1400eaffeaffe2fff2ff0a000a00f2ff0400060016001c001c000c001c00,fcff0e00140014001000deff1400f4fff8ff26000c00eeffeeffeefff6ff1600,deff58001600e8ff0c001c00e4ff24007692984b9465369344c80e66bef482c8
5057,5057,0,fcff84000000000000001000fcffecffdafffaff2c00fefff4fff4ff0e00deff,e6ffd6ffeafffaff0000f2fffaff0a000400e2ff360006002c00caffdcff0c00,0e00fcff220022001000eefff4fff4ff3400e8ffe0fffeff10000000f6ffe6ff,00001000e8ff16000c00eaffe4ff0400bcc7566682f55ec75e4bf6f3b292284b
5058,5058,0,1a001a001000000000001000ecff0c00fafffaffe2feeefff4ff12000e000e00,040014001c00fafff2ff0000fafffaff14000400160054001c000c00ccffdcff,1e008cfff6ff0400000010001400040006002600fefffeff0000200016000600,30000000baff64000c00faff24000400d64af4f49493144a8e66a89222c84066
5059,5059,0,2a002a000000defff2ff2000fcfffcff0c00faffdeff0c000200e4ff0e001e00,f6ff2400eaffeaff3e0000001a000a002400e2ff540026000c004c003c00fcff,0e00dcfff6fff6ffdeffeeff1400f4fff8ffe8ff0c00feffeeffeefff6ff0600,0000deff06000600faff1c002400d4ff766676929ec6526636f5a4c86c4a1ef5
5060,5060,0,fcfffcff000020002000f2ffecff0c00faffdaffceff1c0102001200feff2e00,14000400fafffafff2ffe2fffaff0a0004002400e8ff36001c001c00ecfffcff,fcff1e0004000400eeff00000400140016002600feff1c00deffeeff16000600,deff00000600f8fffaff2c002400e4ffb4f58cc74049a0f698926a49d266d292
5061,5061,0,0a00fcff1000deff1000f2fffcffecfffaff0c00eefffefff4fff4fffeff0e00,04001400faffdaff2e003e000a000a0014001400160006001c00eaffecfffcff,0e00dcff14000400deffeefff4ff040016000600feffeeff0000300016000600,eeff58001600e8ff1c001c00d4ffe4ffb6928c496266849376c6be66aef508c7
5062,5062,0,ecfffcff00000000f2ff10000c000c00caffcafffefffeff0200f4ff0e00eeff,04000400eaff1c00f2ffd4ffeaffeaffe2ffe2ffb8ff1600faff2c00dcff0c00,1e00fcff2200f6ffeeff0000e4ff1400e8ff2600feff2a000000eeff3600e6ff,1000eeffe8fff8ff1c00daffe4ff14008cc6c66630f7a0c5e84806f7e292cc49
5063,5063,0,fcfffcff20000000f2ffe2fffcfffcfffaffcaffdeffe2fef4ff12000e00feff,04001400faffeaff0000e2ffeafffaff2400e2fff8ffd8ff0c00eaffecff0c00,0e002e001400f6ff0000eeff040024003400d8ff0c000c0020002000f6ff1600,5800deffdaff54002c000c00040014005c4970f6f49370481e67c89200c61267
5064,5064,0,fcff1a0020001000000020000c00fcfffafffaffeeff1c00f4ff02003e00eeff,14000400fafffaffe2ff3e000a00faff04003600260016000c00faffccff0c00,0e00dcfff6ff1400eeffeeff0400f4ff160026000c00feff0000eeff06001600,3000deff46000600faff0c002400e4ff1667b69232c5d06626f708c50c4926f7
5065,5065,0,fcffecffdeff1000f2ffe2fffcfffcff0c000c00e2fe0c00400012001e00eeff,04000400fafffafff2ffd4fffafffaff2400040006001600faff0c00ecffdcff,fcffdcff040004001000eefff4ff04001600e8ff0c00eeff2000000006001600,ceff10006400f8ff0c000c00f4ff040060f7f0c5fe47def7f892184962671e93
5066,5066,0,fcfffcffceff1000000010001c00fcff1c001c00e2feeefff4ff0200feff2e00,e6fff6ff0c00faff2e002000faffeaffe2ff040016002600faff2c00ecffdcff,fcfffcff2200040010000000f4ff0400260026000c00feff000000000600f6ff,deff68000600caff2c002c001400f4ff26938c486067249418c5be6796f790c5
5067,5067,0,0a00fcff0000000010000000fcff1c002c00faffdefffeff50001200fefffeff,14000400eafffaff0000e2fffaffeafff2ff1400c8ff16000c00fafffcffecff,fcff0e00f6fff6ff0000000004000400160016000c000c001000eeff26000600,00002000f8ff16003e00dafff4ff140030c57667aef822c4384856f76e938248
5068,5068,0,2a00fcffceffeeff0000f2ff0c00fcfffaff0c000c00cefff4ff0200eefffeff,140004000c000c00d4fff2fffaffeaff2400f2ff460046002c002c00dcfffcff,3e000e000400040010000000f4ff140034000600feffeeffdeff10000600d6ff,1000deffbaff46000c00faff240014003c4816f86494de465e67589320c5c267
5069,5069,0,ecfffcffdeff00000000f2fffcfffcfffaff0c00eeff2c0002003000cefffeff,f6ffe6ff0c001c00e2fff2ffeaff1a00140014002600f8ff1c002c00ecffdcff,9cfffcff0400320000001000d4fff4ff2600f8fffeff0c001000eeffd6ffe6ff,0000beff46001600fafffaff1400f4ff1c682693f2c380678af868c4a247c8f8
5070,5070,0,0a001a00eeffeefff2fff2ff0c00fcffeaff0c00eeffeefff4ff02000e002e00,f6ff0400eafffaffe2ff0000faff0a002400e2ff260006000c003c000c000c00,0e00fcff220004000000eeff240014002600f8fffefffeff10003000f6ff0600,beff00000600daff0c002c001400e4ff98f890c48e46c6f98893c446f2677e93
5071,5071,0,0a00ecff000010000000c2ff0c00ecff2c00daff2c00eefff4fff4ff0e001e00,14000400faffeafff2fff2ff0a00faff36000400f8ff16001c00faff0c000c00,0e00dcff220004001000200004001400e8ff34000c00feff00002000f6ff0600,ceff58001600dafffaff0c00f4fff4ff86933647b067749446c3426818f958c4
5072,5072,0,bcffecff0000ceffe2ffe2ff0c00dcff1c002c00feff0c00020022000e004e00,140014001c00eaff2e00e2fffaff0a00f2ff240054003600faff0c00fcffecff,0e008cfff6ff1400deffdeff140014001600f8fffefffeffdeff000006000600,10001000daff06001c000c00f4ff0400ecc31c68d6f912c3d4461eface933247
5073,5073,0,ecfffcffeeff0000e2ff4e000c00ccfffafffaffceffeeff02000200beff2e00,02000200eaffeafff2ff2000eaff1a002400f2ff26000600faff0c001c00fcff,fcfffcffe6ff22001000eeff04000400f8ffe8ff1c000c00eeff0000f6ffe6ff,0000eeffcaff46001c00faff0400d4ff064798f9949420469268789328c33268
5074,5074,0,0a001a00eeffeeffd2fff2fffcfffcfffaffdaff2c00eefff4ff22000e00feff,12000200daff0c00e2ffe2ffeaff0a00f2ff24003600e8ff0c00fafffcfffcff,dcff0e00f6fff6ff0000100004000400f8ff1600eeff1c0020003000e6fff6ff,eeffeeff16000600faff2c001400e4ff6c68669392c20068befa76c2b246e8f9
5075,5075,0,fcfffcff000000003000f2ffecfffcff0c001c000c00eeff30001200feffeeff,02000200daff0c0000000000faff0a00140014004600e8fffafffaffbcffccff,0e009cff1400040000000000e4ff1400e8ffd8ff2a00e0ff30002000f6ff0600,deffeeff1600bafffaff1c001400e4ffc2fa4ac3d244eafa1a948446a268fe93
5076,5076,0,fcfffcffeeffeeff1000f2ff0c00fcfffaff0c00feffeeff0200f4ffeeffdeff,0200f4fffaffeaffd4ffd4ff1a000a00140024002600f8ff0c001c00dcffccff,0e000e00040004001000eefff4ff14000600f8ff76000c000000000006001600,eeff20001600daffeaff0c0004000400b693ea45f067949416c22269f8faacc2
5077,5077,0,fcfffcff0000100010000000ecffecfffaff0c000c002c00f4fff4fffeffeeff,02000200faffeaff20000000eafffaff04000400160006001c001c00fcff1c00,9cfffcffe6ff14000000eefff4ff0400e8ff260066000c0030004000d6ffe6ff,00000000e8ff16002c00eaffd4ff140096c17c68bafba0c14445aefa3e94c045
5078,5078,0,dcffdcffeeff100000000000ecffecff0c002c002c00e2fe220002000e00eeff,f4fff4fffaffeaff2e00e2fffafffaff04001400060006001c00faff1c00ecff,0e001e00f6fff6ff00000000f4ff0400f8fff8ffeeffe0ffeeff10001600e6ff,4800defff8ff16001c00eaff140004008a4552fb4495f244b2687a940cc2fc68
5079,5079,0,fcff0a00000010004e002000ecffecfffafffaff1c000c0012001200eefffeff,3000e4ff0c000c00e2ff2000fafffaff14001400160046000c00faffdcffdcff,0e000e00e6fff6ffeeff2000040024005400d8fffefffeff20000000f6ff1600,0000ceff1600e8ffc8ff1c004400e4ffdc68d69350c1706840fca2c11045dafb
5080,5080,0,0a00fcff000000000000e2ff1c001c00faff0c00feff0c00d4fff4ffeeff2e00,120002000c00eaff2000e2fffaff1a00e2ffe2ff360006001c001c000c000c00,fcff0e00e6ff140000001000040014001600f8ff2a00feff000010001600f6ff,000000001600e8ffeafffaff1400e4ffd4fc06c162449afc6a94e6433c698e94
5081,5081,0,ecfffcffeeff1000f2ff00001c000c00faffdaffeeffeefff4fff4ff0e000e00,1200e4fffaff0c000000e2ff0a000a00140004002600f8ff1c000c00dcffdcff,dcfffcfff6ff140020000000f4ff1400060006001c000c0000004000e6ff3600,eeff3000060006002c001c00d4ff14001694aa4422698495c2c002695afcfcc0
5082,5082,0,0a00fcff0000000000001000fcfffcfffaffdaffe2feeefff4fff4fffeff1e00,12001200fafffaffe2ffd4ffeafffaff14000400f8ff0600fafffafffcfffcff,0e000e0014000400eeff0000f4fff4ffd8ff3400feff0c00000000000600d6ff,10001000daff06001c00faffd4ff0400c6c01c69c8fdd0c0064420fd7e945844
5083,5083,0,ecffecffceff00001000f2ff0c00ccfffafffaffeeff3c00e4ff02002e000e00,f4ff98ffeaffeafff2ff4c001a00faff1400f2ff0600b8ff2c00eaff0c00fcff,0e00dcfff6fff6ffceff0000f4ffe4ffe8ffe8ffe0ffeeff10003000f6fff6ff,2000deffcaff16000c00eaff44002400b44344fda495444362694a949cc07c69
5084,5084,0,fcfffcff200000000000f2fffcff0c00fafffaff0c001c00e4ffd4ff2e000e00,0200f4ff0c000c00f2ffe2fffafffaff14002400f8ff26000c000c001c001c00,dcff0e0022000400deffbcff14001400e8ff34000c002a0000000000f6ff0600,1000defff8ff0600b8ff0c001400f4ff6c695694f0bf426940fe5ebf884382fd
5085,5085,0,1a00fcff0000000020000000fcfffcfffaffeaffdeff1c00d4fff4ffeeffceff,0200f4ff0c001c002e00f2fffaff0a003600e2ff160006001c002c000c001c00,0e00fcff0400220010001000240004003400f8fffefffeff0000200006001600,eeffeeff54000600eaff1c002400c4ff30fe16c0244396feaa94d643ac690695
5086,5086,0,ecff0a00eeff1000d2fff2ffecff0c00fafffaff0c002c00e4ff1200feff2e00,f4ffe4fffaff1c003e00f2ffdafffaff36003600260006001c00eaffdcffdcff,9cffdcff1400040010001000e4ff24000600f8ff0c00feff20002000e6fff6ff,deff58005400e8ff0c000c0004001400b494d242b669a4959ebf366a92fedabf
5087,5087,0,fcffecffdeff0000f2ff0000fcfffcfffafffaffeeffeeff1200f4ff2e000e00,12000200faffeaffe2ffe2ff0a000a001400f2ff160026000c001c00dcfffcff,0e001e00d8fff6ff10001000140024002600f8ffe0ffe0ff1000300036000600,eeff2000f8ff16003e000c00f4ff240040bf7c6936ffe2be644260fe36951843
5088,5088,0,fcfffcff00001000f2fff2fffcff0c00eaff0c00eeffdeffe4fff4fffeff1e00,d4ff12001c001c00e2ff0000eaff1a00e2ff36001600e8ff0c00eaff0c00ecff,dcff0e0014001400eeff100014001400d8fff8ff0c000c000000eefff6ff1600,4800deffe8ff6400eaffc8ff440044007841f0fe3496b442266aca942abf0c6a
5089,5089,0,fcfffcff10000000f2ff10001c00dcff0c00faffeefffeff020022000e00eeff,1200f4ffeaff1c0020002e00faff0a0004000400260074000c002c00dcffdcff,fcfffcff040004003000deff14000400f8ffe8fffeffe0ff000010003600f6ff,3000deff06004600faff0c0044000400186aa494b2bef669c0ff6ebf8c420aff
5090,5090,0,ecfffcffeeff2000f2ff1000fcfffcffdafffafffeffdeff1200e4fffeff0e00,f4ff12000c001c003e00d4ffeaffeaff0400f2ff26000600faff0c00dcffecff,ecfffcfff6ff04002000200004000400d8ff06001c000c00eeffdefff6ffe6ff,eeff10004600f8fffaff0c0024001400080060beae41f6ff4a9560412c6aa695
5091,5091,0,fcfffcff0000200020000000fcfffcfffaffdaff1c000c00f4fff4fffeff2e00,3000f4ffdaffeaff10003e005a000a002400e2ff1600e8ffeafffaffdcffecff,0e000e0004001400eeff000004001400160006000c00feffeeff1000e6ff0600,10002000f8ffbaff2c002c0004001400c2954841c66954962ebe466abaff42be
5092,5092,0,fcff1a00eeffeeff1000e2ff0c00fcffeaff0c00eefffefff4fff4ff0e000e00,12003000faff0c00f2fff2ffeaff0a000400140036001600eaffeaff0c00ecff,1e002e00f6ff0400eeffeefff4fff4fff8ff0600fefffeff3000deff16000600,200020001600f8ff1c00c8ffc4ff240030be586a740092be70410601a695bc41
5093,5093,0,fcff1a00eeffeefff2ff00000c00ecff1c001c00feffdeff120030002e001e00,f4ff0200fafffafff2ff00000a000a00f2fff2ff160036000c00faffdcffecff,fcffecff140004002000000024003400d8fff8fffeff1c00100000000600f6ff,20000000caff46001c00daff1400e4ffd840a80082961e41b66a5a95b2bd8c6a
5094,5094,0,fcffecff0000200010001000fcfffcfffaffdaff1c00e2fe120002000e001e00,f4ff0200daffeaff2e00f2ffeafffaff04001400640006000c000c00ecffdcff,dcff0e00f6ff22001000ceff04000400f8ffd8ff0c001c00000000001600f6ff,1000defff8fff8fffaff1c0004000400786ae29554bd366a56019ebcdc40dc00
5095,5095,0,0a00ecffeeff0000e2ff00000c00ecfffaff0c00eeffeeff02001200feff3e00,f4fff4fffaffeaff20002e000a000a002400d2ff9aff26000c000c00fcffccff,2e00dcfff6ffe6ffdeff100014000400e8ffd8ffeeff1c000000eeff26000600,ceff00000600caffdaff2c000400f4ff680114bd9e40b400aa952041e86ae695
5096,5096,0,1a00fcffeeff1000f2ffe2ffecff0c000c000c00eeff0c002200f4ff0e00feff,e4ff12000c00faffd4ff2e000a000a001400f2ffd8ff0600faff0c001c000c00,0e001e0004001400eeffceffe4ff0400f8ff06001c001c00ceffeefff6ff0600,eeff0000f8ffcaff1c00fafff4ff24004e961840766af0963ebcb66bfc0132bd
5097,5097,0,1a00fcff00000000f2fff2fffcffecff1c00daffeeffeeff120012000e000e00,f4ff2200fafffaff2e00d4ffeafffaff040014002600f8ff0c000c000c00ecff,9cfffcff14001400deff10000400f4fff8fff8ff0c00feff10002000f6ffd6ff,10003000e8ff54000c00daffe4ff140094bcb86a8802a4bc9c3f0a0246966240
5098,5098,0,fcfffcff100000000000f2ff0c00fcffcafffaff2c00fefff4fff4ff1e000e00,e4ff0200dafffaff2e00e2fffaffeaff1400f2fff8ff2600faffaaffdcfffcff,1e000e00f6ff220020000000240004004400d8ffeeffeeff2000000036002600,0000eeffdafff8ff0c00dafff4ff0400c83f72025097323fc66bda964abc086b
5099,5099,0,fcfffcff10002000000010000c000c00daffeaffeeffeeff120012002e000e00,1200f4ffeaffeaffe2ffe2ff2a000a002400240026000600faff0c00fcffecff,2e00fcff040004000000eeff2400240006004400eeffe0ffeeffeeff16000600,1000deff16000600eaff1c000400e4ffd86a8096f6bba66aba026ebc2a3fac02
5100,5100,0,0a00ecff1000000020001000dcff1c00eafffaff2c00fefff4ffe4fffeff3e00,f4ff0200faff0c002000d4ff0a00faff24001400f8ff06000c00faff1c00fcff,0e001e00040014000000eeff24001400e8ff2600feffeeff200000000600f6ff,eeff100016000600eaff2c0014000400520370bb523f86038a96ec3e386b7696
5101,5101,0,2a000a00100000001000e2ffecffdcff0c00fafffeff0c00f4ff1200eefffeff,12000200faffeaffe2fff2ff0a000a0004002400d8fff8ffeaff1c00fcffdcff,fcfffcff040022003000deffa4ffd4fff8ff44001c00feff20000000e6fff6ff,deff30001600f8ff1c002c00e4ff0400e096f23e066b70972cbba66b9803fabb
5102,5102,0,ecfffcff1000eeffe2ff1000fcfffcff1c00daffeeffdeff22003000eeffeeff,02000200fafffaff000000000a00eafff2ffd2ff0600e8ff1c000c00ecffecff,1e001e0004000400000000001400040016002600eefffeff100000000600f6ff,10003000f8ff16002c00daff0400240000bb186b960356bbdc3ebc04d696723e
5103,5103,0,fcfffcff0000eefff2fff2ff0c000c00eafffaff0c00eeffd4ff12000e00eeff,12000200fafffaff0000f2ff1a000a00040014003600c8ff0c000c000c000c00,fcff1e000400f6ffdeff0000040024001600e8ffeefffeffeeffeeff06000600,5800eeffdaff1600faffc8fff4ffe4ff323ec203b097223e266cda96b8ba786b
5104,5104,0,fcff0a0010000000d2ff00000c003c000c000c00eeffeefff4ffc6ffeeff3e00,1200f4ff1c00faff0000d4ff1a00fafff2ff1400d8ff06000c000c00dcffecff,3e001e0014001400eeffeeff0400e4ff44000600eeff0c00deff000006000600,1000deff16000600daff0c0014000400686be096d6bae66a0c051cbac23d4804
5105,5105,0,ecfffcff200000002000e2ff0c00fcffdaff0c00eeffeeff0200f4fffeffeeff,12001200faff0c00f2ff2000eaffeaffe2fff2ff1600f8ff1c000c00ecffdcff,0e000e00f6fff6ff0000defff4ff0400f8ff1600eeffeeffeeffeefff6ff0600,deff10001600f8ffeaff1c0004000400080570ba863de6041a971c3ea86b1e97
5106,5106,0,fcff0a00000010002000f2ffecfffcfffafffaffeeff0c00e4ff12001e001e00,f4ffe4fffaffeaff20002e00faffdaff1400c0fff8fff8ff1c00faffecfffcff,ecffdcff0400f6ff10002000040004000600d8fffeffe0ff100020000600f6ff,00004800f8ffcaff0c001c000400f4ff6097663d566bf0974cba666ca00538ba
5107,5107,0,fcffecff000000000000e2fffcff1c00faffdaffeeffe2fe1200d4fffeff2e00,e4ff0200faffeaffe2ff2e00eaff0a0004001400e8fff8ff0c001c00fcffecff,0e000e00140014001000000004001400caff44000c00feff2000200016001600,00006800f8ff16001c00eaffd4ff140066b9786bb60520ba1c3dbc049e97a23d
5108,5108,0,0a00fcffeeff00000000f2fffcffecff0c00faff0c00feffe4fff4ff0e000e00,1200e4fffaffeafff2ff00000a004a00140014001600d8ff0c000c00fcffecff,0e00fcff140004001000200014002400f8fff8fffeff0c001000000016002600,4800deffdaff64000c00fafff4ffe4ffb63c34060098e63c966cba97b8b9e86b
5109,5109,0,1a00fcff0000eefff2fff2ffecfffcff0c00eaffeefffeff2200f4ff1e00eeff,120002000c001c00e2ffe2ffeaff1a0004000400460026001c001c000c00ecff,fcffecff140014002000eefff4ff1400f8ff26000c001c0010000000f6ffe6ff,0000deff540016000c00eaff14000400986b9097d0b9666b7c0668b9b23c4006
5110,5110,0,dcffecff100010000000f2ff0c00fcfffaffeaffe2fe0c00f4ff30001e001e00,02000200eafffaff0000f2ff0a001a000400e2ffd8ff46002c000c00dcff1c00,0e00dcff1400040000000000140014003400e8fffeff0c00100030000600e6ff,eeffeeff1600dafffaff3e00f4ffc4ff4407a6b8b63b7206aa976a3b906cce97
5111,5111,0,2a000a00deff00000000f2ff1c001c000c00daff2c012c00c6fff4ff4e00eeff,f4ff0200faffdaffc4ff2e00faff1a0004001400f8ff06000c001c00acffccff,fcfffcff04002200eeffeefff4ff2400f8ff16000c001c002000100026000600,ceff58001600daff1c00eaff040004004698763cc66bc098c8b8866c4207d8b8
5112,5112,0,2a000a00200000000000f2ff1c00fcfffafffafffefffefff4ffe4ff2e00feff,120012000c000c000000e2ffeaff0a00140014000600e8ff0c000c00bcffdcff,ecff0e0022001400eeff000004000400260034000c00eeff0000200016001600,10001000e8ff46002c00eaffe4ff140036b8d86b2207aab83a3b3e083e98aa3b
5113,5113,0,0a00fcff1000eeffe2ffe2fffcff0c00daffdaff0c00eeff0200e4fffefffeff,d4fff4ff0c000c003e00f2ffdaff0a0004000400260006003c000c00ecfffcff,fcfffcff1400140000001000f4ff2400e8ffe8fffeff0c001000eeff0600f6ff,0000eeffdaff06000c00eafff4ff1400903b34078098863ba66cca9736b8906c
5114,5114,0,fcffdcffeeff0000d2ff30000c000c00faffcafffeffdefff4ff1200fefffeff,0200e4ff0c001c002e004c00eaff1a0004000400f8ff06002c002c001c00fcff,1e00fcfff6ff140010002000140004000600f8ffe0fffeff200030000600f6ff,1000eeffe8ff4600c8ff0c001400c4ffca6c5698fab7f66bba0774b71a3bc007
5115,5115,0,ecff1a0000002000f2fff2fffcfffcfffaff1c00eeff0c00d4ffe4fffeffeeff,12001200faffeafff2ffe2ff0a000a0014001400f8ff1600eafffaffecff1c00,dcff2e0014000400000020004400140006003400eefffeffeeff20001600f6ff,ceff48001600daffdaff0c00440004009c0890b7f63a9207ae981a3bc06c4e98
5116,5116,0,0a000a00eeffeeff100000001c000c00fafffaff1c012c00f4ff0200eeff0e00,020002000c000c002e00f2ff1a000a00f2ff1400360036000c001c00fcffbcff,0e00ecfff6ff040010000000e4ff0400260006001c00feff00000000f6ffe6ff,ceff10004600caff0c001c00e4ff0400a698523a366c909844b7f66cd208b6b7
5117,5117,0,ecffecff10004000e2ff2000ecff1c00fafffaff2c001c00e4fff4fffeff0e00,e4ff02001c000c001000d4ff0a00eaff04000400060046000c002c00dcffccff,1e00fcff0400f6ff0000eeff04001400f8fff8fffeffeeff0000000006001600,1000eefff8ff06001c00daffe4ff440000b7ea6cd0084ab74a3a1e08c0987e3a
5118,5118,0,0a00bcffceff0000f2ff2000fcfffcffbaffeafffeffeeffe4ff02000e002e00,f4ff0200eafffaff20002e001a000a00e2ff0400060036000c00faffdcffdcff,0e00fcfff6fff6ff10000000240024004400e8ffe0ffe0ff300030002600f6ff,2000ceffdaff64001c00faff2400240068391c092099483a166dde9826b7d06c
5119,5119,0,fcfffcffdeff0000f2ff1000fcfffcffeafffaffeeffeeffe4ffe4fffeff0e00,f4ff1200fafffaffe2fff2ff0a000a000400f2ffe8ffd8fffaff0c00fcffecff,1e002e00f6ff0400deffeeff04000400f8ff26000c000c00eeff000006001600,4800eeff0600f8ffdaff0c0014000400fa6ce6982ab7566c6e09c2b6b8399209
5120,5120,0,0a00fcff0000000020001000ecfffcfffaff0c00eeffeefff4ffc6ff3e000e00,020012000c00eaff2e00d4fffaffeafff2ff04005400e8ff0c00faffdcfffcff,fcfffcfff6ff1400eeffeeff2400d4fff8ffe8ffe0fffeff200030001600d6ff,eeffdeff1600dafffaff0c00e4ffa4fff60980b6183a6009de98d638106d1099
5121,5121,0,fcff1a0000000000f2ff3000dcfffcffdaff0c00eefffeffe4ffe4ff0e00feff,d4fff4fffafffafff2ff3e00eaff0a00f2ff0400060006000c001c001c00fcff,ecffdcff1400f6ff1000eeff3400040026002600feffeeffeeffeefff6ff0600,eeff1000f8fff8ff0c001c00f4ff04003699c838946c6e9922b6266d720aceb6
5122,5122,0,ecfffcffeeffeefff2ff10000c00dcff1c000c00fefffeff020002002e00eeff,120012000c00faff0000f2ff0a000a001400140026006400faff1c00ecfffcff,dcff0e00e6ff04000000deff14000400e8fff8ffeefffeff100010000600e6ff,00000000dafff8ff1c00eaffd4ff3400b4b52a6d900a0ab7c638a20a70990839
5123,5123,0,1a00fcff1000deff00000000ecffecff1c001c000c000c00d4fff4ff2e000e00,f4ff12000c00faffe2ffe2ffeaff0a0014001400360016002c000c00fcfffcff,1e001e00140014000000000014000400caff0600fefffeff20000000f6ff3600,3000eeffdaff16000c00b8fff4ff24005838a60abe990239166dee98ceb5406d
5124,5124,0,fcfffcffdeff0000000020000c00fcffdaffcaff0c000c00b6fff4ff0e002e00,0200f4ff0c001c00e2ffe2fffaff0a0024001400060026000c001c00ccfffcff,1e00ccff1400140020000000f4ffa4ffd8ff2600e0ff0c001000eefff6fff6ff,2000defff8ff5400dafffaff240004006a6da699feb5946cf20ae2b4c637a60b
5125,5125,0,fcfffcff200010000000e2ffdcfffcffcaff0c000c00eeffe4ff1200feff3e00,12002200fafffaffe2ff3e00faff0a0004000400f8ff36004c000c00fcff1c00,0e00dcfff6ff04000000deff0400f4ffd8ffcaff0c00eeff0000eefff6ffe6ff,ceff00001600dafffaff2c00f4fff4ff660ba4b57238080b4e994638606db099
5126,5126,0,fcff1a00deffeeff2000f2ff0c000c00faffdaffe2fe2c010200f4fffefffeff,020002001c00fafff2fff2ffeafffaff0400e2ff1600e8ff1c000c00ecfffcff,fcff0e00220004001000deff04001400d8ff34000c00eeff00002000f6ff0600,beff68001600e8ff0c00fafff4ff1400c6991838f46cfe99b2b4c86d060c5eb5
5127,5127,0,ecfffcff00000000e2fff2ffdcfffcfffaffdaffeeffdeffe4ffe4fffefffeff,f4ff1200eaff1c000000f2ff0a000a0004001400260074001c00eaff0c00fcff,0e00fcff0400140000001000f4fff4ff3400f8ff1c00e0ff10002000e6fff6ff,10001000f8fff8ff1c00eaffe4ff140006b46a6d360c2eb56237f40bf0996637
5128,5128,0,0a000a0000001000e2fff2fffcffecff1c00faffdeffe2fef4fff4ff4e000e00,02000200eaffeaff0000f2fffaff0a00f2ff1400f8ff06000c002c00ecff1c00,fcff0e00040014001000eeff14001400f8fff8ff0c00feff0000eefff6fff6ff,10000000e8ff0600eaffdaffe4ff04007236220d3e9aec37c86d429a96b4806d
5129,5129,0,fcffecff20000000f2ff2000ccff0c00faff1c001c000c00f4ffd4ff1e00deff,1200f4ffeaffeaffe2fff2fffaff0a002400f2ff260026000c00faffdcffecff,fcfffcffe6ff14001000000024004400260006001c001c000000100006000600,2000deffcaff0600daff0c004400e4ff7a6d309aaeb4f46c020d82b46e360e0d
5130,5130,0,1a00fcff0000000000001000ecfffcffdaff0c001c002c00f4ff0200feffeeff,02001200dafffafff2ff00001a000a00240004002600f8ffeaff0c003c000c00,ecfffcff140014001000000014001400e8ffd8fffeffeeffdeff10000600f6ff,deff10006400daffeaff2c00f4ff1400920de6b3ee36a60c629af235e06d709a
5131,5131,0,1a00fcffdeffeefff2fff2ff0c000c00dafffaffeeffeeff0200e4ff1e00deff,d4ffd4ffeaffdaff0000e2ff1a002a0004000400160046000c00faff1c00fcff,fcffecff04001400eeffeeff14000400e8ffe8fffefffeff10000000e6ffe6ff,000010005400caffeaff0c00f4ff0400709a3236e46c1c9be2b3e86d120eb0b3
5132,5132,0,ecff0a00eeff0000e2ffe2fffcff0c00baff1c00e2feeeff22002200feffeeff,0200f4ffeaffeaffd4ff2e00fafffafff2ff240026005400eafffaffccff0c00,fcfffcfff6ff140000002000f4ff140006003400feffeeff00000000d6ff1600,eeff2000e8fff8ff2c00c8ffd4ff440056b3f66d840f0eb42236620ea09a2e36
5133,5133,0,fcff1a00200000000000f2fffcfffcffdaff0c00deff4c000200d4fffeffeeff,d4fff4ffdaff0c003e0020001a00fafff2ff36004600e8ff2c002c00fcffdcff,0e001e00f6ff0400000000002400140026000600eeff0c002000cefff6ff0600,2000eeffdaff1600faffeaff0400340036355e0e5c9bfe35286e629a20b3d06d
5134,5134,0,fcff1a00eeff0000f2ff1000fcfffcff0c00dafffeff2c000200e4fffefffeff,1200f4fffaffdaff0000f2fffafffafff2ff1400360036001c002c00ecffdcff,0e000e001400040010000000f4ff140016001600fefffeffdeff200016000600,1000eeff16001600c8ff0c002400e4ff366ed09ad0b1446db20e80b21e35e80e
5135,5135,0,1a000a00000000000000d2ff0c001c00bafffaff0c00eeff40001200feff0e00,e4fff4ff0c00faffe2fff2fffaff0a001400040026005400eaff1c00fcffdcff,dcfffcff04000400eeff1000b4fff4ff06001600feffeeffceffdefff6fff6ff,eeffeeff4600caffdaff2c0004000400200f86b22e35ea10e29ab235e06d009b
5136,5136,0,fcfffcff0000100010000000ecffecff1c00faff1c00eefff4ff3000deffeeff,2200e4ff0c00eaffd4ff2e00faff3a00f2ff04002600f8ff1c001c00dcff0c00,1e000e000400040020003000f4ff0400f8ff4400eeff1c0000002000f6fff6ff,aeff68001600daff0c000c00b4fff4ff509b9434a46dbc9b70b2386ea80f84b2
5137,5137,0,0a00ecffdeff10001000f2ff1c00fcfffaffdaffe2feeeff12001200feff0e00,02001200dafffaff2000e2ff1a000a001400140036005400fafffafffcffdcff,0e00ecff140014001000eeff14000400e8fff8ffeeffe0ff00000000f6ffe6ff,00001000f8ff16003e00c8ffe4ff4400bcb1266ea811cab0b234c20e409b7634
5138,5138,0,ecff0a000000eefff2ff20000c000c000c00faffe2fee2fe1200f4ff2e00deff,e4ff02000c00fafff2ffc4ffeaff0a001400f2ff060026000c001c002c00ecff,0e00ecff1400f6ff0000000004001400e8fff8ff0c00eeff00000000f6ff1600,20000000daff4600faffeaff2400040020344610dc9bd034986e529b04b2206e
5139,5139,0,fcfffcff10001000000020000c00ecff1c00faffceff0c00220022000e002e00,02001200faff0c000000f2ffeaff0a0014000400060046000c00faffecff0c00,8cff0e00040014000000000014001400e8fff8ffe0ff0c0000000000f6ffe6ff,eeffdefff8ff5400eaff0c002400d4ff366e809bf0b0846d920f20b2e6337810
5140,5140,0,ecff1a0020000000f2fff2ff1c00fcffeaff0c000c00ceff12001200defffeff,1200e4fffaff0c002e0000000a000a00d2ff0400f8ff26002c001c001c00dcff,1e000e0014001400eeff1000f4ff2400260016001c00eeffeeff00002600e6ff,eeff10001600f8fffaff0c001400e4ffd6104cb140343e12e49b0033106ea09b
5141,5141,0,dcffecffceff00000000f2fffcff1c00faffeaff2c00eeff0200f4ffeeffdeff,f4ff0200fafffafff2ff2000eaffeaff14000400260006000c000c000c00ecff,dcfffcffe6ff04001000100014000400260044000c000c0020001000d6fff6ff,beff10001600dafffaff2c00e4ff2400c09bc832a46d2c9c0cb1386e621184b1
5142,5142,0,fcfffcff00001000e2ffe2ffdcff0c00daff1c000c002c0002001200eeff0e00,f4ff12000c00faffe2ff2000fafffaff1400f2ff3600e8ff0c001c00dcffccff,0e001e00220014003000deff1400140026002600eeffe0ff2000eefff6fff6ff,30001000f8ffdaff2c00daffe4ff44008cb0a66e1e13d4af00337611129c3633
5143,5143,0,0a001a00100020005c0010002c00fcffdaffdaff0c00feff300002003e00feff,e4ff0200faffeafff2fff2ff0a00eaffe2ff1400160006003c00faffdcffecff,fcffdcff220014001000eeff1400140034003400eefffeff20002000f6fff6ff,5800eeffdaff16003e00daff14004400483266117a9ca033a86e149cdab0406e
5144,5144,0,bcff0a001000defff2ffe2ffecff1c00eafffaffeeff2c01f4fff4ff0e00ceff,1200f4fffaff0c00000000000a00faffe2fff2ff16003600faff2c00ecfffcff,0e001e00220014001000eeff14000400060026000c000c0030000000f6fff6ff,1000deff3600f8fffaff1c002400e4ff966e209c34aff26d56113cb01a322212
5145,5145,0,fcfffcffeeffdeff20002000ecffecfffaffeaffdeffeeff020012001e000e00,f4fff4fffaffeaffe2ff4c000a00fafff2ffe2ff540006000c000c00dcffdcff,fcfffcff040014000000eeff2400f4ffbaff26001c00feff2000000036001600,eeffeeff4600e8ffeaff0c000400e4ff80125cb01033ae13949c6032706eda9c
5146,5146,0,fcff1a00000000001000e2ffdcfffcff0c00daffdeffeeff30002200eeff0e00,02001200fafffaffe2ffd4ffeaffeaffe2fff2ff06003600faff1c003c00fcff,fcff0e00f6ff22001000eeff040024000600f8ffeefffeffdeffeeffe6fff6ff,deff10001600cafffafffafff4ff0400409c6e314a6e1a9d8cb0d86e1e137ab0
5147,5147,0,0a00fcff10000000200010000c000c00fafffaffeeff0c00120050000e00ceff,02001200dafffaffe2ff3e00eaffeafff2ff1400540006000c000c00ecffdcff,dcff0e00e6ff0400eeff000004000400e8fff8fffefffeff000000001600d6ff,00001000cafff8ff1c00daffe4ff240056afa66e5e14c4ae9c312a12fa9cba31
5148,5148,0,fcfffcff00000000f2ffe2ff0c00fcffcaff1c001c00feff4000f4fffeff0e00,040014001c00eaff3e00e2fffafffafff2ff0400260006001c00eaff0c00fcff,ecffdcff1400f6ff1000000014001400060034000c00e0ff1000eeffe6ff2600,5800deffdaff0600eaffeaff04002400ce3050138a9df031d86e449d80afc86e
5149,5149,0,fcff2a002000000000001000ecfffcff1c001c00eeff0c00f4ff02000e00feff,04002400fafffafff2fff2ff0a000a00f2fff2ffe8ff36002c00eafffcffecff,0e000e00e6ff2200000000000400f4fff8ffe8fffeff1c00eeff200026000600,1000deff06000600eaff2c0054001400c66e629d06ae0a6e181488afe430be13
5150,5150,0,fcff0a000000100000000000ccff0c00faff1c00feff0c000200e4fffeff0e00,e6ff1400eaffeaff2e00e2ff0a000a00f2ff2400360064001c000c00fcffccff,fcffecff0400040000002000040004001600f8fffeffeeffeeff300016003600,eeff00004600e8fffaff1c00f4ffe4ffbc14e6ae4c314c15249d1c30906e7a9d
5151,5151,0,fcffecffeeff2000f2fff2ff1c000c000c00daff1c000c00020002000e000e00,0400f6ffeafffaff20002e001a00fafff2ff0400460036002c000c000c00fcff,0e00dcff0400f6ffdeffdeff04000400e8ffbaff0c001c0000001000f6fff6ff,eeff20001600caff0c000c00d4ff0400e29d882f9a6eba9db8aeb86ef614c8ae
5152,5152,0,0a001a001000eeff0000d2ffecfffcfffafffaff0c00feff020002000e00eeff,04001400eaffeafff2ff2e001a00faff14002400e8ff5400caff1c00ccff0c00,dcff0e00e6fff6ffeeffdefff4ff0400f8ff0600eeffeeff00001000e6ff0600,00001000e8ffdaff0c00faffe4ff040076ae166fdc15a8ad1c306815ea9daa2f
5153,5153,0,1a00fcff00000000000010000c000c000c00fafff2fe0c000200f4ffeeffdeff,0400f6ffeafffaffe2ff2e00eaff0a00240014001600d8fffaff2c00ecffecff,0e00fcfff6fff6ff0000000014001400d8ff0600eeffeeff4000eeffe6ff2600,1000eeffdaff46000c00eaff04002400182f4c159a9ddc30286f349d58ae226f
5154,5154,0,fcff0a000000eeffe2ff0000ccffdcfffafffaff2c002c00f4ffe4ffceffdeff,04000400faff0c000000e2ffdafffaff0400140036001600faffeaff1c003c00,fcff1e000400e6ffeeffdefff4ff1400f8fff8ff0c000c001000eefff6ffe6ff,1000cefff8ff16001c00faff2400f4fff66e909ee8ac3a6e181638aec02e7615
5155,5155,0,0a000a000000100000000000fcffecfffaffeaffdeff0c00f4ff3000eeffdeff,1400e6fffafffaffe2ff2e000a00eaff3600f2ffc8fff8ff0c00faff0c00fcff,dcff0e000400220030001000f4ff1400e8ffbafffeff0c0000002000d6ffe6ff,deff20001600f8ffeaff2c000400f4ff38169aadf62f1a17e89e482f426f3a9e
5156,5156,0,fcff0a001000000010000000dcff0c000c000c002c00deff0200e4ff0e00deff,f6ff1400eafffaffd4ffe2fffaff1a000400f2ff2600b8ff2c002c000c00ecff,fcff3e000400f6ff2000200014000400f8ff0600feffeeffeeff2000e6ffe6ff,ceff58000600caff0c001c0004001400b09e882eaa6e8a9ee8ad286f3616a8ad
5157,5157,0,ecfffcffdeff0000d2ff10000c00fcff1c000c001c002c00e4ff4000feffdeff,f6ff1400eaff0c00d4fff2ff4a000a0036001400260026000c000c00dcff2c00,fcffecff04000400000000000400140006003400fefffeff000020003600f6ff,00003000f8ff06000c00eaffd4ff24004aadf66e981768ace42d6816ca9e882e
5158,5158,0,ecff0a000000000000001000dcffecffcaff0c00eeff0c0002001200eefffeff,d6ff14000c00eaff3e00c4ff0a000a0014002400460036001c00eaff0c00fcff,dcfffcff04001400eeffeeff1400f4fff8ffd8ffeeffeeff200000000600f6ff,1000deffdaff46000c00daff04001400482e5a17e89e162f286f989f48ad426f
5159,5159,0,ecfffcffceffdeff100000001c00dcff0c00faffdeff0c00d4ff0200eeff0e00,1400f6ffeafffafff2ffe2fffaff0a000400f2ff06000600faff0c00fcff0c00,fcff0e001400040010002000040014000600f8fffeff1c0000002000f6fff6ff,0000ceff16000600eaff0c003400e4ff266fe09ed8ab9a6e4817b8ad282d1e17
5160,5160,0,1a001a00100000000000e2ffecff1c001c00daffdeffeeffe4ff12000e000e00,f6ffe6ff1c000c000000f2ff4a002a00140024005400e8ff1c00eaff2c000c00,2e00fcff0400f6ffdeff10001400f4ffd8ff2600feffeeffeeffeeff16000600,deff10000600daffeaff0c000400f4ff1018e8ac982e5818b89fa42c626f229f
5161,5161,0,1a000a00eeff00001000e2ffecff0c002c00faffceffdefff4ffe4ff2e000e00,040014001c00faffd4ffd4ff1a000a001400f2ff360026001c00faffecff0c00,0e00fcff040004000000200024002400160006000c000c00000000000600f6ff,deff68000600f8ff0c001c0004002400a09ffa2cea6ea69fe8ac286ffe17c8ac
5162,5162,0,0a00fcff000010002000e2fffcffccffdafffaffdeff0c002200a6ff3e002e00,f6ff24000c000c00d4ff0000eaff0a001400f2ffe8fff8fffaff0c00ccffdcff,dcfffcfff6ff2200eeffdeffe4ff0400d8ff2600feff0c0000003000f6fff6ff,deff3000daff06001c000c000400140044ac466f001968ab642cec18729f982c
5163,5163,0,fcfffcffeeffeefff2ff0000fcff1c001c00faffe2feeeffe4fff4ff0e002e00,24000400faffeaffe2fff2ff0a001a000400f2ff160016001c000c000c00fcff,0e00acff04000400eeff000004003400caffe8ffeeffe0ff000000002600e6ff,3000eeffcaff46000c00faff14002400f62ba018f69fc82d486f5ca000aca26f
5164,5164,0,0a000a00000000000000e2ffecff0c000c00daff0c00eeff02000200eefffeff,04000400eaff0c0020003e000a001a00f2ff040036004600faffcaffecfffcff,0e000e00f6ff04000000eeff04000400f8ff0600eefffeff1000ceff0600f6ff,3000befff8ff0600fafffaff2400d4ff166f36a0e2aaea6e0c19e8ab002c5019
5165,5165,0,7400fcff10000000e2ff0000dcfffcfffafffafffeff1c01d4ffe4fffeff0e00,140004000c000c00e2ffe2ff1a00faff14002400f8ff1600eaff0c00dcfffcff,0e00dcff04000400eeff100004001400060026000c001c002000300036002600,000010001600e8ffeaff4e002400d4ff7019c4ab982d461a8ca0242cb26ff29f
5166,5166,0,fcffecffeeff00002000f2ff0c00fcffcafffaff0c00feffe4ff1200fefffeff,040004000c000c0000000000fafffaffe2ffe2ff06006400fafffaff1c00fcff,fcfffcfff6ff14002000100014001400f8fff8fffeffeeff20002000d6fff6ff,ceff1000160006001c001c00f4ff040096a0ae2a0a6f66a0d8aba86f901950ab
5167,5167,0,2a001a00200010000000f2ff0c001c00faff0c00e2feeeff120002003e00feff,140014001c001c00c4ffe2fffaff5a0036002400260016000c000c001c001c00,fcff1e00f6ffe6ff00001000340014001600e8ffeeff0c00000000001600f6ff,deff30000600f8fffaff0c00d4ff0400b4aa466f141bf2a9542a5c19d4a0e02a
5168,5168,0,0a000a00000000000000f2ff1c00fcff0c000c00eefffeff120012002e00eeff,f6fff6fffafffaffe2ff2e00fafffafff2ff040036000600faffeaffccfffcff,fcff0e00e6fff6ff1000eeff1400e4ff060016002a00eeff30001000e6ff1600,3000eeffcaff16000c00eafff4ff0400fe296a1ab6a0882d786f2ca194aa626f
5169,5169,0,fcff1a00100000000000d2ff0c00fcfffaffcaffdeffeeff12000200eeff0e00,24000400eafffaffd4ff2e00eaff0a0004000400360036000c00eafffcffdcff,1e001e001400f6ffeeff2000040014000600e8ffeeff0c001000eefff6ff3600,3000000006000600eaff0c0014000400566fe6a032a9ca6ec01ab8ab242a621b
5170,5170,0,0a00ecffdeff100010000000dcfffcfffafffafffeffceffe4ff2200feffeeff,f6ff0400fafffaff3e00f2ff0a000a00f2ff1400360036002c000c000c000c00,9cff0e001400f6ff20001000f4fff4ff0600e8fffeffeeff2000200046000600,deffeeff0600daffeaff1c004400c4ffca1a54aa882dc41b6ca1f028926fc4a0
5171,5171,0,0a00fcff0000eeff0000f2ff0c001c00dafffaffeeff2c00f4fff4ff2e002e00,24000400fafffaff0000f2ff1a000a000400040026001600eaff1c00dcff3c00,0e003e000400e6ff0000200014000400f8ff26000c00eeff0000300026001600,ceff58001600dafffaff1c002400440036a17429ca6ee6a0c2a9686f521b54aa
5172,5172,0,fcfffcffeeff0000e2fff2ff1c000c000c000c001c00eeff2200d4fffeff1e00,e6ffe6fffaff2c000000d4ff1a000a00f2fff2fff8ff36000c000c00fcffecff,0e00dcff0400140010001000a4fff4ff4400e8ffe0ff0c0010001000f6fff6ff,eeff1000060006002c00eaffd4ffd4ffbaa9566f341c02a9e028721c64a15429
5173,5173,0,fcff2a0010000000f2fff2ffecffecfffafffaffeeffeeff1200f4ff0e000e00,12001200eaffeafff2ff0000faff2a00f2ff240006001600caff0c00ccffdcff,0e002e000400d8ff10000000040004000600f8ffeeffeeff1000000026001600,2000deffdaff1600faffb8ff240024008428181c96a1dc27686fcca1e4a9c26f
5174,5174,0,0a001a0020001000000000002c000c00daffdaff0c000c00e4ff0200eeff0e00,12000200eafffafff2fff2ff1a000a0014000400060046000c001c00ccffdcff,fcfffcff040004001000eeff1400040026000600eeffeeff2000eeff1600f6ff,0000deff16004600fafffaff2400e4ff766f36a1a2a82a6fc21c22a91429221c
5175,5175,0,1a000a0020000000e2ff10000c00fcffdafffaffeeff2c00e4fff4ff2e00feff,f4fff4fffafffaffe2ffe2fffaff0a000400f2ff160016000c001c00fcff0c00,fcff0e000400f6ff0000000024002400160006001c00feff0000eefff6fff6ff,000010001600daffdaff0c002400d4ff4c1d5aa96c27f41c50a29028c26fe4a1
5176,5176,0,2a00ecffeeff10000000f2ffecff1c00faffdaffeeff1c00f4ff2200fefffeff,1200f4ff0c001c00f2ff0000faffeafff2ff14000600f8ffdaff0c00fcff0c00,0e00dcff1400140000001000d4ffe4fff8fff8fffeffeeff00000000f6ffe6ff,deff2000160006000c003e00e4ff2400c6a15e27fa6e06a202a9886f4a1d04a9
5177,5177,0,ecff1a00000010001000f2ff0c00fcfffaffeaff0c00eeffd4ffd4ff0e001e00,02000200eaff0c00f2fff2fffafffafff2ff2400060006002c001c00ecff2c00,0e000e003200f6ff1000100004000400d8ff06000c00eeff00000000f6fff6ff,10000000daffe8ff2c00daffc4ff6400eaa8866ff21d62a87c27e21c64a2ea27
5178,5178,0,ecfffcff0000000000001000ecffecff0c00caffceffcefff4ffc6ff0e00deff,e4fff4fffaffeaffe2ff3e001a000a00f2ffe2ff2600d8fffaff0c000c00fcff,0e00fcfff6ff14001000eeff0400f4ffe8fff8fffefffeff300000001600d6ff,0000deffe8ff06001c00daff0400f4ffee26ac1d64a2fc26886f10a39aa80270
5179,5179,0,2a001a0020000000e2fff2fffcff1c00faff1c001c00feff02000200ceff0e00,f4ff12001c00eaffe2ffe2fffaff1a000400240026004600eaff1c00fcff1c00,0e000e00f6fff6ff0000defff4ff2400f8ffe8fffeffeeff0000ceff0600f6ff,4800eeffe8fff8fffaff0c000400e4ffcc6f90a234a71a6fb21e92a8da26ca1d
5180,5180,0,0a000a00eeff2000f2ff2000fcff0c00caff0c00eeff2c00e4ffe4ff0e00eeff,e4fff4ff0c000c00e2ff2e000a00faff14000400060054000c000c00fcff0c00,dcfffcfff6fff6ff1000100004000400e8ff0600eeff0c0010000000f6fff6ff,eeffeeff06000600daff2c000400e4ffea1e84a78025f01e90a35c26c26fb4a2
5181,5181,0,2a000a00000000000000f2fffcff1c00daff0c00eeffeefff4ffd4ff0e00eeff,88ff0200fafffafff2ff1000faff0a00e2ff0400540046000c00faffdcff1c00,fcff0e00140004001000deff140004002600f8ff0c00eeff0000300026003600,ceff2000daffbaff0c000c00f4ff040020a33e262a6fb4a232a8c86ff21e2aa8
5182,5182,0,1a00fcff00000000e2ff20001c00fcffdafffaff1c00f2fe3000f4ff0e000e00,2200f4ffeafffaff2e003e000a00eaff1400040046007400eaffeafffcffecff,ecffdcfff6ff0400100000003400f4ffe8ff5400fefffeff200030000600e6ff,00001000daffe8ff2c00eaffe4ff240094a71c70501f14a7fc25b21f50a35826
5183,5183,0,2a002a001000eeff0000e2fffcffecfffaff1c00eefffefff4ff0200eeff0e00,f4ff12000c00faff0000d4fffaff5a001400140036001600faffcaff2c000c00,0e000e000400f6ffdeff000014001400f8ff2600feffeeff0000200006000600,30000000e8ff16001c00daff0400040060254a1f88a38025c86f60a3daa7e26f
5184,5184,0,0a001a00000000001000f2fffcfffcfffafffaffeeff0c0002000200ceff0e00,f4fff4ff0c002c00f2ff2e00faff0a00e2ff14002600f8ff0c000c00ecff1c00,ecff1e0014002200100010001400d4ff1600f8fffefffeff40000000f6fff6ff,1000eeff06001600eaff0c00040004001c7070a366a63a6f921f3ea73825c21f
5185,5185,0,fcff0a00100000000000d2ff0c001c00fafffaffeeff1c0030001200eeff1e00,f4ff0200fafffafff2fff2ff0a000a000400140046005400eafffafffcffdcff,fcff0e000400f6ff0000100024001400f8ff1600feffeeff0000eeff16001600,000000004600f8fffaff2c000400b4ff202044a76024302022a44c25d26fd0a3
5186,5186,0,0a00fcffceff0000e2ff1000dcffecff0c000c00e2fedeff12003000deff0e00,1200f4fffafffaff00000000fafffaff1400140006001600faffbaff0c00dcff,0e00dcff0400f6ffeeff100014000400f8fff8ff1c001c0000000000f6ff1600,beff58001600bafffaff0c00d4ff1400c0a320253a6fd8a30ea72c70122000a7
5187,5187,0,1a000a0010001000f2fff2fffcff0c00daff0c000c00e2fe0200e4ffeeff0e00,12000200faff0c00e2ff2e00fafffaff36003600e8ff2600faffeafffcff1c00,8cfffcff140014001000eefff4ff1400f8ff34001c000c000000000026003600,00003000060006000c00daffd4ff240094a61c70ee2056a64c24362030a4c824
5188,5188,0,1a00fcff00000000100010000c00fcfffafffaffceffeefff4ff3000feff2e00,12000200eaff1c000000f2ffeaff0a00040004001600e8ff0c00caff0c002c00,2e000e00f6ff0400200000001400d4fff8ffe8fffeff0c00200020000600f6ff,00001000daff54001c00dafff4ff24004a23f02088a46023a86f3ea598a60270
5189,5189,0,1a00fcffdeffeeff1000d2fffcfffcff0c00faffeeffe2fef4ff3000eeff1e00,1200e4fffafffaff0000f2ff0a000a00f2ff0400060046001c000c00fcfffcff,fcff2e00f6ff0400eeff100034000400e8ff0600eeff1c00eeff200006000600,1000ceffdaff1600eaffeaff240004001c7030a466a53a6f36210ea700242421
5190,5190,0,fcfffcffeeff200000001000dcff0c00faffeaffeeffe2fe1200f4ff0e00feff,f4fff4fffafffaffe2ff20000a000a0014000400f8ffb8ffcaff2c000c00fcff,0e000e0004000400deffeeff14000400f8fff8fffeff1c00100000001600f6ff,000030001600e8ffdaff0c00f4ffd4ff502134a6c222cc213ea53a22d26ff8a4
5191,5191,0,0a001a0010000000f2ffd2fffcffecffeafffaffdeffeeff0200f4ffdefffeff,e4ff02001c00eaffe2ffe2fffaff0a001400e2ff260016000c00faffdcffdcff,0e000e0022000400eeffeefff4ff0400d8ff06000c000c00eeff200016000600,ceff48001600daff1c002c0004001400bea4da221a6fe8a44ea6b86f2422d8a5
5192,5192,0,0a001a000000eeff1000c2fffcffecfffafffaffe2feeefff4ff0200ceffeeff,12001200fafffaff2000e2fffafffaff2400f2ffc8ff26002c001c00ccff1c00,2e002e00f6fff6ff0000eeff24001400f8ffd8ffe0ff0c000000eeff06001600,00001000caff06001c00eaff1400040086a5cc6fc22236a53a227a2258a5b422
5193,5193,0,fcff0a0010000000200000000c00ccffdaffdafff2fed2fe22001200eeffeeff,e4fff4fffafffaff2e00d4ff0a00faff2400f2ff1600f8fffaff0c00fcffdcff,0e000e00f6ff0400100000002400e4ff2600e8ffe0fffeff0000deffe6fff6ff,1000eeffcaff06001c00daff040024002a225a2226a58222c86fcea5c8a52270
5194,5194,0,2a001a000000eeffe2ff4e00fcff0c00eaff1c00eeff1c0002001200feff3e00,f4ffe4ffeaff0c00d4ffd4ff1a000a0004001400160006000c000c002c00ecff,0e00dcff14000400eeff00001400140034001600feff0c00eeffeeff1600f6ff,2000eeffe8ff0600daffeaff44000400dc6f98a506a5fa6eea224ea51422e022
5195,5195,0,fcff1a0010000000e2ff0000ecff0c001c00fafffeff0c00300022000e000e00,02000200faffeaff0000f2ffeafffaff040004001600f8ff1c000c00ecfffcff,0e001e0014001400deffdeffe4ff0400caffe8ffeefffeffeeffcefff6ffe6ff,deffeeff1600f8ffeafffaff140004004a2356a55c2150239ea68621f26fa8a5
5196,5196,0,0a00fcff00000000000010001c000c002c00daffeefffeff12000200eeff0e00,f4ffe4fffaff0c002e00f2fffaffdaffe2fff2ff06002600fafffafffcffecff,fcfffcff040004000000eeff1400d4ffd8ffe8fffeff0c00eeff20001600e6ff,eeffeefff8ffdaff1c001c001400f4ff54a650211a6fd6a57ea5c86f902338a5
5197,5197,0,1a000a000000deff2000f2ff0c000c00cafffaff2c002c0030000200feffeeff,2200e4fffaffdaff0000e2ffeafffaff04000400d8fff8ff1c00eaff0c00ecff,ecffdcfff6fff6ff1000eeff1400040006003400e0fffeff1000000016001600,10001000e8ff06001c00faffe4ff240020a41c70502468a47620dc2368a69421
5198,5198,0,0a001a002000eefff2ff10001c00ecff1c000c00e2fedeff300022000e00eeff,040014000c00faff2000e2fffafffaff1400e2ff2600d8ff0c00faffecffecff,0e00dcff0400f6ff0000eeff1400f4ff26000600eefffeffdeffdeffe6fff6ff,10002000daff64000c00dafff4ff14008020da2326a68c20886f1ea790a40270
5199,5199,0,fcff0a001000000010002000fcffecfffaffbaffe2fefeff020012000e00eeff,140004001c002c002e00e2ffeaff1a0004001400160006000c00faffdcfffcff,fcff0e000400f6ff0000deffe4fff4ff0600d8ff0c00feff10004000e6ffb6ff,0000deff16001600eafffaff04001400dc6fe4a618a46a6f5c24fea4aa206024
5200,5200,0,2a000a0010000000f2ff2000ccff0c00dafffaffeeffe2fef4ff0200feff0e00,04000400faffeaffe2ffc4ff0a000a00f2ff14001600c8ff1c000c00ecff0c00,0e00dcff0400f6ff200010001400e4ffe8ff2600feffe0ff0000100036000600,eeff0000f8ffe8ffdaff1c004400f4ffe024a0a36c20e0243ea7821f0270b8a6
5201,5201,0,2a000a00ceff0000f2ff0000fcffdcffdaff1c00eeffeeffe4ff02000e000e00,f6ff04001c00faffe2ff2e002a001a00e2ff140006003600eaff1c001c00fcff,ecfffcff0400f6ff1000000024002400f8ffe8ff1c00d0ff0000eeff06000600,deff1000f8ffcafffaff2c001400040044a710201a6f36a65ea4b86f282500a4
5202,5202,0,2a000a00eeffeefff2fff2ff1c002c00faff0c00feff0c001200f4ff2e000e00,04003200eaffeaffc4fff2ff1a00faff14001400e8ff16001c000c00ecff2c00,0e003e001400f6ff1000eeff140004003400f8fffeff0c00eeff1000e6ff2600,10002000f8fff8ffeaffeafff4fff4ff20a3cc6f602558a3e21e7e2530a7821f
5203,5203,0,1a000a00eeff1000f2ff0000fcfffcfffaffaaffeeff1c001200f4ffdefffeff,f6ff0400faff0c002e00f2fffafffaffd2fff2ff0600f8ff2c00faff0c00ecff,fcfffcff140004000000deffa4ff140016001600feffeeff40001000f6ff0600,eeffdeffcaff72002c00c8ff240014000a1f1e2694a7301f2c70bea7a0a3e26f
5204,5204,0,fcfffcff00000000f2ff0000ecff0c00daffcaffeeff1c00e4ffe4fffeff0e00,0400d6ff1c00faff2e00d4ffeafffaff040024004600e8ff1c002c001c000c00,1e001e00e6ff14000000200014000400e8fff8fffefffeff00003000f6ff0600,2000ceff06000600eaff0c0044001400dc6feaa798a21a6f9e26fea3aa1e2826
5205,5205,0,fcff1a000000deff2000e2ff0c00fcff0c00faff0c00e2fe12003000feff2e00,e6fff6ffdaffeaff0000f2ff0a00faff24000400e8ff26002c00faff2c000c00,0e00fcfff6ff14000000deff0400f4ffcafff8fffefffeff2000eefff6ffe6ff,deffeeff4600f8ffdaff1c004400d4ffee26d0a2d21d5c26a2a8921ee26ff0a7
5206,5206,0,1a001a00eeffeeffe2fff2fffcffecff2c001c00feffcefff4ffe4ff0e002e00,14001400faffeafff2ff00001a001a0014000400e8ffd8fffaff1c00ccff0c00,0e00fcff040004000000000014000400e8ffe8ff1c00e0ff0000100016000600,eeff20004600baffeaff1c00f4ffe4ff6aa82a1e2a6f84a740a3886f3a2720a3
5207,5207,0,0a00fcffeeff100020000000fcffdcfffaff0c004c002c001200e4ffeeffeeff,e6ff24000c000c00f2ffd4ff0a00faffe2ff1400360016001c000c00fcffecff,0e000e00040014000000eeffa4fff4ffd8ff0600fefffeff20003000e6ffe6ff,eeff1000f8fff8ff2c00c8ffb4fff4ff40a2cc6f4c27a8a2021eac26aaa8da1d
5208,5208,0,1a00fcffeeff0000f2ff0000ecff0c001c00fafffefffeff12000200deff1e00,04001400faffeaffe2ff20000a000a00f2ff0400d8fff8ff0c000c00ccff1c00,fcffdcff0400040000001000240014000600caffd0ffe0ff0000300016000600,0000deffdaff16000c00dafff4ff1400fc1cc427e4a7721da86f52a9b4a2e26f
5209,5209,0,0a000a00eeff20000000e2ff0c00fcff0c001c00feff1c002200e4ffdeff0e00,04000400eafffaff0000d4fffaff0a00f2ff2400f8ff06000c00eaff0c00ecff,fcff1e00140004000000eeff14000400e8ff2600e0ff0c000000deff06001600,eeff0000f8ff4600eafffaff14000400bc6fcaa896a1fa6e702810a33a1dea27
5210,5210,0,0a001a000000eefff2fff2ffecffecff2c002c00eeffdefff4ff3000fefffeff,1400d6ffeaffdaff000000000a000a00f2ff0400e8ff2600faffeaffccff1c00,fcff0e00f6fff6ff200000000400140026000600feffeeffdeffceff16000600,0000eeff1600daffdaff1c0024001400d428b6a1d41c3c2852a9801bf26fcaa8
5211,5211,0,fcfffcff100020002000e2fffcff0c000c00faff4c00f2fe3000e4fffeffceff,e6ffd6fffaffeaffc4ffe2fffaff0a00d2fff2ff2600e8ff1c00faffecfffcff,0e000e00040004000000000004001400d8ff0600eeff1c0020001000f6fff6ff,ceff00002400f8fffafffaffd4ff14000aa9081cea6ec2a870a2c86f6a2814a2
5212,5212,0,2a00fcffeeff1000e2ff10001c000c000c00faff0c00f2fe1200e4fffeffeeff,1400f6ffdaffcafff2fff2ff0a00fafff2ffd2ffd8ffc8ff0c000c00ecffdcff,2e008cffe6fff6ff100010002400040026001600feffeeff0000100026001600,00001000e8ffdaff2c00eaffd4ff240086a1566fbc28e6a1901b602994a9621c
5213,5213,0,fcff1a0000000000f2ffe2fffcff0c001c000c002c002c00300022000e001e00,14002400faff0c0020002000fafffaff0400f2ff260026000c00eaffdcfffcff,dcff3e00f6ff0400eeffeeff14001400f8ff16000c001c003000eefff6ff1600,10000000caff16001c00b8ff24002400b81b242962a9e41b886f72a9c4a1c26f
5214,5214,0,1a00fcff20000000e2ffe2fffcff2c001c00faff0c000c00f4ff12002e00feff,04001400faffeaffe2ff20000a000a003600d2ffd8ff06000c000c001c000c00,0e00dcfff6ff0400eeff0000040004002600e8ff0c00eeff0000300016000600,2000cefff8ff0600fafffaff0400c4ffbc6fbaa9e6a0da6e5029b8a0421ba429
5215,5215,0,fcff1a00eeff1000f2ffe2ffecfffcfffafffaff4c000c0022001200eeffeeff,f6ff1400eafffaff3e00f2ffeafffaff0400f2ff360006000c000c00fcff0c00,0e001e001400f6ff1000200004001400e8fff8ffeeffe0ff30002000f6fff6ff,ceff10006400f8fffaff2c001400e4ff842926a1041b9a2926aa201ba26fe4a9
5216,5216,0,2a00fcff00000000000010000c00ecff1c00faffeeff0c0012004000feff2e00,f6ff1400faffeaff2000f2ff5a000a00f2fff2ffe8ff26000c001c001c00dcff,0e000e000400f6ff0000100014001400e8ffcafffeffe0ffdeff40000600e6ff,deffeeff1600acff0c001c00e4ffd4ff64aa6a1aea6e92a9f8a0586f642a24a1
5217,5217,0,0a00fcffeeff0000f2fff2ffecffdcff0c001c00eeff0c00f4ff1200feff0e00,04000400eaffeafff2ffe2ffeafffaff04000400d8ffd8ffcafffaffdcff2c00,fcfffcfff6ff14001000eeff04000400e8fff8fffefffeff2000000006001600,deff0000f8fff8ff1c00eaffd4ff0400c6a0566fda2976a0801a242ac4aac61a
5218,5218,0,1a001a0010001000f2fff2fffcfffcff0c000c00e2fe1c00120002000e000e00,04001400faffdaffe2ffd4fffaff1a0014002400260006000c002c00fcff0c00,ecfffcff040014000000eeff24001400e8fff8fffeff0c000000000006001600,6800eeffcaff46000c00eafff4ff14000a1a7e2a22aa361ab86f56abf4a0a26f
5219,5219,0,fcfffcffeeff100010001000ecffecfffaff0c00e2fef2fe1200d4ffeeffdeff,e6ff1400faff0c002e002e00eafffaffe2ffd2ff060006001c00fafffcfffcff,0e002e00e6ff0400000010000400d4ff2600d8ffeeff0c0000003000e6fff6ff,0000ceffdaff0600faff0c002400e4ff466f34ab26a01a6f042b78a0b019202b
5220,5220,0,0a001a000000defff2fff2ffecff0c00fafffaffe2fed2fef4ff02000e00feff,1400f6ff0c00fafff2fff2ff0a001a001400f2ffd8ff26000c002c00fcfffcff,1e000e0014000400100000000400f4ff16003400e0ffd0ff00002000f6ffe6ff,000010000600f8ffb8ff3e001400f4ff3e2b56a08019c82d56abbc18926f70ab
5221,5221,0,1a001a00eeff00001000e2ffccffecffeaff0c00eeff0c001200f4ffeeff1e00,0400e6fffafffaff20003e000a00faffe2ffe2fff8ff26001c002c00ecffdcff,1e002e000400f6ff00001000140014002600f8ffeeff1c00eeffdeff06001600,deff48004600acff0c000c000400040044aca018da6eb2aad49f986ff02b22a0
5222,5222,0,2a001a0010000000f2fff2ffecfffcfffaff1c000c000c00f4ff02000e00eeff,140014000c00eaffc4ff2000eaff0a0014001400f8fff8ff1c00fafffcfffcff,1e001e000400e6ff0000deff14000400260026001c00eeff3000eefff6ff0600,eeff1000f8ffdaff0c00eaffe4ff240036a0366f382ec69fcc18282df0abe018
5223,5223,0,1a000a000000100000004e000c00ecff1c00dafffeff0c00d4ff3000eeffeeff,e4fff4fffafffafff2ff3e000a00eaff1400e2ff16000600faff2c000c00fcff,0e00fcff0400040010001000f4fff4ffe8ffd8ff0c000c00000000000600d6ff,eeff0000caff0600eaffeaff040024007018be2b20ab9018086f68acb29fa26f
5224,5224,0,2a00fcff00000000f2ff0000ecff1c00eafffaffe2fee2fee4ff02002e002e00,1200f4ffdafffaffd4fff2ffeaff0a00f2ff1400e8ff16001c00caff0c00fcff,1e000e00040014000000deff040024002600f8fffefffeffeeffeeff06001600,3000defff8ff1600daffeafff4fff4ff566f98ac969faa6ed82df49e7018b82c
5225,5225,0,fcff0a00deff00001000f2ffdcffecff1c00eaffdeff1c0012001200feffeeff,1200f4ffdaff0c00d4ffd4fffafffafff2ffe2ffe8ff2600fafffaffecffdcff,0e00ecff1400140000000000140014002600d8fffeffe0ffdeff0000f6fff6ff,eeffdeff0600f8ffdafffaff24000400102d909f5a17b82ee8ac3c18a26f40ac
5226,5226,0,2a000a00100000000000f2ff1c00fcff0c000c00eeffeeff020040000e000e00,0200f4ff0c00eaff0000e2fffafffaff04002400460006002c002c00ecffdcff,9cff1e0014000400100000001400140006000600feff0c00eeffeeff36000600,eeff10006400cafffafffaffc4ffe4ffe8ac8a17aa6ef8ab449f586fba2da29f
5227,5227,0,2a002a0010000000f2ff20001c00ecffcafffaffeeffd2fe400002000e00feff,f4ff1200eafffaff10003e000a00eaffe2ff0400e8ff0600faff2c00dcffccff,0e000e0014000400100010001400f4ffe8ff06000c00eeff00002000f6fff6ff,deff0000daffdaff1c000c00e4fff4ff109f066f762f089fac15582d08ad2e17
5228,5228,0,0a001a0000001000f2ff0000ccff0c00faff0c000c00eeff02000200eeff0e00,12001200faff1c002e00e2fffaff0a00f2ff1400f8ff06001c001c003c00ecff,0e000e00f6fff6ffeeff0000f4ff1400d8ffd8ff0c001c003000eeff0600f6ff,20000000caff16001c00dafff4ff240078163e2e30ac3a17286f68aeea9e326f
5229,5229,0,0a000a00deff0000f2ff20000c00ecffdaffeafffeff0c00120012002e002e00,1200f4ffeaffeaff20002e000a00fafff2fff2fff8ff16000c002c000c00dcff,1e000e00f6ff040042000000140014002600e8fffeffe0ff000000000600f6ff,2000eeffe8ff0600eaff1c0044000400166fbaad9a9eca6eb82ec49e0616c02e
5230,5230,0,ecff2a00000000000000e2ffdcfffcfffaff0c002c001c0022003000eefffeff,f4ff1200fafffaff0000d4fffafffaff140014002600c8ff0c000c00dcffecff,0e000e00040004001000ceff04000400f8fff8ff2a001c003000deffe6fff6ff,eeffeeff54001600daff1c000400c4ffde2ee09e6a160630f8adbc14226fa8ad
5231,5231,0,fcffbcffdeff00001000f2ffecfffcffdafffaff0c002c0040000200eeff2e00,1200d4ffeaffeafff2ff4c000a00faff0400e2ff160006002c000c000c00ecff,0e00dcfff6ff040010001000140004003400f8ffeefffeffdeff10003600e6ff,ceff0000f8ffcaff1c001c00f4ff040056ae6c155a6e18ad449e286f302f7a9e
5232,5232,0,0a002a0010002000f2fff2ffecfffcfffaffdaffeeffe2fe1200f4ff1e00feff,e4ff02000c000c00e2ff0000eafffaff14002400e8ff26000c002c001c001c00,fcff1e0004001400eeff0000d4ff0400f8fff8fffeff2a0010000000f6ff1600,10003000e8ffe8fffaffdaffd4ff2400609e266fec300a9e4c14b82fe8ad7615
5233,5233,0,0a00fcff00000000e2fff2ffecfffcffdaffeaff1c001c00300002000e00deff,f4fff4fffaffeaff2e000000fafffaff0400140046001600caffeaff3c001c00,0e001e001400f6ffeeff10000400040026002600feffe0ff100010000600d6ff,6800deffcaff16002c00eaffe4ff24008c141e3088ad6c15f86e58ae0a9e326f
5234,5234,0,fcfffcff00000000f2ff1000ecffecfffaff1c002c001c0012003000feff0e00,0200f4ff2c001c003e00b6ffeafffaff040014000600e8fffafffafffcffdcff,0e00fcff04000400deffeeff04001400d8ff1600feff0c0020000000f6fff6ff,2000deff06005400eaffeaff0400d4fff66eb6ae3a9e6a6e3c30449da614f02f
5235,5235,0,0a00fcff0000eeff00000000ecffecffeaff0c00eeff0c00f4ff22000e002e00,d4ffd4ffcaff0c00e2ff2e001a000a000400f2fff8ff06000c002c00fcffecff,fcffecff0400f6ff0000100004000400d8fff8ffeefffeff0000eeff06000600,deff10000600f8fffaff1c00f4fff4ff6e30a29d5e148c3138af4c14226f88ae
5236,5236,0,fcffecff10001000f2ffe2ffdcfffcfffafffaffeeff1c00500040004e00feff,0200f4ffeaffeafff2ffd4fffaff0a000400f2ff1600f8fffafffaffdcff1c00,fcff0e00f6ff040000000000140004000600f8fffeff1c000000eeffe6fff6ff,ceff20005400e8fffaff1c00c4ffe4ff16af2814ca6ef6ad249de86ea0307a9d
5237,5237,0,0a001a00eeff0000e2ff00000c000c001c002c00eeffdeff02000200eeff0e00,02001200baffeaff0000d4ff0a001a00e2ff14002600f8ff2c000c00acffecff,0e000e001400f6ff0000100004000400d8fff8fffeffeeff0000eeff1600f6ff,eeffeeff1600f8fffaffeaffe4ff1400929dc66e1032aa9daa12ec3050afde13
5238,5238,0,fcfffcff0000000020000000fcfffcffcaff0c001c00ceff02003000eeff0e00,f4fff4ff0c00daff2e00e2ff0a00faff1400040026002600eaff0c00ecff0c00,fcffdcff040022000000deff040004000600f8ff0c000c0030000000d6fff6ff,30000000e8ff06002c00dafff4ff0400c0128e3134afce13986e2cb03a9d226f
5239,5239,0,1a000a000000eeff100020000c00dcff0c000c00feffeeff1200f4ff3e00deff,12001200faff1c00200020004a000a000400e2ff160006000c000c00fcfffcff,0e00fcfff6ff040010001000140014003400e8fffeff0c002000eeff0600f6ff,3000defff8ff7200faffeaff4400d4ffa66e1cb05a9d5a6e8c31c49cfe121a31
5240,5240,0,fcff0a00deff1000f2ff0000dcfffcfffaff2c00ceffeeff120002002e00feff,1200f4ff0c00eaffe2ff10001a00eaff1400f2ff0600c8ff1c002c000c00fcff,1e000e00f6ff0400deff100014000400260016000c000c001000eeffe6fff6ff,1000eeff16000600eaff2c003400d4ff6e31229d0e13e0321cb04611a06e30b0
5241,5241,0,fcffecffceff100010000000fcff1c00daffdaff1c01eefff4ff0200feffeeff,f4fff4ffeaff0c00e2ff0000fafffaff140004002600f8ffeafffaff1c000c00,0e000e00f6fff6ff00001000140024000600f8ff0c00feff000030001600f6ff,eeff20001600dafffaff1c00f4ff0400acb010121a6eb4af249cc86efa31fa9c
5242,5242,0,2a001a00eeff100020000000ecfffcfffaffdafffeffeeff40001200deff0e00,e4ff22001c00faff3e00f2ffeaff0a000400f2ff060016000c000c00fcfffcff,fcff1e000400040000000000f4ff14000600f8fffeff0c000000eeff0600f6ff,eeff100016000600eaffeaffc4ff1400c29c766e7033da9c2611203370b0a211
5243,5243,0,1a001a001000deffe2fff2ffdcffdcfffaffdaff0c00feff02000200eeffdeff,f4ff1200faffeafff2ffe2fffaff1a0024000400f8ff06002c002c00dcffdcff,1e00fcfff6ff0400eeff1000040024000600e8fffefffeff00002000f6ff0600,1000eeffcaff46002c00daff140004003611b83214b0be12a86ebcb0929c706e
5244,5244,0,fcff0a000000eeff2000f2fffcffecfffafffaff4c000c00f4ff3000fefffeff,02000200eafffaffe2ff3e00eafffaffe2ffe2ff4600d8ff0c002c00fcff1c00,0e000e00f6ff14001000000014000400f8ff2600feff0c0000000000f6ffd6ff,4800beffcaff5400faff1c000400e4ff866eecb02c9c4a6e4033f49b5211aa32
5245,5245,0,fcff1a0000002000f2ff00000c00fcffdafffaff0c00eefff4ff12002e00feff,12000200faffeaffe2ff2e00eafffafff2ff0400f8ffe8ffeaffeafffcfffcff,1e000e00220014001000eeff14001400e8ff16000c00e0ff30000000f6fff6ff,deff00001600daffdaff0c00f4ffd4ff1833b09b6a1180341cb1b610406e3ab1
5246,5246,0,fcffecff0000eeff00000000fcffdcffcaffdaffeeff1c00f4ff30002e000e00,f4ffe4ffeafffaff2e00f2ff0a00eaff1400f2ff060006000c000c001c00fcff,dcff1e0004001400eeff0000140014003400f8ff0c000c000000300006001600,eeff30004600e8ff1c002c00d4ffd4ff8cb1a6101a6eb4b0329b686ef633129c
5247,5247,0,fcfffcff100000000000e2ff0c001c00dafffaffeeff1c00120002001e002e00,120002000c000c00e2fff2ff0a000a0014001400d8fff8ff0c00faff1c001c00,fcff2e00040004000000eeffe4ff2400d8ff06000c00feff00002000e6ff0600,00003000daffdaff0c00faffd4ff2400509b766e5e35ec9b26108033eab14810
5248,5248,0,0a000a00000010002000f2ff0c00fcff0c00daff1c00eeff220002000e00feff,14001400caffeaffd4ff3e000a000a00f2fff2fff8ffc8ff2c001c000c00ecff,1e000e0004000400100000003400040026004400eefffeff200030000600e6ff,1000deffcaff06001c00daff24002400a00ff63494b03a11486e70b2029c306e
5249,5249,0,fcff1a000000deffd2fff2fffcfffcff0c00eaff2c00eeff120002000e000e00,040014000c00faffe2fff2ff0a00faff04002400d8ff2600fafffaff1c00fcff,0e001e0022001400eeffdeff240024000600d8fffeff0c0000000000f6fff6ff,1000deffe8ff5400faff0c0014001400266e56b29c9b0a6eb234529b880fae34
5250,5250,0,fcff0a00eeffeefff2fff2fffcff0c000c00fafffeff2c0012002200feff2e00,14000400daff0c000000f2ff0a00eafff2ff040016000600eaff2c00dcff0c00,0e000e00f6fff6ffeeffeeff0400f4ffe8ff0600fefffeffeeffeeff1600e6ff,100020001600f8ffeaff2c00f4ffc4ff4635009bb40fee35c0b2820e106e7ab2
5251,5251,0,ecfffcff0000eeffe2ff2000fcfffcffdaff3c00feff2c00f4ff30001e002e00,14000400fafffafff2ff20000a000a00f2ff1400e8ffd8ff0c003c00ecff3c00,fcff1e0014003200eeff0000f4ff140026001600fefffeff1000eeffd6ff0600,deff20004600dafffaff3e0014001400f6b2de0e246d72b1129b386e8e35509b
5252,5252,0,fcffecff000000000000f2ffecff0c00eafffaff2c001c0050000200eeffdeff,14001400eaff0c00e2ff2e000a000a00e2ff2400c8ff06000c001c00ecfffcff,dcfffcff14001400ceffeeff14001400f8ff16000c001c000000eefff6ffe6ff,deff3000caffe8ff1c00eaffc4fff4ffa09a266eac368c9b220e123636b3180f
5253,5253,0,1a000a00eeff10000000f2ffecffecfffaff0c000c00deff020030000e002e00,140014001c000c00f2fff2ff0a00faff24000400f8fff8ff1c00faffbcffccff,1e002e0004001400eeffdefff4ff140026002600feff0c000000eefff6ff1600,10000000baff54003e00faffe4ff14004e0e7635a6b2340f186ef0b2a09ae06d
5254,5254,0,0a00fcff2000eeff00000000fcffecffdafffaffdeff0c00020012000e005e00,1400f6ffeafffaffe2fff2fffaffeafff2fff2fff8ff9aff1c000c00ecff1c00,ecfffcff2200f6ffeeffeeff1400f4ff0600f8fffeffeeff00001000e6ffe6ff,0000defff8ff1600faff1c002400f4ff266e46b3dc9a9a6d4236829a020e1e36
5255,5255,0,bcffecff20001000f2ff1000fcff1c00faffdaffe2fedeff220012003e001e00,f6ff04001c000c00f2fff2fffaff0a00e2ff0400e8ff06000c00faffccfffcff,1e00dcfff6fff6ffeeffeeff14001400d8fff8fffeff1c002000000016001600,eeff00001600f8ffeaff2c002400f4ff9236909a960e2c3790b3520dc06d46b3
5256,5256,0,0a000a000000ceffe2fff2ff1c001c00daffeafffeff0c001200e4ffeefffeff,140014000c000c00f2ff3e000a000a00f2fff2ffd8ffe8ff0c00fafffcff1c00,0e000e0004002200100000002400f4fff8fff8ff0c00feff0000eefff6ff0600,eeff48001600dafffaff2c000400f4ffd6b3420df46c3eb5ce99e86dd636709a
5257,5257,0,0a00fcff0000000010000000fcff0c000c00dafffeffe2fe30000200eeff2e00,f6fff6ff0c000c00f2ff00000a001a00d2ff240036000600eaff0c001c000c00,fcff0e0014002200eeffceff1400f4fff8ff0600eeff0c0000000000f6ff1600,10001000e8ff06002c00fafff4ff1400d6999a6d2a38cc9a920c923646b4ee0c
5258,5258,0,fcfffcffeeffdeff000000000c00fcffdafffafffeffe2fef4fff4fffeff3e00,04001400faff0c003e00f2ff0a00fafff2ff0400f8ff06000c00faff0c001c00,0e00fcff1400140000000000e4ff0400f8ff06000c000c0020002000f6fff6ff,00000000f8fff8ff3e00c8ff14004400fe0b72376eb5160ed86d72b4409a906d
5259,5259,0,fcff1a001000eeff000000000c00ecff0c000c00cefffeff400002002e00feff,1400d6ff0c00faff0000e2fffaff0a00f2ff0400f8ff26000c000c000c001c00,1e001e00f6fff6ffeeff100004001400f8ff0600eeff0c00deff2000f6ffe6ff,3000eeff16001600faff0c000400f4ff6a6d74b4669ae46cb237ae99580c8637
5260,5260,0,fcfffcffdeff10001000e2ffecffecfffafffaffeeffceff220002000e001e00,1400f6fffafffafff2ffd4ff0a00faffe2ff140026000600faffcaffecfffcff,1e001e001400f6ff0000eeff040014000600f8fffeff0c002000eeff06001600,eeff10000600e8ffeaff0c00f4ffd4ff2838b699f60dd23892b5b20a606dfeb4
5261,5261,0,0a000a00eeffeeff2000e2fffcff1c00caffdaffe2fedeff02004000deffeeff,f6ffe6ffeaff1c003e00f2ff0a00eaffe2ffe2ffd8ffd8fffaff0c00fcff1c00,0e000e00f6ff140000000000f4fff4fff8fff8ffeefffeff000000000600e6ff,deff10002400daffeaff0c00f4ff0400a4b53e0b766c0eb69e99d86d7838e099
5262,5262,0,0a00fcff00000000f2ffe2fffcff1c000c00faffeeffeeff22000200feff0e00,040014000c00eafff2ff2e002a00faff14000400f8fff8fffafffaff0c00ccff,0e001e00140014000000eeff1400140034004400e0ffeeff10000000f6ff1600,00002000daffdaff1c00faffd4ff040076992a6da239269a320a1639ceb5e80a
5263,5263,0,fcfffcff30001000200010000c00dcff1c000c00e2fe1c00120012000e000e00,04001400faffdaff4c0010000a000a0004001400060016000c001c000c00fcff,ecffdcfff6ffe6ff0000deff0400040016003400e0ff0c0010000000f6fff6ff,3000deffdaff16002c00c8fff4ff3400c409b838bab6080a266d62b59099306d
5264,5264,0,fcff1a0000000000e2fff2ff0c000c00faff0c000c001c0012000200feff2e00,040014000c00faff3e00d4ff0a000a0004001400f8ff06002c002c00fcff0c00,1e000e0014000400eeffeefff4ff0400060026000c00feff10003000f6ff1600,4800deff16001600eafffaff140014000a6db0b6069a466c66399e985c0a2839
5265,5265,0,fcff1a00eeff100010001000ecffecfffaffcaff0c000c0012001200eeffdeff,04000400faff0c000000f2ffeaffdaffe2ff0400d8ffe8ff0c000c00dcffdcff,0e001e00e6ff1400000000000400f4ff16002600feff0c002000000006000600,eeffceff1600f8ffdaff2c001400f4ff3839f698d008183a92b6220a206d4eb6
5266,5266,0,fcff2a00000000001000e2fffcfffcff0c000c00eeff0c00500002001e002e00,320004000c00eafff2ffe2ff0a00faff2400f2fff8ff0600eafffaff1c001c00,fcfffcff0400f6ffdeff100004000400f8ff26000c00d0ffeeffeefff6ff1600,ceff00004600baff0c002c00e4fff4ffb0b68409466c7ab7de98f66c68394099
5267,5267,0,0a00fcff10000000f2ff0000fcff0c00faff0c000c00eeff220002000e00deff,f6ff04000c00faffd4ffe2ff1a001a00d2ffe2ff060016002c000c00ccfffcff,1e00dcff04001400eeff0000f4ffe4ff2600f8fffefffeff200010001600d6ff,deff3000daffe8fffaffb8ffe4ff0400d698ea6ca83af098ae087639ceb64c09
5268,5268,0,1a00fcff00000000f2fff2ffdcfffcffcaff0c00eeff1c0050001200feffdeff,f6ff1400faff0c0020002e00eafffaff14002400260046000c000c00dcffdcff,0e002e00140004001000deff14001400060006001c00eeff100000002600f6ff,0000eeffbaff06003e00eaff04001400d408223abab75208e66ca4b7d098e06c
5269,5269,0,fcff0a00eeffeeff300020000c001c00caffbaffcefffeff400002001e002e00,f6ff0400fafffaff0000f2ff0a000a00f2ffd2ff260016000c000c00ccffecff,1e00fcfff6ff1400deff000014001400baffe8fffefffeff0000000016000600,1000deff06001600fafffaff0400e4ffca6cd6b72099666cba3ade98fc08283a
5270,5270,0,0a00fcff000020000000e2fffcff0c000c00faffcefffefff4ff3000eeff3e00,040014000c000c000000f2ff1a001a002400e2ff260006000c000c00dcffecff,fcff0e00e6ffe6ffeeffdeff14001400060006001c000c00eeffdeff16002600,0000eeff0600e8ffeaff1c002400f4ffc23a96983207363ba4b75a07e06c76b7
5271,5271,0,1a000a0010000000100000000c001c000c00faffcefffeff300012000e000e00,0400e6fffafffafff2fff2ff1a00fafff2fff2fff8ffd8ffeaff0c001c00dcff,0e000e001400040010000000d4ff0400d8ff2600fefffeffeeff2000f6ff0600,ceff68001600daffeaff2c00d4fff4ff26b87408f66b1ab84e98c66c3a3bb098
5272,5272,0,0a000a000000200010002000ecff1c00fafffafffeffeeff02003000feff0e00,140014004c000c002e00e2fffafffafff2fff2ffd8ffe8ff0c000c00dcff1c00,fcfffcff04000400eeffeeff040004000600e8fffeffe0ff00000000f6ff0600,10001000f8ff0600fafffaffd4fff4ff3698ca6c563cd098ca061c3ca8b81208
5273,5273,0,fcfffcffeeffeefff2ff20000c00dcffdaffeaffeeffceff22004000eeff2e00,0200f4ff1c000c003e00c4ff0a00faff2400f2ffd8ffd8ff0c000c00fcff0c00,0e00fcff140022000000eeff140004003400e8fffeffeeffeeff00001600e6ff,1000eeffe8ff16001c00daffe4fff4ff3c07523b0ab97206b66c48b8fe97906c
5274,5274,0,0a00fcff1000eeff0000e2ff1c000c000c000c000c00e2fe12002200feff0e00,1200f4ffeaffeaffe2ff2000faff0a00f2ff0400d8ffb8fffaff1c00ecffecff,ecffdcffe6ff14000000000014000400160026000c000c00eeff200036001600,1000beffdafff8ffeaff0c000400f4ff7a6ca6b87098f66b5c3caa974207ca3b
5275,5275,0,ecff0a000000eeff0000f2ffdcffecfffaffbafff2fefeff02000200eeff2e00,120022001c001c00e2ff2e004a000a000400f2ffb8ffe8ff0c001c00dcfffcff,fcff1e002200f6ffeeffcefff4ff0400d8fff8ff0c001c002000000016000600,eeff10000600daffc8ff0c00e4fff4ff763c46984605a63ca8b8ba06086c18b9
5276,5276,0,fcfffcff00000000e2fff2fffcfffcff2c00faffd4fef2fe22001200fefffeff,f4fff4ff0c00eaff2e0000001a00eaff04000400e8ff06002c001c00ecff0c00,fcff0e00040014003000eeffe4ff14002600d8ffe0ff0c0020002000f6ffe6ff,ceff00001600daff0c001c00f4ffc4ff66b94406966bd8b97a97566c023dfe97
5277,5277,0,0a00fcff1000000010001000ecffccff1c000c00eefff2fe22001200feff0e00,020002001c001c00f2ffd4ff0a001a00040024001600f8ff0c002c00dcfffcff,fcff0e001400f6ffeeff30002400240026003400eeff0c000000000026002600,deff4800060006001c000c00e4ff240070977a6ca43d00981c05ac3c88b95006
5278,5278,0,fcffecff2000eefff2ff4e000c00ecff0c000c00fefff2fe12004000fefffeff,12000200fafffafff2fff2fffaff1a0004001400d8ff16000c001c000c00dcff,3e002e00f6fff6ffeeffeeff0400f4ffe8ffe8ff1c001c00000000003600f6ff,3000eeffbaff06001c00eaffe4ffe4ff5805563db6bae604466c7cbabe97d86b
5279,5279,0,fcffecff000000002000e2fffcff0c000c00faff2a001c00120002003e00eeff,f4ff12002c000c00e2ffd4ff0a001a001400e2ff1600f8ff1c001c00dcff0c00,0e000e0014000400eeffbcff040014000600f8fffeff0c000000eefff6ff1600,3000defff8ff0600eaffeafff4ffe4ffa86b80bae097566bbc3d1a972005823d
5280,5280,0,0a000a000000eefff2fff2fffcff1c00eaff0c00feff1c005e0040002e00deff,e4ff1200daff1c00f2fff2ff1a000a00f2ff0400d8ff26001c00faffecffecff,ecff0e001400220020000000f4ff1400f8ff26000c00feff100030001600f6ff,deffdeff4600f8ffeaff2c001400c4ff423e8097e603423e6cba5a03e86b38ba
5281,5281,0,fcff2a000000200010000000ecff0c00faff1c00eeff0c00e4ff1200feff0e00,e4fff4fffaff0c002e00f2ff1a00fafff2ffe2fff8ffaaff0c000c00dcffdcff,0e00ecff04000400000010001400140034003400fefffeffeeff200006000600,deff10001600daffeaff1c00c4ff040080ba7804266b26bbea96166c923d4e97
5282,5282,0,1a000a00000000002000e2ff1c000c000c000c00d0ffeeff12002200feff0e00,1200e4fffafffaffd4ffe2ffdafffaff14001400c8ff16004c000c000c000c00,1e000e00f6ffe6ff0000eeff2400140026000600e0ff0c001000000016000600,30000000f8ff06001c00daffc4ff04002097586bd23eb0977a03dc3ec8ba4804
5283,5283,0,2a001a0030000000f2ffe2ffdcffecffdaff0c00fefff2fe40001200eeffeeff,e4ff22000c00faff00000000faff0a001400f2ffd8fff8ff1c00faff1c00dcff,ecff2e00040004000000eefff4ff0400f8ff26001c00eeffeeff0000f6ff1600,20000000daff06001c00c8ffd4ff04003203b23ea6bb1603066c7cbac696a86b
5284,5284,0,1a000a0000000000f2ff2000fcfffcff0c00faffe4fed0ff12001200eeffdeff,2200e4ff1c000c002e000000dafffaff040004001600d8ff0c00faffecff0c00,dcff0e000400f6ffeeff0000240014002600e8ffeefffeff00001000f6ffd6ff,1000deff160016001c001c001400e4ff386b40bb5097c66adc3e7a968803923e
5285,5285,0,0a00fcff000010005c00e2fffcfffcfffaffdafff2fe02ff40000200feffdeff,1200f4ffdafffafff2ffe2ff0a00fafff2fff2ffd8ff16000c000c001c00dcff,1e001e000400e6ff1000100004000400f8ffd8ff0c00feff00000000f6fff6ff,1000deff06001600daff3e002400e4ff123ff096a802223f4cbbca02686b38bb
5286,5286,0,0a00fcff0000defff2fff2fffcff4c001c002c00feffe4fe02003000eeff2e00,02000200faffdaffd4ff2e001a00faff1400f2fff8ff06001c000c000c003c00,fcfffcfff6fff6ffdeffeeff14000400340034000c000c002000eefff6ff2600,beff10001600caff2c000c0004000400d0bb9202c66a36bc6a96c66b6a3fa696
5287,5287,0,0a003a00200000001000e2ffecffecfffafffaff1c00eeffd4ff1200feff0e00,f4ff12000c00eafff2ffe2fffaffcafff2ff0400460006000c000c00fcff0c00,0e00dcfff6ff0400eeffeeff0400f4ff0600f8ff0c000c001000eeffe6ff0600,deff20001600e8ff0c00c8fff4ff2400d096f86a723ff0963a02ec3e5abc7c02
5288,5288,0,2a000a000000eefff2ff1000fcffecfffafffaffeeffeefff4ff22000e00eeff,f4ffe4fffaff0c00e2ff3e000a00faff14002400f8fff8fffaffdaffecfffcff,0e00fcfff6ff04000000eeff040004000600e8ff0c00eeff000000001600e6ff,1000ceffbaff06001c00eaffe4ffe4ff9801184074bd9201b66bcebc5696386b
5289,5289,0,1a00fcffeeff000010000000fcffecff1c00daffd0ff0c0040003000fefffeff,12001200eaff1c00f2fff2fffaff0a0014000400d8fff8ff3c001c00fcfffcff,0e00fcfff6ff04000000eeff14000400f8ff4400e0ffeeff30002000e6ffd6ff,3000ceffe8ff0600eafffafff4ff2400b86a24bd9296366a20406a969c01ea3f
5290,5290,0,0a00fcff2000eefff2fff2ffecfffcff1c002c00eeffd0ff30001200feff0e00,1200f4ffeaffeaff0000f2ff0a001a0014001400e8ff1600eaff2c00ecffecff,1e002e001400f6ffeeffeeff14001400060026001c00feffdeff000026002600,eeff000016000600daff2c0034000400b8405e96220190402ebd6600d86a02bd
5291,5291,0,fcff1a00000010001000f2ffecfffcfffafffaff0c0002ff02003000deff0e00,e4ff1200eafffafff2ff3e00faff0a00f2fff2ff0600f8ff1c000c000c00ccff,9cff1e001400040000000000e4fff4ff2600f8ff0c001c0000000000e6fff6ff,deff10001600caffdaff1c0014001400a4bdb800166ab4bdba95966b1c41e695
5292,5292,0,0a002a001000eefff2ffe2fffcffecffdafffaff02ff1c001200f4ff1e00feff,12000200eafffafff2ffe2fffafffaff040014001600f8ff1c001c00ecffdcff,fcff4e00040014000000000014000400e8ff0600feffe0ff00000000f6ff0600,eeff2000060006000c00dafff4ff24003e96786a5e4172967600a041c2bd8c00
5293,5293,0,fcff1a0000001000f2ff4e00fcffecffcaffdaffeeff1c00020040001e00feff,f4ff0200eaffeaff2e000000fafffaffe2fff2ff160006002c00eaff0c00ecff,2e00dcffe6fff6ff100010000400f4ffd8ff06000c00feff0000200026002600,1000eeffacff54000c00faff040004005800f840e4bd4400a66b5ebd16967c6a
5294,5294,0,1a001a002000eeffe2ff0000fcff1c000c00fafff2fef2fe1200f4ff0e002e00,12000200eafffaffd4ffc4ff0a000a000400040006002600faff0c00ecfffcff,ecff1e00f6fff6ff0000eeff24001400e8fff8ff1c00feffeeffeefff6ff0600,3000beffe8ff5400eafffaff1400f4ff586ab4bd54966269a0412a953a003c41
5295,5295,0,ecfffcff00001000e2fff2ffdcfffcffeaff1c00eeff0c00f4ff22001e002e00,12001200eaff0c00f2ff0000fafffaffe2ffe2ffd8fff8ff0c00eaff1c00fcff,dcffdcffe6ff22001000000014000400d8fff8ff0c00feff00000000e6ffe6ff,eeffceff46001600c8ff0c001400d4ff1242a29576ff1442bebeb0ff4c6a42be
5296,5296,0,fcff0a0010000000d2fff2fffcffecff0c001c000c00e4fe120030000e000e00,e4ff12000c00faffd4ff4c000a00faffe2fff2ff260036000c00faff1c00ecff,fcfffcfff6ffe6ffeeff1000240004003400f8fffefffeff0000eefff6ff1600,ceff00000600f8fffaff1c00e4ff040010bf00ff626922bf3a95b2690c42a695
5297,5297,0,ecffecffeeff00000000f2ffecffdcff0c00faff1a010c00f4ff12003e00ceff,e4ff1200eaff0c0020002e000a000a00f2ff0400d8ffd8ff0c00faffdcfffcff,fcff0e000400040020001000f4ff1400d8ff0600feff0c00100000001600f6ff,00001000cafff8ff2c00eaffe4ff240052958e69d442b49540fe64425abfc2fe
5298,5298,0,0a00ecffeeffeeffd2fff2ffecff1c002c002c00feffe0ff22001200deff2e00,12001200faffdafff2fff2ff0a001a0004000400d8ffb8fffafffafffcffecff,dcff1e000400f6ffeeff000024002400440006001c001c00eeff0000f6ff3600,1000deffcafff8fffaffa8ff0400140050fec242b0bf56fe366a5ebf56951c6a
5299,5299,0,0a00fcff00000000f2ff0000dcff0c00faff0c002c00feff02003000feff3e00,020002000c000c00e2fff2ffeaffdaff2400d2ff060016000c000c000c000c00,ecfffcff040014000000eeffe4ff0400160006000c000c001000eeffe6ffe6ff,3000000016001600eaffeaff2400e4ff7c6970bfb49552692443ea9442fe7c42
5300,5300,0,fcfffcff000020000000f2ff0c00fcfffaff0c00feff2c0002003000feff0e00,020002000c00faffe2ff4c00faff1a000400f2ff26000600faff0c00ccffecff,bcff9cff22001400000000002400040006000600feffeeffeeff200016000600,eeff000016000600faff1c001400b4ff0243629578fd34435ebf90fccc694abf
5301,5301,0,2a00fcff10000000f2ffd2ffecffecff0c000c00ceffdeff40003000fefffeff,1200f4fffafffaff20002e000a000a00e2ffe2ff2600f8fffafffaffecfffcff,0e000e000400f6ff000010000400040044000600fefffeff0000400016000600,deff10001600daff0c001c00e4ff040046c010fe3269b0c0ba948269a843f694
5302,5302,0,fcff0a002000eeff0000f2fffcfffcff2c00faffceffe2fe40001200eeffeeff,020002001c000c00e2ffd4ff0a00faffe2ffe2ff0600c8ff0c00faffecff0c00,0e002e001400f6ffdeffceff04001400f8ff06000c00eeffeeffdefff6ff0600,10000000f8fff8ffeaff2c00d4ff140022956c690244949580fc76440ac0c2fc
5303,5303,0,fcffecff10000000e2ff2000fcffdcff1c00faffceffdeff400022001e002e00,12001200faff0c003e00e2fffaff1a000400f2ffd8ff16000c00fafffcffecff,ecffccff04000400deff000004001400d8ff34001c00eeff100000001600f6ff,10001000daff16001c00daffe4ffe4ffb4fc824310c10afd726942c0e6949c69
5304,5304,0,fcfffcff1000eeff0000f2ff0c00ecfffaffdaff1c00e2fe120030002e003e00,02001200caff1c00d4ffe2ffeaffeaff1400f2ff1600f8ff0c00eaffdcffccff,ecfffcff22001400eeffeefff4fff4ff0600d8fffeff1c0030003000f6ff1600,eeffaefff8ff1600fafffaff04001400ec68c6c08495226976449a94c2fc2844
5305,5305,0,bcfffcffeeff000000000000fcfffcfffafffafffeffdeff22000200feff0e00,220012000c00eaffd4fff2ff1a00eaff14003600640026000c002c00ccfffcff,ecff8cff040014000000100004000400e8ff0600fefffeff0000eeffe6ff0600,deffdeff0600f8ffeaff1c00140004005a454694eafb624422c100fc2c696cc1
5306,5306,0,bcffecffdeffeeff000000000c00fcffdafffaff4c00e2fe120002002e00feff,f4ff12000c000c00f2ff3e000a00faff1400e2ff0600f8ff1c00faffecfffcff,0e00fcff0400040000000000f4ff140026000600eeff0c00000020000600f6ff,deff00001600cafffaff3e00e4ff040076c1f0fba268a0c18a942269e0449e94
5307,5307,0,fcffecff000000000000f2fffcff1c00caffdaffeeff1c00f4ff1200eeff2e00,e4ff22001c001c00d4fff2ff0a000a00f2fff2ff5400e8ffeaff1c00dcffacff,1e00fcff2200f6ffeeff1000f4fff4ff160016001c001c000000eeffe6fff6ff,000030000600f8ff1c00daffd4fff4ffe693ec68f2449494aefa8644dcc1dafb
5308,5308,0,fcffdcff1000000000000000fcffdcffdafffaffeeffeeffe4ff02000e000e00,1200f4ffeaff0c002e0020000a00fafff2fff2fff8ff36000c000c000c00ecff,1e00dcffe6fff6ff0000eefff4ffd4fff8ff4400feff1c000000eeff0600f6ff,1000eeffdaff16004e00faffd4ff1400e2faaa4550c29afb126972c36e94ec68
5309,5309,0,fcfffcff1000000020001000fcff0c00eafffaffeeffdeffe4ff0200eeff3e00,300012001c00faff20002000eaff0a002400f2ff36004600faff2c00fcff0c00,2e002e000400040010001000240014004400e8ff0c00feff20000000f6ff1600,4800deffdaff0600faffeaff04002400ac68b0c20495106846452a9498fac045
5310,5310,0,dcff0a0020001000f2ffe2ff0c001c00cafffaffceffeefff4fff4ff2e000e00,12000200faff0c002000f2fffafffaff0400f2ffd8ff16000c000c00fcfffcff,dcff0e00e6fff6ff0000eeff1400f4ffe8ffe8ff1c000c002000eefff6ffd6ff,eeffeeff1600e8fffaff1c00f4ffc4ff4646b693fafa204612c36af98268acc2
5311,5311,0,0a00ecffeeff2000f2fff2ff0c00fcfffaffdafffeffe2fee4fff4fffeff2e00,e4ff12000c000c002000e2ff2a00faff1400f2ff160016000c000c00fcffecff,0e000e00040014000000eeff04002400f8ff26002a000c00eeffeeffd6fff6ff,deff30005400daffeaff1c00f4ffd4ff10c388f9f06702c3789382689046fe93
5312,5312,0,2a00fcffeeff0000f2ffe2fffcffecfffafffaffe2feeeff020022003e00feff,12001200faff0c000000e2ff0a00eafff2fff2ffe8ff46002c00caff1c00dcff,fcff8cff1400140000002000f4fff4fff8ff1600eefffeff0000deff1600f6ff,eeffeeffe8ffdaff0c00faffe4ff140086935c687e4654943af9444728c3b8f9
5313,5313,0,ecfffcff10001000f2fff2ff1c00fcff0c002c00eeffeeff020002000e002e00,020012000c00daff2e00f2ffdaff0a00d2ffe2ff060026000c000c00ecff0c00,0e00dcff14001400deffeeff04000400f8ff26002a00feffeeff000006001600,10001000dafff8ff0c00eaffe4ff040038f9164792c396f9ce6782c3ee935268
5314,5314,0,fcff0a00eeff000000000000ecff1c000c001c00fefffeff120002000e002e00,1200f4ff0c001c00f2ffd4ff0a00faff0400e2ff2600f8fffaff0c000c000c00,0e002e0032000400eeff00000400140016000600eefffeff4000eeff0600d6ff,3000defff8ff16000c00eaff2400e4ff1c68b0c34494906774472893e8f85247
5315,5315,0,0a001a00eeff1000f2ffe2fffcff1c00eafffafffeffeeff1200f4ff0e000e00,120022000c003c00f2ffe2ffeafffaff14001400f8ff2600faffeaffecffccff,0e00fcff040004000000eeff1400040006002600fefffeff0000eefff6fff6ff,deffceff1600daffc8ff1c004400c4ffbc47669326f93e4710c5eaf8e267f8c3
5316,5316,0,fcff1a00eeff000020000000fcff0c00fafffafffeff0c00f4fff4ff4e00feff,f4ffe4fffaff0c0020004c001a00fafff2ffe2ffe8ff26002c002c00fcffccff,fcff0e00f6ff1400eeffdeff14004400f8ff2600fefffeff20003000f6ffe6ff,eeff10001600caffeaff1c00e4ffd4ffc2c326f8606732c428937e67d247be93
5317,5317,0,0a001a0000000000f2fff2ffecff0c00fafffaffceff0c00e4ff02000e003e00,f4ffe4ff0c00eaffd4fff2fffaff0a0004001400360046002c00fafffcff0c00,fcff0e000400f6ffeeff100004001400f8fff8ff0c00eeff2000eefff6ff0600,00003000060006002c001c00d4ff04002693ec678e47149496f7944700c5f6f7
5318,5318,0,1a000a00eeff100010001000fcfffcffdafffaffeeffeeff2200e4ff0e002e00,f4fff4ffeaff0c000000f2ff0a000a0004000400260016000c000c00ccfffcff,1e00fcff040014001000eeff14000400f8ff16000c00feffceffeefff6ffe6ff,0000eeffdaff16003e00eaff0400140000f72c4870c5b6f86e6740c67e93a267
5319,5319,0,dcff1a000000deff0000e2ffecff0c000c000c000c00defff4fff4fffeff0e00,020022000c001c002e00e2ff1a001a00f2ff04001600f8ff0c000c00fcfffcff,fcff0e00140004002000deff240004002600f8ffe0fffeff0000eeff0600f6ff,0000deffdaff1600eaff0c000400f4ff366758c5e493f0668848f89216f73248
5320,5320,0,0a00fcff000000001000f2ffecff0c00faffaaff0c002c00f4ff0200fefffeff,020002001c000c00e2ff10001a001a00f2ff0400f8fff8ff0c00faffecffdcff,0e00fcfff6ff04001000eeff24002400f8fff8fffeffeeffeeff20000600f6ff,deffdeff0600f8ffc8ff0c004400e4ffec4816937ef75e4860c646f62267a0c5
5321,5321,0,0a00fcff0000000000001000fcff0c00faff1c00eeffe2fe500002003e002e00,f4fff4ffeaff0c002e00e2ff1a000a001400e2ffd8ff06000c002c000c001c00,dcff1e00220014001000eefff4fff4ffe8ffe8ff0c000c00000010001600f6ff,deff00001600caffeaff1c000400a4ff6cc6d0f6f066e0c508933e674c492e93
5322,5322,0,ecfffcffceffeeff00000000ecfffcff2c00fafffefffeff02000200eeff2e00,020002000c00eaff20002000eafffafff2ff0400360026000c000c00fcff0c00,fcff1e00f6ff04000000000004000400e8ff44000c000c00ceffeeff0600f6ff,deffeeffe8ffdaff1c00faffe4ff0400f692f666ee48c493a6f61e4a50c63ef6
5323,5323,0,fcffdcffeeffeeff0000f2ff0c00fcffdaff0c000c00eeff120022002e001e00,120002000c00fafff2ff20000a000a00f2fff2ff060016000c000c00ecfffcff,ecffecff04002200eeffceff0400f4ff060034000c0066004000eeffe6ff0600,0000eeffcaff06001c00daffe4ff440070f68c4900c6b0f62e6750c6f2923267
5324,5324,0,fcfffcff0000eefff2fff2ff0c000c000c000c00e2fecefff4ff30002e001e00,1200e4ffeaff0c0020002e004a00faff1400f2ff160046000c00faff0c00fcff,0e000e00f6ff04000000100024000400f8ff06000c00eeffeeffdefff6ff2600,2000ceff160006000c000c000400d4ffd666ccc6a4933266aa49d892bef57c49
5325,5325,0,fcfffcffeeff1000f2fff2ff0c000c000c001c00eeffeeffe4ffd4fffeff2e00,e4ff0200fafffafff2ffe2fffafffaffe2fff2ff5400f8ff0c00eaff0c00ecff,fcfffcffe6ff14000000deff14000400baffe8fffefffeff20000000e6ff2600,ceffeeff4600f8ffdaff0c002400e4ff964ad69282f53e4950c736f6e26618c7
5326,5326,0,fcfffcff0000eefff2ff1000dcff0c002c00faffceffdeff02002200fefffeff,f4fff4fffafffaffe2ff2e001a000a000400f2ff060006002c000c00ecfffcff,0e000e00f6fff6ff200010003400f4ff06000600fefffeffeeff000016003600,eeffeeff0600cafffaff0c000400140042c844f512664ec798929e664c4ad292
5327,5327,0,fcff0a000000eeff10000000dcfffcff0c001c00defffeffe4ff12003e000e00,d4ff1200faff0c00f2ffe2ff0a000a00f2ff1400160016000c00daff0c00ecff,fcffccffe6ff04000000000004000400260006001c00eeffeeffeefff6ff0600,eeff10001600daff0c00eafff4ff140096924666844a949346f41e4a68c70ef5
5328,5328,0,fcffecff00000000f2ff4e000c00fcffdaffcaffe2fed2fef4fff4ff3e000e00,1200f4ffdaff0c00e2ffe2ff0a001a000400f2ff16000600faffeafffcffecff,fcfffcff220014001000eeff3400040044002600feff1c00eeff0000f6ff0600,30000000daff46001c00daff0400140010f4564baec7e2f48e66b4c8d2928266
5329,5329,0,2a002a0000001000f2fff2ffecfffcfffaffdaffeeff0c0012000200eeff0e00,f4ff0200faff0c00d4ff3e00fafffafff2ff0400f8ff1600cafffaffecffdcff,0e002e001400f6ff0000eeff04002400f8ff44000c001c00deffeeff0600f6ff,1000deff06001600eafffaffe4ff1400266662c87493b4650e4bc892f6f3e24a
5330,5330,0,fcffecff0000eeff0000f2ffdcfffcff0c00daffdeffd2fec6ff02000e004e00,02000200eaff0c003e003e001a00eafff2ffe2ff060006000c000c000c00dcff,0e001e00f6ffe6ffeeff000044001400f8ff1600eeff1c000000deff06000600,eeffcefff8fff8fffaff1c0024000400184c569262f4244bf4c824f34c6672c8
5331,5331,0,fcff0a000000deff0000f2ffecff1c00faff1c00eeff0c0002000200feff0e00,e4ff0200eaffdaff4c00d4ff0a001a00f2fff2ff4600f8ffeafffafffcffecff,0e00dcff1400e6ffceffdeff0400040034000600fefffeff0000defff6ff0600,ceff10004600e8ff1c002c00f4ff140052c948f344653cc836920e669e4ba292
5332,5332,0,0a000a00eeff1000c2ff2000dcfffcffdaff2c00eeffdeff12000200feff1e00,12000200fafffaffd4ff2000faff0a000400d2fff8ff06000c000c00fcfffcff,2e001e0004000400eeff000004001400e8ffe8ffeeffeeff0000eeffe6ff1600,eeff20004600e8ff0c001c00d4ff240046922666e44b2693a4f22e4c4cc936f3
5333,5333,0,fcfffcff00000000d2ff0000dcffecff0c00faffe2fee2fee4ff12000e00deff,e4fff4ff0c000c001000d4ffeaff0a00e2ff0400f8ffe8ff0c000c00ccffecff,0e001e00140004000000000014002400f8fff8ff1c002a002000eeff0600f6ff,00000000daff46002c00b8fff4ff240028f2ac4cecc894f3fe6574c952928065
5334,5334,0,0a00ecffdeff10000000f2ff0c00fcfffaff0c000c001c00e4ff0200eeff0e00,1200e4ff0c002c002e00f2ff1a001a00f2ffe2ffe8ffd8fffaff1c00dcffecff,1e009cffe6ff04002000100014000400f8ffd8fffeff1c0020002000f6fff6ff,0000ceffcaff16002c000c000400c4ff9a65c2c93693e464de4cd291f4f1be4b
5335,5335,0,0a001a000000eefff2ff1000ecff0c000c001c000c00deff020002002e00feff,12001200faffeaffe2ffd4ff0a000a00e2ff14002600e8ffeafffaffecffecff,fcff0e00f6fff6ff10000000e4ff2400f8ff0600fefffeffeeff2000f6ff0600,000000001600f8ffdaff1c002400f4ff3c4d0c9248f0144c68ca44f240655cca
5336,5336,0,2a00fcff000000000000f2fffcfffcffeafffafff2feeeffe4ff0200feff0e00,e4ffd4ffeaff0c00f2ff0000faffeaff0400e2fff8ffe8ff0c00faffdcfffcff,0e00fcff140014001000100004001400160026000c000c0000001000f6ff0600,eeffdeff0600daff0c001c000400f4ffdcca0ef1d464ccc92692c064164d4292
5337,5337,0,fcff0a000000eefff2ff0000ecffecffbaffcaffeefffeff30001200fefffeff,f4fff4fffafffaff3e00f2ffeafffaff1400d2ff26002600faff0c00dcffccff,fcff1e00140014000000deffd4fff4ff060026000c00feffeeff00000600f6ff,ceff30000600f8ff3e00faffe4ff0400cc91fa64624c069310f1ae4c9cca64f1
5338,5338,0,2a00fcff00000000e2ff20000c00ecfffafffaffeeffeeff0200f4ffeeff0e00,0200f4ffeafffaff2e00e2fffaff0a000400040026002600baff0c00fcffecff,fcffdcff040004001000000004001400d8ff06000c00feffeeff200036001600,1000eeffcaff16002c000c00140024005cf08c4d8cca98ef5e653acc1292c064
5339,5339,0,0a001a00eeff1000f2ffe2fffcff0c00faff0c00ceffeeff020012002e004e00,1200f4ff2c00fafff2fff2ff0a001a002400f2ff6400f8fffaffeaffdcff0c00,0e001e000400f6ffceffeeff04002400160026000c000c00eeffdeffe6ffe6ff,3000defff8ff1600eaffeaff14001400da644ecbb6929464de4d36924af0ba4d
5340,5340,0,0a00fcff0000eeff000020000c00dcffcafffaffeeffceff1200e4ffeeffeeff,02000200faff1c00f2fff2fffafffaffd2ff040016005400eaffeaffdcffccff,0e000e000400f6ff1000ceff040004000600d8ff0c00eeffeeff10000600e6ff,eeffdeff2400e8ff0c002c000400e4ff484ecc9190ee424ddacb3cef586448cb
5341,5341,0,1a000a0000001000f2ff0000ecff0c00dafffafffeffeefff4ff0200cefffeff,e4ff02000c00faff2000f2ff0a00faff0400240006000600fafffaffacff2c00,0e000e001400e6ff1000100004000400f8fff8fffefffeffeeffeeff0600f6ff,eeff10001600f8ffeaff0c00e4ffe4ff0ecc86ef44646acb8291fe64da4dd291
5342,5342,0,fcffdcffdeffbeff000020001c000c000c00daffe2feeeff220002001e00eeff,e4ffe4fffaff0c000000f2ff0a001a00d2ffe2fff8fff8ff2c001c000c00ecff,0e009cffe6fff6ffeeff1000040004001600e8ffeefffeff20002000f6ff0600,deff1000f8fff8ff3e000c00f4ff24007c910664a24d40927cefce4e48cc0af0
5343,5343,0,0a00fcff10000000e2ffe2ff1c00fcff1c000c001c00eeff120012000e002e00,1200f4ff1c000c00f2ff2000faff0a00f2ff04001600f8ffeaff2c00ecff1c00,1e000e001400040000001000f4ff1400f8fff8ff1c001c002000000016001600,4800eeffdaff16000c00eaffe4ff040006ef084f12cc94edd0639acc02921864
5344,5344,0,1a001a0000001000f2ff1000fcfffcffcaff0c00eeffdeff120002002e002e00,02001200faff1c003e000000eaffeaff0400f2fff8fff8ffeaffcaff0c00ecff,fcfffcfff6ff1400deffeefff4fff4ff16002600e0ff2a00000020000600e6ff,3000cefff8ff1600faff0c00f4fff4fff66362cd909224649e4ea29158eef04e
5345,5345,0,ecff1a00100010002000f2fffcffdcffcafffaff0c000c000200e4ffeefffeff,02000200faff2c00e2ff2000faffeaffe2fff2fff8ff1600faff0c000c00dcff,0e000e00140014000000000014001400e8ffe8fffeffeeff200010001600f6ff,1000eeff16000600daff4e001400d4ff384f6c91f4ec204e1ace1cefb863f0cc
5346,5346,0,1a00ecff0000ceff10002000ecff0c00faff0c000c00e2fef4ff02000e00feff,1200f4ff0c00faff2e003e005a000a00e2fff2ffb8fff8fffaff0c00fcffdcff,1e000e0004001400000020002400240006000600fefffeff200000003600f6ff,ceff0000e8ffcaffeafffaff1400f4ff2ece26ee466332cd5291d063a04fc291
5347,5347,0,fcff0a0000002000000010000c00fcfffaff0c000c001c00300030000e000e00,02001200eaff0c00f2ffe2ffdaff0a00e2ff0400f8ff06000c000c00ecffdcff,2e00fcff040014001000000024001400340034000c000c001000eeff06000600,000030000600daff0c00faffc4ff24007c912463c04e6092fced1e4fa0cd68ed
5348,5348,0,fcff2a0010002000e2ffe2ff0c00ecfffafffaff1c00eeff12001200feff2e00,f4ff0200fafffaff5c00f2fffaffeafff2ff1400d8ff06000c00eafffcffdcff,0e00fcff040004001000000014001400f8ff1600feff0c001000100016000600,00001000baff46001c00faffc4ff240060ed2e5002ce14ed2e633acfa2913863
5349,5349,0,0a00fcff30000000200010000c00dcffdaffcaffdeff0c0040001200fefffeff,1200f4fffaff0c00f2ff2000faff0a001400e2ff2600f8ff0c00faffecffdcff,0e00dcff040014001000eefff4ff0400d8fff8ffeefffeff200020001600f6ff,1000aeffe8ff64001c00fafff4ffb4fff462cecee091166342502291e8ecf04f
5350,5350,0,fcffdcffdeffdeffd2ff10000c000c00fafffafffeff0c00f4ff12000e00deff,0200f4fffaffeafff2ff00001a000a0004001400f8ffe8fffaff0c001c000c00,0e00fcff1400f6ff00003000f4ff44001600caffeeffe0ff0000200026003600,eeff00002400daffeaff1c001400e4ff7e505c91a4eb664f9ace8cecd86290ce
5351,5351,0,fcfffcff000000000000f2ffecffecfffaff2c00eeff1c0112002200eefffeff,d4fff4ff3c000c00f2ff00000a000a00e2ff0400260036001c00fafffcffdcff,fcff0e00140004001000100004001400f8ff44000c001c0010000000f6ffe6ff,000010004600acfffaff1c00e4fff4ff3ecf9eeba662cece2291ce6260509291
5352,5352,0,0a00fcffeeffdeffd2fff2ffecff0c00faff0c001c00feff22000200eeffceff,220002000c000c00e2ff00001a00faff24001400f8ff16001c00faff0c00fcff,ecff0e0022001400eeffdefff4ff0400f8ff06001c000c003000eeff16000600,eeff3000f8ffcafffafffaffd4ff24003c9164625c5050925cec025138cf10ec
5353,5353,0,ecfffcff10001000f2fff2ffecffecff0c00faffeefffeff22000200feff0e00,d4ff0200fafffaff0000f2fffaffeaff0400d2ff260026001c000c00fcfffcff,2e009cfff6fff6ff3000eeff04000400caffd8ff0c000c002000200026000600,00000000daff16003e00eaffe4ff04005eeb2e514ecf06eb3e622ed042913c62
5354,5354,0,0a00fcff2000deff10002000fcff1c000c002c00eeffeefff4ff02000e00feff,12000200eafffaffd4fff2ffeaff1a00f2ff0400160016000c000c000c000c00,2e001e000400140000000000f4fff4fff8ffd8ff0c001c00ceffeeff16000600,5800cefff8ff0600fafffaff14000400b86114d0009256620251f29010eb4a51
5355,5355,0,fcff1a000000eeffe2fff2ff1c00fcff0c00faffdeffeefff4ff02000e002e00,f4ff1200eaff0c002e00f2fffaff1a00f2ffe2ff060036000c00caffdcff1c00,fcff0e0014001400eeffeeff04000400f8ffe8ff1c000c0020000000f6ffe6ff,deffceff54001600daff1c003400b4ff8e515c919ee98c503ed0dceb2c6272d0
5356,5356,0,fcff1a0000000000f2ffe2ff0c000c00fafffaff0c000c005e001200feff0e00,f4ff12000c000c003e00e2ff1a00fafff2fff2ffe8ff06002c00faffdcffecff,dcffdcff040014001000100014002400f8ffd8ff0c000c00eeff2000f6fff6ff,beff10001600daff1c001c000400e4ffd4d09eea36628ecf12916a61ea51f890
5357,5357,0,fcff0a001000deff2000f2ffecffecfffaffdafffeff1c01f4ff0200eeff0e00,f4ff0200faffeaffe2ffe2fffaff0a001400f2ffd8fff8ff0c001c001c002c00,0e000e00f6ff14000000200014000400f8fff8fffefffeff20003000e6fff6ff,00000000e8ff06001c00faffe4ff3400dc909861e25200927ceb62511cd134ea
5358,5358,0,fcfffcff00001000f2ffe2ffdcffdcfffaff2c00eeff0c00f4ffd4fffefffeff,02001200eaffeafff2ff2e000a00faff040024000600f8ffeaff0c00ecff1c00,0e001e001400f6ffdeffdeff04002400f8ff06000c00feffceffeeff06001600,10000000daff16001c00eaffe4ff240074e94852decf1ee99a61bed12291ac61
5359,5359,0,fcfffcffdeff2000f2ff1000ecfffcff0c00faffe2feeeffe4ff1200eeffeeff,12001200faff0c003e00f2fffafffaffe2ff0400e8ff2600eafffaffdcffacff,2e00fcfff6ff040010000000d4fff4ff1600e8ffeeff0c001000deffe6ffe6ff,2000deffe8ff0600faff0c00e4ffd4ff186174d1c0918061ea52129194e97a52
5360,5360,0,fcfffcff200000002000f2ffecff0c00faff0c00eeffdeff4000f4ff1e000e00,12001200eafffafff2ff2000faff0a0024001400360006000c00faffecff1c00,acffecff1400f6ff00002000f4ff0400d8ffe8fffefffeff10000000f6fff6ff,eeffdeff1600f8fffaff1c000400a4ff7852dc9070e8c25332d2f6e83c61dcd1
5361,5361,0,fcfffcff00000000f2ff10000c00fcff0c00daffe2fe1c0002000200feff2e00,0200f4ffeaffeaff20002e000a000a0004001400aaff06000c002c00fcff0c00,0e000e00e6ff1400deff20001400f4fff8ffe8ff0c000c00000020000600e6ff,deffeeff16009cffdaff3e00c4ff04005ed2d2e8d2601ad1c2905a6146532291
5362,5362,0,1a000a000000eeffd2ffe2ff0c000c00faff0c000c00eeff30000200feff3e00,12001200faffeafff2ffd4ffeafffafff2ff2400260016000c00faff1c002c00,1e00ecff0400f6ffdeffdefff4ff2400f8ff54000c001c00deffeeff16001600,eeff6800f8ffe8ff1c000c00e4ff0400dc90b8606254a0913ce84c54acd2bae8
5363,5363,0,fcfffcff00000000f2fff2fffcffecffdafffaff3c011c0030001200fefffeff,f4fff4ffeafffaff20002e00fafffaff040014004600e8ff1c00eaffecff0c00,0e001e0004001400eeff0000e4fff4ffe8ff16001c00feff2000eeffe6ff0600,0000eeffe8ff06001c00eaffe4ff040062e83a5380d240e7ca60a2d2b890a260
5364,5364,0,1a000a000000000020000000ecfffcfffaff0c000c00feff0200e4fffeff0e00,12000200fafffaff0000e2ff1a000a00f2ffe2ff260016001c00faffecfffcff,fcfffcfff6ff14000000100004003400f8ff0600feff0c002000100006000600,1000eeffdaff5400fafffafff4ff04007860e0d2e091b260ec5362901ae88653
5365,5365,0,ecfffcff000000001000f2fffcffecff0c00caff0c00f2fe120022000e002e00,22001200eafffaffe2ff2e000a00dafff2ffe2ff0600f8ff0c000c00fcfffcff,2e000e00f6ff0400100000000400140034000600eefffeff30002000f6fff6ff,deff10001600e8ffc8ff2c000400f4ffba53cc9032e6e25482d348e742603ed3
5366,5366,0,fcfffcff00000000f2ffe2ff0c00ecffdaffeaff1c00eeff020012000e002e00,12001200faff1c00f2fff2fffaff0a001400040006001600fafffaffecfffcff,1e00fcff1400f6ffeeff0000f4ff14002600f8ff2a000c00000000000600f6ff,eeff20001600daff0c001c001400f4fff0d34ce76260e0d4c2905a603654b890
5367,5367,0,2a000a0000000000e2ffe2ffdcffecfffaffdaff1c000c00220002001e00eeff,12002200eafffaff3e00e2ffeafffafff2ff140026002600faff0c00ecffdcff,fcffdcff14000400ceff0000f4ff0400f8ff34000c00feff000010000600e6ff,eeff2000f8ffe8ff0c00fafff4fff4ff8c90e85f7055b09148e63c54eed320e7
5368,5368,0,dcffecff0000000000000000ecffdcfffafffaffeeff2c0112002200feffeeff,02000200fafffafff2ffd4fffafffafff2fff2ff06003600eafffafffcfffcff,fcffdcfff6fff6ff1000eefff4ff040006009cff0c00feff1000eeff0600f6ff,00001000f8ff16001c00daffe4ff04009ce6d65410d602e6c65fb4d4a890ca5f
5369,5369,0,fcffecffceffeefff2ff00000c00ecffeafffaffeeffeeffe4ff12000e002e00,1200e4fffafffaff2e004c002a00faff0400f2ff0600f8ff1c001c002c00dcff,fcff1e00f6ff1400eeffceff040014001600e8fffeff0c00eeff100006001600,1000cefff8fff8fffaffeaff54000400286010d4b091fc5ffc54a29048e63654
5370,5370,0,fcff1a0000002000f2ff1000dcff0c000c003c002c00eeffb6ffc6ffeeffeeff,02001200eaffcaff0000f2fffaff0a0004000400f8fff8fffaff0c002c003c00,fcff1e000400e6ffeeff1000f4ff140026003400eeff2a00eeff1000e6fff6ff,eeffeeff0600f8ffeaff2c001400040046556c9054e5805544d59ae47a5fe6d4
5371,5371,0,ecff0a00100000000000d2ffecff0c001c000c000c00feffe4ff12000e00eeff,0200f4fffafffaff00000000daff0a000400140006001600faffeafffcfffcff,0e000e00f6ff1400000010000400e4ff340034001c00eeff200020001600f6ff,eeffeeff6400cafffaff2c001400d4ffacd51ce6345f20d68290865fde547890
5372,5372,0,fcfffcffceff2000d2ff0000ecff1c00faff3c00feff0c00f4ff0200feff2e00,f4ff1200faff0c0020002000eaffeafff2fff2ffaaffd8fffaff1c000c00fcff,fcff0e00040004001000000014001400f8fff8fffeff0c002000ceff16000600,deff1000f8ffcaff1c00eaffc4ff24009c90525f9e56c091aae42c56e6d578e5
5373,5373,0,1a001a0010002000f2ff00000c00fcffbaffcaffeeff0c0012003000feff2e00,0200e4ff0c00eaff2e002e001a000a00e2fff2ff16003600eaffeaffecfffcff,1e00ecff1400f6ffeeff0000140024002600e8ffeeff0c000000200026001600,10000000caff16001c00fafff4fff4ffb0e4a6556cd7c4e4f65e64d59890fa5e
5374,5374,0,ecff0a001000eeff3000f2ffecffdcfffafffafffeffdeff12001200feff0e00,12001200daffeaff0000e2fffaffeaff1400f2ffe8fff8ff0c00faff1c00fcff,9cff1e0014000400eeffeeff040014000600f8ff0c00feff2000000016002600,2000defff8ff7200eaffeaffe4ffd4ffb25e88d67091d45e2c56429060e4ee55
5375,5375,0,fcff0a000000000020001000fcffecff0c00caff1c00eeff12005000eefffeff,0200f4ff0c00fafff2ffd4ff0a00eaff1400f2ff2600d8ff0c000c00ccffacff,2e009cff14001400000010000400140026000600fefffeff0000eeff0600e6ff,0000deff06000600eaff0c004400c4ff52565c9074e3ee56c4d6fae3525e0ed7
5376,5376,0,ecfffcffeeff000010000000fcffecffdafffaff0c00eeff220022000e00feff,f4ff1200fafffaff2e000000eaff0a00f2ff1400f8ff36000c00faffecff0c00,fcfffcff0400040010000000040094ff2600e8ff1c00feffeeffeeff06000600,deffeeff1600daff0c001c00d4ff040048d76ae3b45e1cd8de8f265e2e567890
5377,5377,0,fcfffcffdeffceffe2fff2fffcffecfffaff0c00e0ffeefff4ff40000e002e00,1200f4fffaffdafff2ff20000a006a00f2fff2ff060006001c002c00dcfffcff,2e00fcff1400f6ffeeffeeff240004000600baffeeffd0ff00002000f6ff0600,000010001600cafffaff1c00040004005c90525eee56b091d8e2cc56ded7d0e3
5378,5378,0,1a000a0020001000d2ffd2ffecffdcff0c00daff0c00f2fe0200e4ff0e001e00,02000200eafffaff000000001a001a000400140016001600fafffaff4c00bcff,1e002e000400f6ffeeffdeff04000400f8fff8ff0c00feffeeffdeffd6ff2600,deffdeffbafff8ff1c00dafff4ff3400cae2a256dcd7e4e2065ed4d77890f25d
5379,5379,0,2a002a0010000000f2fff2fffcfffcfffafffaffeeffeefff4ff0200fefffeff,f4ffd4fffaff0c0020003e002a00eaff0400e2ff3600f8ff0c00faffccfffcff,dcff0e001400f6ff10001000f4fff4ff16002600feffeeffeeff000036001600,3000aefff8ff0600eaffeaff04000400965d0ed85091b85d2c57429094e21657
5380,5380,0,fcfffcff2000000000000000ecff0c00faffdaffeeffe0fff4ff02000e002e00,1200f4ff1c00eaff4c00f2ff0a00faff0400f2ff260036001c000c001c00fcff,0e002e0014000400deff0000f4ff04002600f8ff1c000c00eeffeeff06000600,eeff000016000600daffeaff1400b4ff02576c9056e2f05738d864e1925db0d8
5381,5381,0,fcfffcff10001000000020001c00fcffdaffdafff2fe0c0002000200feffbeff,02000200faffeaff0000e2fffaff0a000400f2ff3600f8ff0c002c001c004c00,0e00fcfff6ff0400deffeeff04000400f8ffe8ff0c000c00eeff1000f6ff0600,deff10001600daffdaff2c00f4ffe4ffced80ae2885d4cd94290b65d76575890
5382,5382,0,0a00dcff10001000f2ff1000fcff1c00daff1c00feff1c0012000200eeffeeff,120012001c000c00e2ffe2fffafffaff0400f2ff54003600faff0c003c000c00,1e000e0014000400100010000400f4ff260006000c001c00eeff00002600f6ff,ceff20000600daff0c00eaffe4ff24005c90165dc458909154e1bc5730d9d4e1
5383,5383,0,ecfffcff1000000010000000fcffccff0c00faff0c001c00f4ff12000e002e00,020002000c00faffe2ffe2ff0a000a00040014001600f8ffdafffafffcff0c00,0e00ccfff6fff6ff000020002400f4ff060006000c000c000000deff1600f6ff,1000deffcaff16002c00faffe4ff24000ee1d85758da52e1565dc8d83890225d
5384,5384,0,fcfffcff000010001000f2ff1c00fcfffaff0c00eefffefff4ff12000e001e00,02000200faff0c00e2ff2e000a001a00e2ff040026000600eaffeafffcffdcff,ecff0e0004000400eeff0000e4ff1400f8fff8fffeff1c0020002000e6fff6ff,68000000e8ff4600faffeaff1400f4ff165d6ed98091285dec57ce8f74e1d657
5385,5385,0,fcffecffeeff0000f2ffe2fffcfffcfffafffafff2fe0c00120012001e001e00,1200d4fffaff0c00f2ffe2ff0a001a000400c0ff06002600eafffafffcfffcff,fcfffcff040014001000eeff2400d4fff8ff0600eeff0c00eeff2000e6ffd6ff,0000deff0600f8ffdaff0c002400e4ff68585c9002e0d458c8d914e1e25c90d9
5386,5386,0,ecfffcffeeff10000000d2ffdcffecff1c00caffd0ffeeff4000f4ffdefffeff,020002001c00fafff2ffd4ff0a001a00140004003600d8fffaff1c00dcffdcff,0e00ecff0400f6ffeeff00000400e4ff060034001c000c00deffdefff6ff0600,deff00001600cafffaff3e00d4ff040018da5ee0885cd8dace8f965c78583890
5387,5387,0,fcfffcffdeff0000f2ff1000fcffdcfffaffcaffeeff0c00020012000e001e00,2200e4ffeaff0c00000000001a000a001400e2ff060006001c002c00fcfffcff,1e000e000400f6ff000010000400f4fff8fff8ff0c00feff0000eeff0600f6ff,eeff1000e8ffdaff2c00faffe4ff04004c90965c44590a9124e0505870da84e0
5388,5388,0,ecff0a002000eefff2ff1000fcfffcfffafffafffeffeefff4ff1200eeff0e00,e4ff02000c000c003e00f2ff0a000a0004000400060036000c00cafffcff2c00,0e000e0014000400eeffeefff4ff14000600f8ff2a00e0ffeeffeeffe6ff1600,20001000daff1600faffdaffe4ff240068dff858a8dbb4df765c4cdb38902a5c
5389,5389,0,fcfffcff0000000010002000ecff0c001c00faffeeff2a00020022000e001e00,120002000c000c00e2ffe2ff0a000a002400f2ff360026000c001c00ecff0c00,1e00fcff140004000000100004001400e8ff0600eefffeff00001000f6ff0600,5800ceffdaff16001c00faff04001400225ccada3091985c0059429092df0859
5390,5390,0,ecff0a0000001000f2ff0000fcff1c00daffeaffeeff0c00020012002e00deff,f4fff4fffafffaff4c000000daff4a0004000400460016001c00eaff2c00fcff,0e001e00f6ff140010001000f4fff4ff2600f8fffeffeeff1000eeff06000600,eeffdeff1600f8ffeaff0c000400f4ff58595c90f4dea4597edbb0deda5bb2db
5391,5391,0,0a00ecff0000eeff000020000c00fcfffafffaffe0ffeefff4ff02001e002e00,f4ff12000c00eaffe2ffd4ff0a001a0024001400060036001c000c001c000c00,0e000e0004001400eeff0000040014002600d8ff0c00feff2000100006001600,deff10001600dafffaff2c001400e4ffaadbd8de785b78dc9e8f565c68594890
5392,5392,0,1a00fcff000010003000f2ff0c000c00fafffaff0c00fefff4ffe4fffefffeff,f4fff4ff1c001c00e2fff2ffeaff0a00e2fff2fff8ff26001c000c00ecffccff,9cff0e001400040000000000e4ff240034001600feffeeffeeff000006000600,deff4800f8fff8ff2c001c00e4ff24004c90925b6a5a509180de245a02dccade
5393,5393,0,fcffecff1000ceff2000f2ffecfffcff1c00eaff0c00f2fe120002000e002e00,1200f4fffafffafff2ff20000a000a0014000400360046002c002c00dcffecff,1e000e00140004000000eeff040024002600f8fffefffeff2000000016001600,0000deffcafff8ff1c00daffe4ff440028de8859f6dc94de145b50dc68903a5b
5394,5394,0,fcff0a000000200010001000ecff1c00fafffaffeeff0c003000e4ff3e00eeff,f4fff4ff0c000c000000f2fffaff1a00240004005400e8fffaff0c00fcffacff,1e00dcfff6ff22001000eefff4fff4ffe8ff1600feff0c001000200006001600,1000aeff060016001c00eafff4ffe4ff525b2cdd0a91b85b245ade8f1ade285a
5395,5395,0,fcff0a00eeffeeff1000f2ff1c000c00dafffaff2a01feff120030000e002e00,02001200faff0c002e00f2ff0a00faff04001400260046000c000c00ecff0c00,1e001e00f6fff6ffceff10001400f4ff44000600eeff0c00ceff200016000600,eeffeeff1600f8ffeaff0c000400e4ff425a3c90d6ddda5ae0dcf0dd9e5adadc
5396,5396,0,dcfffcffeeffdefff2ffe2ff1c00fcffeafffaffeeffeeff30001200eefffeff,020012000c000c00200020000a000a00040004003600f8ff2c00eaffdcff1c00,fcfffcfff6ff22001000000004000400caffe8ff1c001c001000eeff26000600,beff00001600dafffaff1c00f4fff4ff8cdd2cddf85a36de4290445a7e5a5890
5397,5397,0,1a002a001000eefff2ffe2ff0c000c002c001c00f2fee0fff4ff02002e00feff,12001200fafffaffc4ff1000faff6a0014001400160036001c000c000c00fcff,0e000e00f6ff04001000200024001400f8ffe8ffeeff1c002000eeff2600f6ff,deff2000f8ffdaff1c001c00c4ff24007c90525a285b7091e0dc645adadd0add
5398,5398,0,fcff0a00eeff1000000010001c00fcff0c001c00feff480012004000feff0e00,f4fff4ffeaff0c002e003e00fafffafff2fff2fff8ffd8ff0c002c00fcff0c00,dcffecff0400040020001000e4ff04000600f8fffeff0c00eeff30000600f6ff,1000deffcafff8ff1c00daffc4fff4ff8cdc945ac4ded6dc645ad0de3890fe59
5399,5399,0,0a00ecffeeff0000200020000c00fcff0c001c00eeffe0ff02000200feff2e00,f4ff12000c00faffe2ffe2ff0a000a0004001400160006000c00caff3c00ecff,fcfffcff0400f6ffeeff000004001400f8fff8ff1c00feff2000eeff16003600,3000eeffe8ff5400eafffaff04000400c859e8de40914a5a545b629042dc3a5b
5400,5400,0,1a00fcff000000001000f2ff0c001c00cafffaff2c001c00020002004e00feff,e4fff4ffeaff1c00d4ffe2ff0a00fafff2ff0400e8fff8ff3c000c00dcff1c00,dcfffcfff6ff1400eeffeefff4fff4fff8ffe8ff0c000c000000eeff0600f6ff,1000deff46000600eaff0c001400d4ffc45a4c9098db785bc0de9cda7859aade
5401,5401,0,1a00fcff10002000100000000c00ecffdafffafffeff0c00f4ffe4ff0e003e00,3000f4ff0c00eaffe2ff2e001a000a001400d2ff3600d8ff2c000c001c00fcff,fcffdcffe6fff6ffeeff100004000400f8fff8ff76001c0000000000d6ffe6ff,deff30006400caffeaff2c00e4fff4ff58df3adbea5914df3290345a9a5b3890
5402,5402,0,ecfffcff0000000000002000dcfffcff1c00caffe2fe0c001200f4ff3e00feff,020012000c001c002e00e2ff1a000a00f2fff2fff8ff26003c001c00dcffdcff,0e00dcfff6ff1400100010000400f4ffbaff1600e0ffeeff30001000f6ff1600,eeff2000f8ffe8ff0c00faffd4ff04005c901859385c4091ccda565cc2dfc2db
5403,5403,0,0a00fcff1000defff2ff10000c000c001c00fafff2fe2c00120002002e002e00,f4ff0200faffdaffd4ff20001a001a001400140006000600faff2c00fcffacff,fcff0e000400f6ffeeffeeff04004400f8ffe8ff0c00eeffeeff0000f6ff3600,48001000cafff8ff2c00b8ffd4fff4ffbadaf25b32e0c8da205940df68900859
5404,5404,0,fcff2a0000000000f2ffe2ff0c00fcffdafffafffeff0c0002000200fefffeff,e4fff4fffaff0c00f2ff2e00fafffafff2ff1400640016000c00eaffdcfffcff,9cfffcfff6ff22001000eeff04001400160034001c001c00200000001600e6ff,6800deffe8fff8fffaffeaffe4ff040098585ee080919459465cce8fb0da1a5c
5405,5405,0,fcff0a000000eeff1000f2ff1c00fcffdaff0c00feff0c0012000200eefffeff,f4fff4fffaff0c004c00d4fffaff1a00f2ff04005400f8ff2c00faffdcfffcff,1e000e00f6ff140010000000040004002600d8ff0c00feff0000200006000600,1000eeff1600e8ffb8ff0c000400e4ffa65c7c9078da085db4e0a8d9985832e0
5406,5406,0,ecffecffeeff2000000000001c00ecffbaffcaffeefffeff300030000e000e00,f4ffe4ff0c00eafff2ff2000faff0a000400e2ff060054001c00eaffdcffecff,ecffdcff140004003000100004000400060026002a001c003000300006000600,ceff10001600daffeaff2c00e4ff0400eee08ed9345942e1de8fcc57a25c2890
5407,5407,0,0a002a0000000000f2ffd2fffcfffcff0c00faff1c001c0002001200eeff2e00,020022000c00fafff2fff2ff0a00fafff2ff140036002600fafffaff3c00fcff,0e000e000400f6ff0000eeff24001400f8ff06001c00eeffeeff200006000600,00003000f8ffdafffaff0c00040014003c902858485d0a9168d9965c94e1c0d9
5408,5408,0,fcfffcff00001000f2fff2fffcffecffbafffafffeff2c0022002200feff2e00,f4ff1200eaff0c000000e2ffeaff0a0004000400260036000c000c000c001c00,9cff1e0004001400eeffeeff0400f4ffd8ff26002a000c0020002000f6ff1600,30000000daff16003e00eafff4ff24003ed9e65c72e194d98058b4e158904858
5409,5409,0,fcffecff00000000f2fff2ff1c000c00fafffaff0c00ceff4000d4ffeeff0e00,f4ff02000c00faff0000e2ffeaff1a000400f2ff460036001c001c001c00ecff,dcff0e000400f6ff0000200004000400f8ff0600feff1c00ceff0000f6ff0600,5800eefff8ff16001c00faff04000400f8579ee170915458465d729050d9425d
5410,5410,0,fcfffcffeeff1000100000000c000c00daffdaffeeff3c011200f4ff0e00deff,12002200eaff0c00000000001a000a00d2ff1400e8ff06000c002c000c000c00,dcff0e00f6ff0400200010000400f4ff340006000c000c000000eeff1600d6ff,2000defff8ff1600eaff0c004400e4ff865d5c9074d9885d48e2c4d7a657e4e1
5411,5411,0,1a00fcffceff1000f2ffe2ff0c000c00daff1c00eeff0c00220002002e003e00,220002001c000c00d4ff4c000a00faff04000400f8ff16000c000c001c002c00,2e001e001400f6ffeeff00000400140016003400feff0c00deff3000e6fff6ff,100000000600f8ffdaff0c000400d4ffbae20ed8905724e362904058825d4890
5412,5412,0,dcff0a0000000000f2fff2fffcfffcfffafffaffeeffeeff1200e4ffeeffeeff,e4ff02000c001c00e2ff2e000a00eaffe2fff2ff260016000c001c00dcfffcff,fcff0e0022002200100000000400f4fff8fff8ff1c000c003000eeff06000600,eeff3000e8fff8ff1c000c00f4ff24004c902257a85d6091d4d7365e20e3e8d7
5413,5413,0,ecfffcff0000000000000000ecfffcfffaff0c00fefffeff300012000e00deff,0200f4fffaff0c00f2ff2e001a000a00f2ff1400260016000c002c000c001c00,0e001e00e6ff14001000eeff2400e4fff8ff06000c00feff3000100006001600,2000eeffcaff16003e00c8ffe4ff2400bed7525e64e3ecd7fc56e8e278902657
5414,5414,0,ecfffcff1000eeff00000000ecff1c000c001c00eefffeff020030000e001e00,0200e4fffafffafff2ff3e000a000a001400f2ffe8ff3600caff0c000c000c00,0e000e0004000400eeff10000400f4ff34000600feff0c00eeff0000f6fff6ff,3000defff8ff16001c00c8ffe4ffd4ff82563ae3a0911057765ede8f28d7025e
5415,5415,0,fcfffcff000000000000e2ff0c001c00fafffaff1c000c0012001200feff0e00,d4fff4ffeaffeaffe2fff2ff1a000a000400e2ff060016000c000c000c001c00,0e001e00f6fff6ff10001000f4ff14003400f8ffd0ff0c000000200006002600,0000eeff16000600daff0c002400f4ff525e6c900cd7b45ef2e464d74e56c0e3
5416,5416,0,fcfffcff0000deff2000e2fffcffecfffaffdaff0c00eefff4ff3000eeffdeff,d4ffe4ff0c00faff4c00f2fffaff1a00f2ff0400360026000c000c00bcffccff,dcfffcfff6fff6ff10000000040004000600f8ff1c00feff000010000600f6ff,eeff0000f8ff0600eaff1c000400e4ff38e4b8d60057a4e482903c56725e8890
5417,5417,0,0a00fcffeeffceff0000e2ff0c000c001c00faffeeffeeff02002200eeff0e00,1200f4ffeaffdaff3e00d4ffeaff6a0004000400160054000c002c001c00ecff,dcff1e00e6ff040020000000f4ff0400d8fff8ffeefffeff20003000f6ffd6ff,00002000e8ffe8ff1c00faff040004005c905256345f709154d6a65eb8e4c8d6
5418,5418,0,0a00fcffeeff00002000f2ff0c00ecff0c00faff1c00eeff120002000e00eeff,120002000c000c0020002000faff1a00f2ff240026003600faff0c001c001c00,dcffdcfff6ff04000000eeffd4ff04000600e8fffefffeffeeffdefff6ff1600,20001000caff54001c00eaffe4ff140028d6e25eb4e4aed6fc5512e688909e55
5419,5419,0,fcfffcff200020001000e2ffdcfffcffdaff0c00e2fefeff50000200feffeeff,02001200fafffaffd4ffd4ff0a000a00360014004600f8ff0c000c00ecff1c00,0e000e00f6ff1400eeff0000d4fff4ff06000600fefffeff00001000f6fff6ff,5800deffdaff16000c00faffe4ff2400965510e58091a056065fde8fb0d5da5e
5420,5420,0,ecfffcff00001000f2fff2ffdcffecffdaff0c00eeffeeff020022001e000e00,d4ff12000c001c002e0000004a00fafff2fff2ff36002600daffdaff0c001c00,0e00dcff1400f6ff2000eeff14001400f8ff34000c001c0000002000f6fff6ff,eeffeeff06001600eaff1c002400e4ff425f8c90d0d5045fe2e5b4d48e5538e5
5421,5421,0,fcffecffeeff1000000010001c000c000c000c00feffdeff300030000e000e00,f4ffe4fffaff0c00d4ff2e001a000a00f2ff04000600f8ffeafffaff1c00dcff,ecff0e000400f6ff1000000004002400f8ffd8ff1c000c00eeffdeff1600f6ff,deff00001600baffeaff2c00240004000ce6fcd4d05502e6ce8fcc552a5f7890
5422,5422,0,0a00fcffeeff2000000000001c000c00eaffdaff2c00eeff02002200deffdeff,f4ff02000c000c00f2ffd4fffaff0a00140014003600d8ffeafffaff1c00ecff,dcff1e00f6ff0400deff1000f4ff0400e8ff3400fefffeff2000000006000600,deff10000600f8ff1c000c00c4ff04008c902655e45fc09144d43a6038e6c0d4
5423,5423,0,0a00ecffeeffeefff2ff10000c000c00dafffafffeff1c00020012001e000e00,e4ff1200eafffaffe2ffe2fffaff4a000400f2ffd8ff0600eaff0c002c001c00,0e000e001400f6ffeeff10000400f4fff8ff1600feffeeff0000eefff6fff6ff,10000000daff16002c00faffe4ff340090d3d85f22e640d53854a2e69890be54
5424,5424,0,1a002a000000eeff00000000fcfffcff0c000c000c003c0140000200feff0e00,1200d4ff1c00faff2e002e00eaff1a0014001400b8ff1600faff0c00fcffecff,dcff3e00e6fff6ff1000eefff4ff0400f8ff0600eefffeff3000deff0600f6ff,3000eeff060016001c00eaff240004002254fce680912055a65f9290f8d3aa5f
5425,5425,0,0a000a000000100020000000fcff1c00faffbaffeeffeeff300022002e003e00,020002001c00faffe2ffe2ff1a000a00f2ff14002600c8ffeafffaff2c00acff,0e000e00f6ff04000000100024000400060016000c000c00100000000600f6ff,0000ceff0600f8ffdaff0c004400e4ff4860cc9040d4826006e814d42654a8e6
5426,5426,0,0a00fcffeeff10000000f2ff0c000c00fafffafffefffefff4ff5000fefffeff,020002000c000c00d4ff2e000a00faff04000400d8ff16001c000c00fcffdcff,fcfffcff14001400000000002400140044002600e0ff760020000000f6fff6ff,eeff00000600baffdaff1c00f4ffe4ffc2e7f0d2b254b0e79290f652ea5fc890
5427,5427,0,0a00fcff1000000020000000ccff1c00fafffaff1c001c01020002000e001e00,020012000c00eaffe2fff2ff0a001a00140014000600d8ff1c00eaff1c00fcff,1e002e00e6ffe6ffeeffeeff1400f4ffe8ff1600eefffeff1000eeff1600e6ff,eeff2000f8fff8fffaff1c00d4ff1400bc902254f060a091d2d26a60eae7d8d3
5428,5428,0,1a001a000000eeff200010000c00ecfffaff0c000c000c0012003000eeff2e00,f4ffe4fffaff0c003e002000fafffafff2ff040046003600faff2c00dcfffcff,ecfffcff1400140020000000d4fff4ff2600f8fffefffeff2000200026000600,1000eeffdaff16000c00eaffe4ff0400e0d2a86040e892d3d65246e9c890c653
5429,5429,0,0a00fcff3000200000000000ecffecfffafffaff0c00fefff4ff30002e000e00,f4ffe4ff1c00faffe2ffe2ff1a000a000400f2fff8ff46002c001c000c00ecff,2e000e00140014000000eeff14000400e8ff1600eeffeeff20002000f6ff0600,1000beffe8ff72000c000c00f4fff4ffa25392e8e09142547a6072907cd28c60
5430,5430,0,fcfffcffeeff000000000000dcff0c001c00eafffefffeff5e0012000e00feff,f4ff0200eafffaff200020000a000a00f2ff1400060016001c000c00ecffecff,0e00fcff14000400eeff1000140004001600e8fffefffeff2000eeff0600d6ff,0000eefff8fff8fffaff1c002400f4ffc860dc9012d3406106e9aed106539ae8
5431,5431,0,fcfffcff10001000f2ff00001c00ecffeafffaff0c004c00120002000e000e00,020012000c00fafff2ff2e00faff0a0014000400e8fff8ff1c001c00dcff1c00,fcff0e001400140010001000f4ff24004400cafffeffeeffdeff00000600f6ff,deff10005400daffeaff1c002400d4ff52e93ed2a2533ee9e290c6522c61d890
5432,5432,0,fcffdcff0000eefff2fff2fffcfffcff0c00dafffeffe2fe40002200fefffeff,f4fff4ffeaffeaff4c003e000a00fafff2ff0400d8ff26001c002c00ecffecff,fcffecfff6fff6ff10000000f4ff040006002600feffeeff2000100016000600,deff2000daffdaff0c00faffd4ff2400cc907852f661e0919ed1aa61c4e97cd1
5433,5433,0,ecfffcff00000000f2ffd2ff0c00fcfffaff0c000c00eeff12000200defffeff,120002000c00eaff2e00d4ffeaff4a0004000400f8ff36001c000c00fcffdcff,0e001e00f6fff6ffeeff00003400f4ff44003400eeffeeff00002000d6ff0600,10000000cafff8ff2c00eaffe4ff040004d14861eee956d0b251a6e9e8905a52
5434,5434,0,ecff0a00eeff10001000d2ff1c001c000c000c00feffe2fe0200e4ff0e00beff,0200e4ffeaffeaffe2fff2ff1a000a00f2ff1400d8ff16001c00faffecff1c00,fcff0e00f6ff0400eeffeeff24001400f8ff1600e0ffeeff000000001600e6ff,5800ceffdaff0600faffdaff0400c4ff8e511eead0912253aa610291ecd0ac61
5435,5435,0,1a000a0000000000f2ff10000c00ecff0c001c00eeff1c00020002000e000e00,e4fff4ffeaff0c002000e2fffaffeaffe2fff2fff8fff8ff1c00faffecffccff,fcffdcff0400f6ff0000deff04000400060034000c000c002000eefff6ff0600,eeffdeff46000600daff0c000400e4ffa8610c914ecf1662eaeaded00a5284ea
5436,5436,0,0a00fcffeeff0000e2ff5c00fcff0c00faffdaffcefffeff02002200feff1e00,f4ffe4fffaff0c00f2ff20001a00faff0400f2ff060016002c001c000c00ecff,0e00fcfff6ff04000000100014000400340006000c000c00eeff30000600f6ff,ceffceff1600caffeaff1c0014000400eeea74d092520eeae29092502c623291
5437,5437,0,1a000a00000000000000f2fffcff0c00fafffaff0c00eeff12000200feff0e00,22001200daffeaffd4ffe2ff0a001a00040004002600f8ff0c000c001c000c00,fcff1e00140014000000deffe4ff1400e8ff44000c000c00ceff00001600f6ff,eeff30001600daffeafffaffe4ff24000c918e516662d0918acf5e62feeb02d0
5438,5438,0,fcfffcff0000eefff2ff20000c001c001c002c00feff2c0030000200feff0e00,0200f4fffaffdaff2e00f2fffafffafff2ff0400060036000c00faff1c000c00,dcff0e000400f6ff000010000400f4fff8ff3400eeffeeffdeff000016002600,1000eeffdafff8ff1c00eaffc4ff44008ecf2462e4eb20cec250dcec22913a51
5439,5439,0,fcff1a000000000000000000ecffecff1c00eaff3c010c00300012001e00eeff,02001200faffeaffe2ffb6fffaff0a00e2ff3600f8fff8ffeaff0c00ccff0c00,8cff0e00f6ff0400000000001400f4fff8fff8ffe0ffeeff0000eefff6ff1600,1000defff8ff0600faffeaff24002400de502eeb20922452ce62c29028cf7c62
5440,5440,0,fcff2a00eeff0000e2ff1000dcff0c00fafffaffeeff1c0022003000feffeeff,d4fff4ffdaffeaffe2ffe2ff1a00faff1400f2ffd8ffd8ff2c002c000c000c00,0e002e0004000400100010001400f4ff340026000c00eeff1000eeff2600f6ff,0000eefff8fff8ffc8ff0c002400b4ff94622c9162cde6620ceddace905020ec
5441,5441,0,0a001a00eeff00003000f2ff2c001c00eaff3c000c002c001200f4fffeffdeff,02001200faff0c00d4fff2fffafffaff14001400e8ff16000c00eaff0c00ecff,0e000e00f6fff6ff10000000e4ff140026003400feff0c000000eeffe6ff0600,deff10001600e8ffeaff0c00d4ffd4ff4cecfece8e5194ec029162509c623291
5442,5442,0,fcfffcff00000000e2ffe2ff1c000c000c00faff1c000c00120002000e002e00,1200e4ffdaff0c000000e2fffafffaffd2ff040026000600eaff2c000c001c00,0e000e00f6ff040020001000f4ff04000600f8fffeffeeffeeff100006000600,ceff1000f8fff8ffeafffaffd4ffd4ff2c917e50c66210929ace4e6346ed60ce
5443,5443,0,0a000a00deffeeff00000000fcff0c002c00daff1c002c001200f4fffefffeff,f4ff1200dafffaff2e00d4fffafffaffe2fff2ffd8ff26001c001c002c002c00,dcfffcffe6ff04000000eefff4fff4fff8ff26000c00feffeeff10003600f6ff,10000000baff06003e00b8ffe4ff44006ecea462e4ec32cd7e4f9cec62919050
5444,5444,0,1a0074000000defff2fff2fffcff0c000c00daffeeff0c00f4ff12003e000e00,0200f4ffeaffeafff2ffe2ff0a000a0014000400e8fff8ff0c001c00ecff0c00,fcfffcfff6ff04001000eeff0400140034000600fefffeffeeffeefff6fff6ff,3000eeffe8ff5400fafffaffe4ff0400884f60edf0912e512e63529140ce1863
5445,5445,0,1a002a000000eeff10001000dcff0c000c00daffe2fefeff02001200feff2e00,e4ff22000c00eaff3e00f2fffaff1a00e2fff2ff0600f8ff2c001c00fcffdcff,0e00fcff1400f6ff1000000014001400f8ffcaff1c000c00eeffdeffe6ff1600,000000001600f8ffc8ff0c00f4ffa4ff14637c91b2cc56632cee1acea04fc6ed
5446,5446,0,2a001a000000eeffe2ff0000fcfffcffeaffcaff2c002c00020002000e00feff,02000200faff0c000000e2fffaffeafff2ff24002600c8fffaff1c002c00fcff,0e00fcff04000400eeff00002400f4ff26000600eefffeff00001000e6fff6ff,beffeeff1600daffeaff2c00f4ffe4ff9cee72cd784e74ed52918e4e98637291
5447,5447,0,2a001a00eeffeeff0000e2ff0c00fcffdaffcaffeeffeeff02004000ceff0e00,f4ff0200eaffeafff2ff00001a001a0014001400460016002c000c00fcffccff,0e00fcfff6ff04000000000014002400f8ff1600feffd0ff0000eeff16001600,ceff1000f8fff8ff0c001c00040004006c91384fb66380920acd6e6310ef40cd
5448,5448,0,fcfffcffeeffdeff00002000fcfffcffdaffcaffcefffeff020012000e00deff,02000200fafffaff3e00e2fffaff4a0014002400160026000c000c000c00ecff,fcfffcfff6ff0400eeffeefff4ffd4ff0600f8ff0c000c00eeffdeff06000600,10000000dafff8ff1c00daffd4ffe4ff4eccf663a0eed2cb8e4e7cefb291f04e
5449,5449,0,1a00fcff00000000f2ffe2fffcff1c00daffdaffdeffdeff220030000e00feff,02000200eaff0c00e2ffe2fffaffeaff0400e2ffd8ff16001c00fafffcffecff,0e00fcff04000400200010001400f4ff2600e8fffefffeff1000eefff6ff0600,1000ceffdaff1600faffdaff0400f4ffb84e6cef1693324d4064429178ccc863
5450,5450,0,1a002a000000eefff2ffd2ffdcff1c00dafffaff1c00eefff4ffe4ff0e002e00,d4ff1200eaffeaff2e00f2fffafffaff04000400e8fff8ff1c001c00dcfffcff,fcffdcff140014000000000014000400f8ff0600eeffeeff10002000f6ff0600,0000deff16001600dafffaff2400a4ff7a648c91d4ca546430f0eacbb04e00f0
5451,5451,0,fcff0a00ceffdeff00002000ecfffcff0c00baff1c000c0002001200feff0e00,f4ff0200eaffdafff2ff2e000a001a000400e2fff8ff26000c002c00fcff2c00,fcff0e00d8ffe6ff10002000140014000600f8ffe0fffeff000030000600f6ff,eeffeeff1600dafffaff4e000400040002f07ecb124d90efb2918e4e5864d291
5452,5452,0,3a000a000000deff20002000fcffdcff0c00faffdeff1c00020002002e002e00,f4ff1200eaff0c00e2ffc4fffaff2a000400f2ffe8ff06000c001c000c00ecff,0e00fcff0400f6ff10000000e4ff140006002600eefffeff00000000f6ff0600,eeff5800f8ffcaff0c00faffc4ff04009c91dc4da464e6929acb906470f038cc
5453,5453,0,3a003a00eeffbeffd2ff1000ecffecffdaff1c000c00eeff020002002e00eeff,f4ffe4ffeaffeaff2e0000000a00fafff2ff04000600f8fffaff0c00ecff0c00,0e00fcff0400f6ff200010001400f4ff26001600feff0c00deffeeff16002600,10001000baff16002c00daffd4ff14006ecb9a6420f044ca5e4d90f02292804d
5454,5454,0,0a002a000000deffe2ff0000ecffecfffaffdaffeeff1c000200f4ffeefffeff,1200e4fffaffeaff3e00d4fffaffeaff24002400060006000c001c000c00ecff,fcff0e000400040010001000d4ff0400e8fff8ff0c000c0000000000f6ff0600,0000eeffbaff06000c00daff3400d4ff3c4dc2f02693a24cc064d291f8cad064
5455,5455,0,2a001a00deffeeff1000f2fffcfffcfffaffcaffeeff1c00400030000e000e00,1200f4fffaff0c003e00e2fffaff0a0024001400360026000c000c00ecff0c00,0e00fcff0400f6ff1000deff040024006200f8fffefffeff100020001600f6ff,1000defff8ffdaffdaff1c006400f4ff3a65bc912cc9b46480f1dacb204d6af1
5456,5456,0,2a001a00eeffeeff2000f2fffcff0c00dafffaffeeff0c00020012000e00feff,d4fff4fffaff0c00e2ff1000eafffafff2ff0400260036000c00eaff3c000c00,fcffecff220014001000000004001400f8ff0600eefffeff1000eefff6fff6ff,deff20000600baffeaff1c00f4ffd4ff28f2b2c9044cfef0d2914e4c40652292
5457,5457,0,2a001a000000cefff2ffe2fffcff0c000c000c00deffeeff1200f4ff1e00eeff,02000200faff0c00e2fff2ff1a00eaff0400f2ff360026000c002c00fcff2c00,fcffdcff1400f6ff20000000d4fff4fff8ffe8ffeeff0c0010001000e6fff6ff,ceff30000600daff0c001c00b4ffe4fffc91dc4ce464369328ca20652af2ccc9
5458,5458,0,fcff2a000000eefff2ffd2ffecffecffdafffaff1c00eeff300012000e000e00,f4fff4fffaff0c0020002e00faff0a0004000400260036000c00eaff1c00ecff,dcff3e001400140000000000f4ff04000600f8ffeefffeffeeffeefff6ffe6ff,eeff0000caffe8ff1c00c8ffe4fff4ff82c95a65dcf1dcc82e4cd4f23292184c
5459,5459,0,0a002a00eeffceff00000000ecff0c000c000c002c00deff120012000e00feff,12001200faff0c000000d4ff0a00eaff0400e2ffb8ff2600faff2c001c002c00,2e001e001400f6ffeeffeefff4ff14000600d8fffeffd0ff000000000600f6ff,1000deffcaff64001c000c000400e4ff384cd8f28493144b806536927cc96065
5460,5460,0,74001a00deffdefff2ff2000ecfffcfffafffaffeeff1c0002003000feff0e00,e4ffe4fffafffaff2e002e001a000a00040004004600aaff0c000c00dcff1c00,fcff1e0004001400eeff00000400040006003400feff0c001000eeff16001600,0000eeffe8fff8ffeaff1c002400f4ff7a6566921ec8446574f3a4c8884b76f3
5461,5461,0,2a00fcffdeffbeff1000f2ffecffecffdafffaffeeff2c00120030000e00feff,2200f4fffaff1c00e2ffe2fffaff0a00f2ffe2ff160016001c000c000c00fcff,ecffdcfff6ff14000000deff2400f4fff8ff06001c000c0000002000f6ffe6ff,eeff10000600baff0c002c000400c4ff38f3c2c8b44a92f278920e4ce0657292
5462,5462,0,2a000a00eeffeefff2ff0000dcff0c00faffcafffefffeff220002004e00feff,e4ff0200faff0c003e00f2ff1a00faff040004002600d8ff0c002c00fcffdcff,1e002e001400f6ff00001000140014000600f8ffe0ffe0ffeeffdeff16000600,eeff30000600daff0c000c00d4ff14007692b84b2266569364c84e6636f4c2c8
5463,5463,0,3a002a00deffeefff2ff0000fcfffcff1c00faffeefffeff020022002e000e00,0200f4ffeaffcaffe2ff20000a001a002400240016002600faff2c001c001c00,0e000e00f6ff04000000200014003400f8fff8fffefffeff3000deff16001600,eeff0000e8ffe8ff0c00daffb4fff4ff9cc7466692f56ec71e4ad6f3b292ac4a
5464,5464,0,0a000a00eeffcefff2ff0000fcff1c00cafffaffe2fedeff120012000e000e00,f4ffe4fffaff1c00e2ff2e000a00faff0400f2ff06001600faffeaff0c000c00,1e00ccff140004000000eeff0400140006000600fefffeff00001000e6ff0600,3000deffdaff06001c00faff04001400364bf4f48493044a7e66989202c83066
5465,5465,0,0a001a000000ceff1000f2fffcffecffcaff0c00deff0c00300002001e00eeff,f4ffe4ffeaff1c00d4ffe2fffaff0a0024001400360046004c001c00fcff1c00,1e001e0014000400eeffeefff4ff1400e8ff3400fefffeff0000eeff36000600,eeffdeff0600f8ffeaff0c00f4ffd4ff766676921ec75266f6f424c86c4a1ef5
5466,5466,0,0a003a00eeff00000000f2ff1c00fcffbaff0c00feff0c00400030000e000e00,1200d4ffeaffeaff4c0000000a00faffe2fff2fff8ff06000c00faff3c00fcff,1e00fcff1400f6ff000010003400140006000600eeffeeff0000000016001600,eeff10000600bafffaff2c002400d4ffa4f53cc7504912f6c8923a49e266c292
5467,5467,0,1a000a00deffdefff2fff2ff0c00fcfffafffaffeeffeeff120002002e003e00,020002001c000c00f2ffe2fffaff0a000400f2ff1600e8ff0c001c002c000c00,1e002e0014000400eeff000004001400060006000c00eeffceff0000f6ff2600,deff30000600caffeaffeaffb4ff0400c692cc496266b49320c79e66eef560c6
5468,5468,0,1a002a000000eeff00000000fcff0c000c00eaffceffeeff300040000e00feff,f4ff12000c00eafff2ff00000a00faff0400f2ffe8ff06000c001c001c000c00,1e009cfff6ff1400ceff0000f4ff040026002600feff0c0000000000f6fff6ff,00000000caff16002c00eafff4ff24009cc6d666f0f6e0c52a49b6f6e2929c49
5469,5469,0,2a002a000000cefff2ffe2ff0c00fcffcafffaffeeffeeff400002002e002e00,0200f4ff1c000c00f2fff2fffaff1a00f2fff2ff54005400fafffafffcff1c00,ecff0e00f6fff6ffeeff000004000400f8ff0600feff0c000000eefff6ffd6ff,1000beffdaff16001c00daff040004006c4970f61494a048ee66d89210c64267
5470,5470,0,2a002a000000eefff2ff00001c001c00daff0c00e2fe0c00300012002e000e00,e4ff12000c000c002e002e004a000a00f2ffe2ff060016001c002c00fcfffcff,3e00fcfff6ff0400deff1000140014001600d8ff0c00eeffeeff20000600f6ff,1000cefff8ff1600eaff1c001400e4ff1667f69222c5106706f7f8c43c495ef6
5471,5471,0,2a001a00ceffeeff10000000fcff1c000c00faffe2fed2fed4ff3000fefffeff,f4ff02001c001c00f2ffe2ffeaff4a00f2fff2ff260016000c001c00ecff3c00,fcff0e00f6ff0400eeffeefff4ff140016004400feff0c00deff0000e6ffe6ff,000010005400caffc8ff1c000400e4ff40f75cc67e488ef7d892a84872675e93
5472,5472,0,2a002a00eeffdeff000010000c000c001c00fafffeffe2fe02003000feffceff,22000200fafffaffd4ff2e000a000a00e2ffe2ff060016000c000c00ecff1c00,0e000e00e6fff6ff00000000040004000600f8ffeefffeff200030001600f6ff,deff1000f8ffe8ff2c003e00b4fff4ff46930c49d0660494b8c46e67f6f6a0c5
5473,5473,0,2a000a001000deff0000f2ffecffecfffafffaff0c00feff2200f4ff2e00eeff,f6fff6ff0c00daff5c00f2ff0a000a00d2ff1400d8ff2600eaff2c00ecffdcff,dcff0e00f6ff04001000100014001400cafff8ff0c00eeff20000000f6ff0600,eeff0000daffe8ff1c00eafff4ff340080c58667cef812c5d44756f74e939248
5474,5474,0,74002a00ceffdeff00000000fcff0c00faff0c00eeffeeff120012000e00feff,e6fff6ffeaff0c00e2ff20001a000a00f2fff2ffc8ffd8ff0c002c000c00ecff,fcfffcfff6ff040030001000240024003400d8fffeff1c000000cefff6ff0600,5800deffcaff1600eafffaff0400e4ff3c4866f804942e476e67389310c5a267
5475,5475,0,fcff1a00eeffeefff2ffe2ff0c00dcfffaff0c00e2fee2fe30001200fefffeff,04002400faffeaffe2ffe2fffaff0a0024001400f8ff16001c00faffecfffcff,fcff0e001400140010002000f4ff1400060034000c000c00deffdeff0600f6ff,eeffcefff8fff8ffeaff0c001400b4ff1c685693f2c350676af8f8c3f247b8f8
5476,5476,0,3a002a00ceffdeff2000f2ffdcffecff2c00faffeeff0c00020012001e00feff,e6ffd6ff1c001c004c000000fafffaff04000400f8ffd8ff0c00eaff2c00ecff,0e009cfff6ff040020000000240014000600f8fffefffeffeeffdefff6fff6ff,eeff20000600caffeaff3e001400d4ffc8f8e0c49e462afa5893a446f2677e93
5477,5477,0,0a000a00eeffeeff00001000ecffdcfffafffaffe2fe1c0002001200feffdeff,040014000c001c000000d4ff0a001a00140014003600f8ff0c000c000c00fcff,1e000e00e6ffd8ff10000000f4fff4ff0600f8fffeffeeff00002000f6fff6ff,000058000600f8ff0c000c00b4ffc4ffa6937647b067449486c39e6738f978c4
5478,5478,0,1a002a00deff0000f2fff2fffcff0c00faff0c00ceffe2fe02001200deff0e00,f6fff6ffeaff1c00f2ff0000faff0a001400f2ffe8ffd8ff1c00faffacfffcff,1e00ecff040004001000eeff1400140006000600feffeeff10001000e6fff6ff,40001000e8fff8ff2c00daffc4ff14000cc42c682afa52c394463efabe935247
5479,5479,0,0a000a00deffbeffe2ff5c00fcffdcffdafffaffeeffe2fe02004000eeffeeff,f6fff6ff1c00eaffe2ffe2fffaff1a000400f2ff3600e8fffafffafffcff3c00,dcfffcff140004001000eefff4ff040026003400eeffeeff0000000036000600,30000000e8ff64001c00daff1400f4fff64622fae49440465268489328c36268
5480,5480,0,2a002a00eeffeeff00000000fcfffcfffafffaffceffeeff40000200deff0e00,1400f6ffdafffaffe2ffe2ff0a00faff04001400e8ff0600faff0c00ecfffcff,0e00fcff1400220010000000040014002600f8ffeefffeff00002000f6ff0600,0000defff8ff1600fafffaff4400b4ff7c68969372c200688efab2c1924698f9
5481,5481,0,2a000a00ceffdefff2ff10001c00ecff0c001c00e2fefefff4ff0200feff0e00,0400f6ff0c00faffe2ff3e001a00fafff2fff2ff2600f8ff1c002c00fcffecff,0e000e0004000400eeff000004000400d8fff8fffeff0c000000eeff16000600,000020001600dafffaff2c00e4ff1400c2faa0c2b245dafa68933446bc68ce93
5482,5482,0,2a000a00eeffcefff2ff1000fcff0c00cafffafffefff2fe2200f4fffefffeff,f6ffe6ff0c00daff2000f2ffeaff1a00140024001600e8ffeaff0c00ecffecff,1e00dcff14001400eeff00000400f4ff260006000c00feff10001000e6fff6ff,deff30001600caff0c000c00d4ff1400b69356466068249582c1d26868fa7cc2
5483,5483,0,3a002a00ceffeeff10000000fcfffcfffaffdafffeffdefff4ff02000e00eeff,e6ff14001c00eaffe2ffe2ffeaffeaffe2fff2ff0600e8ff1c000c00fcffdcff,ecff0e0004000400deffeeff0400040026001600feff2a001000300016002600,0000eefff8fff8ff1c00eafff4ff440020c27c687afcc0c1d445befa1e94c045
5484,5484,0,fcff2a000000eeff1000e2ffecff0c00faff0c00ceffeeff2200f4ffeeffeeff,e6ff04000c000c00f2ffe2ff0a000a00e2ff14001600c8ff0c001c000c00ccff,2e000e00040022001000deff04001400160026000c00eeff30000000e6ff0600,5800eeffdaff46000c00faff0400f4ffda4552fb3495e244d2684a94acc1ec68
5485,5485,0,0a00fcffbeffceff00000000ecffecffdaffdaffceffceffc6ff0200eeff2e00,e6ff1400faff0c00e2ff3e000a00faff04001400f8ffd8ff4c000c00fcffdcff,fcfffcffe6fff6ff00000000f4ffe4ff44000600e0ff0c001000deff36000600,1000defff8ff0600daff0c000400e4ff1c69169440c1906840fc12c1504508fb
5486,5486,0,1a000a00eeffdeffe2fff2fffcffecff0c00eaffceffdeffe4ff4000feffeeff,d6ff04000c00eaff000000000a000a00f2fff2ffe8ffd8ff0c003c001c002c00,dcfffcff1400f6ff00002000d4ff0400260026001c001c0000002000e6ff3600,deff10001600baffdaff2c001400a4ffc4fc36c162447afc2a9416441c696e94
5487,5487,0,2a00ecffceff0000f2fff2ffecfffcff0c00daffe2feeeff120012000e002e00,f6ff04000c00daff000000000a00fafff2ffe2ff0600f8ff1c000c000c003c00,1e000e00140004001000200024000400260006000c00e0ff2000000036000600,eeff20000600f8fffaff1c00e4ffe4ff0694aa44b0687495a2c0e268a2fc1cc1
5488,5488,0,2a002a00deffdeff0000f2ff0c00dcffdaffbaffe2feeeff3000e4ffdeffeeff,c8ff24000c001c00e2ff2e000a00fafff2ff1400e8ffc8ff0c00faffdcffdcff,8cff2e001400f6ff0000000024002400f8fff8ff0c000c003000eeff06001600,eeff0000dafff8ff1c00daffe4ff2400d6c01c6988fd80c0264420fdae94b044
5489,5489,0,0a001a00deffdefff2ff0000fcfffcffdafffaffe2fee2fe3000f4ffdefffeff,1400f6fffaffeafff2fff2fffaff0a000400e2ff0600f8ff0c000c002c00fcff,2e002e00f6ff2200000010000400f4ff44003400e0ffe0ff0000100026000600,5800ceffdaff0600faff1c000400f4fff64334fd7495924372692a948cc04c69
5490,5490,0,2a000a00eeff0000d2ffe2ffdcfffcfffaff2c000c00eeff020022003e00feff,1400e6ff0c000c00000000000a000a00f2ff04003600f8ff0c00eafffcff0c00,1e001e00f6ff04001000ceffe4ff1400160034002a000c0000000000f6ff1600,3000eeff1600f8ffb8ff1c000400e4ff7c695694c0bf326910fd2ebfb84302fd
5491,5491,0,1a000a000000000000001000fcffecff1c00faffdeff0c00f4ff22002e00eeff,f6ff04001c000c00f2ff4c000a000a0024000400060006001c004c001c00dcff,2e000e00f6ff0400ceff000014000400f8ff1600eefffeff000010000600f6ff,deff00001600e8fffaff3e00f4ffe4ff40fe16c0d44266feaa94c643ac69d694
5492,5492,0,1a000a001000deff1000f2ffecffecff0c00faffe2feceffd4fff4ff2e000e00,1400f6ff1c00faff3e00d4ffeaff0a00f2ff0400f8ffd8ff0c000c000c000c00,ecff1e0004000400000000000400240026003400feff0c00eeff0000f6fff6ff,deff1000f8ffdaff1c000c00c4ff0400c494b2421069c4952ebf266a82febabf
5493,5493,0,3a00fcffeeffeeff0000f2fffcfffcff0c00faffe2fecefff4fff4ffeeff0e00,040004000c00faff0000e2ff1a00daffd2ff1400f8ffe8ff0c000c00fcfffcff,2e001e00f6ff0400100010002400f4ff0600f8ffeefffeff2000eeff26000600,eeff0000dafff8ff1c00eaffd4fff4ff10bf6c6966ffc2be744270fef6941843
5494,5494,0,ecffecff00000000d2fff2ffecff0c000c000c00eeffeeff020002002e00feff,040014000c00faff3e00f2ff0a001a0014001400e8fff8ff1c000c00fcfffcff,0e00fcff14001400000000001400140006000600e0ff0c00eeffdefff6ff3600,1000eeffdaff16001c00faffd4fff4ff724250fff4959442266a1a951abffc69
5495,5495,0,fcfffcff00001000100000000c00fcffdaffdaffdeffeeff30002200eeff0e00,0400f6ff0c000c000000e2ff0a000a0004002400e8ffd8ff2c00eafffcffecff,0e00fcff040004001000eeff1400e4ff16001600eeff0c002000000016000600,0000ceff0600f8fffafffaffe4ffa4ff186ae494f4bd166a10ffdebe6c4292fe
5496,5496,0,fcfffcff100000002000e2ffecfffcff0c000c00fefffeff0200e4ff3e001e00,f6fff6ff0c00daff10003e001a00faff0400e2ffe8ff0600faff0c00ecfffcff,1e000e0022000400100010000400f4fff8fff8fffefffeffeeff000006000600,deff00002400caffc8ff3e00e4ffd4ffb6ffc0bee441b6ff0a9530412c6a5695
5497,5497,0,ecff1a00ceffeeff200010001c001c00faffdaffdeff0c0012000200feff0e00,1400f6fffaff0c000000f2ffeaff6a0014000400c8ffe8ff1c002c00ccffdcff,1e001e00f6ff04000000eeff1400d4ff1600e8ffeeffeeff000020000600f6ff,eeff0000e8fff8fffaff1c00e4fff4ff92951242366a1496eebdd269faff62be
5498,5498,0,fcfffcff20001000e2fff2ffecfffcff0c000c000c000c00120030000e002e00,14003200eafffaff0000e2ff1a000a00f2ff2400b8fff8ffcafffaff0c000c00,2e00ecff140004000000deff04000400e8fff8ff0c00eeff00000000d6ff1600,10001000bafff8ff4e00faffe4ff4400b4bd686ac40024bee0408600b695ec41
5499,5499,0,fcfffcff00000000e2ff1000fcfffcff1c00faffeefffeff220002000e00feff,040014000c001c00f2fff2ff0a000a000400f2ffe8fff8ff2c002c000c001c00,ecffecff040014001000eeff04000400e8fff8ffd0fffeff400000001600f6ff,2000cefff8ff16001c00eaffe4fff4ffa840e800a296ee40c66a7a9552bd3c6a
5500,5500,0,0a00fcff00001000e2ffe2ffdcff0c00cafffaffeeffe2fe0200f4fffeffeeff,f6fff6ff0c000c00d4ffe2fffaff1a00f2ff2400f8ffd8fffaff0c00fcff2c00,1e00ecfff6ff0400eeff10001400f4fff8ffbaffeefffeffeeffeeff1600f6ff,1000defff8ff0600eaff0c001400d4ff686a4e9624bd366ac6000ebcfc401c01
5501,5501,0,fcff1a00deff0000f2ff1000fcff0c000c00baffeeffe2fe30004000feff2e00,f6fff6ff0c000c00d4ff2e001a00faffd2ffd2ff2600d8ff0c000c003c00ccff,0e00fcfff6ff1400eeffdeff14002400e8fff8fffefffeffeeff1000f6ff0600,eeff00001600f8ffeaff1c002400d4ff680154bd90406401aa95b040086be695
5502,5502,0,1a000a000000eeff0000f2ff0c000c00eaffeaffeeffeeffe4ffe4ff0e000e00,140004000c00faff0000e2ff0a001a002400f2ff26003600faffeaff0c00fcff,0e000e001400f6ffeeffeeff04001400f8ff26000c00feff200030001600d6ff,deff3000e8ffe8ff0c003e00c4ff04004e961840a66ae0964ebcc66bcc0102bd
5503,5503,0,0a00fcff0000eeffe2ff2000fcffecfffaffeaffeeff0c0002000200eefffeff,1400f6fffafffaff0000d4fffafffaff0400f2ffe8ffe8fffaff1c00fcff0c00,8cffdcff04001400deff20000400f4fff8ff0600fefffeff0000100016001600,eeff0000daffe8ff1c00daffe4ffd4ffa4bcb86a7802f4bc8c3f060146961a40
5504,5504,0,dcff1a0010000000e2ff0000dcff0c00daff1c00e2feeeffe4ffe4ff0e000e00,04000400faff0c000000e2fffaff0a001400d2ff3600e8fffaff0c00ecfffcff,1e001e00f6ffe6ffdeff1000f4ff14004400f8ff1c00feffdeffeeff06003600,00000000baff4600faffeafff4ff1400823f72025097723fd66bca965abce86a
5505,5505,0,fcffdcffeeff20001000f2ff2c00ecffdaff0c00e2fe2c00e4ff22002e00feff,140024000c000c00d4ff00000a001a0004001400060006000c001c00ecff1c00,2e001e0004000400000000001400f4ff060006002a001c00ceffeefff6ff0600,0000eefff8ffe8ffeaffeaff2400f4fff86ad096a6bbe66aba025cbb6a3fac02
5506,5506,0,fcfffcffeeff0000f2fff2fffcff0c000c00faff1c00feff0200e4ffeeffeeff,14001400fafffaff3e00d4fffafffaff1400f2fff8ff36002c00eaffecffdcff,ecff1e001400f6ff1000000014000400d8ff06000c00feffeeffeeff1600f6ff,beff10001600caffeaff1c00f4ffd4ff2203a0bbf23e3603aa960c3f686b7696
5507,5507,0,fcffdcff1000200000001000fcff0c002c00faffcefffeffe4ff02000e000e00,e6ff14000c001c00f2ffd4fffaffeaffe2ff0400d8ff16000c000c00ecffecff,ecfffcff140014000000eefff4ff04000600f8ff0c00feff200000000600d6ff,beff2000e8ffdaff0c000c00f4ffd4fff096023fd66a7097fcbab66ba803aabb
5508,5508,0,fcffecff00000000f2fff2ff0c000c00daff1c00eefff2fef4ff02001e002e00,f6ff14000c000c004c000000eaff2a00f2ffe2ffd8ff0600caff0c00fcffdcff,fcff0e000400f6ff1000eeff2400f4ff2600f8fffeffeeff100030000600f6ff,eeffdeffcafff8ff2c00daff04001400f0ba086b660486bb7c3e4c04c696523e
5509,5509,0,ecffecffeeffeefff2ff1000fcffecff0c000c000c00feff0200f4ff0e00deff,140004001c000c00f2ff2e002a00eafff2fff2ff260016000c00fafffcfffcff,0e00fcff0400040000001000f4ff1400f8ffd8ff1c000c000000deff06001600,1000eeffdaff6400eafffaffb4fff4ff723e82038097323ed66b8a9608bb686b
5510,5510,0,fcff0a001000ceff0000f2fffcff2c00daffdafffeffceff0200f4ff2e000e00,f6ff14000c00faff0000f2ff0a001a00f2ff04000600f8fffafffaff1c00fcff,0e001e00040014000000100014000400d8ff06001c000c002000eefff6ff0600,1000defff8fff8fffafffaffe4ffe4ff486b0097a6ba166b6c04a8b9f23d4804
5511,5511,0,fcfffcff0000000010001000fcfffcff0c00faffeeff0c005e0050000e000e00,1400f6ff0c000c00f2ff0000fafffaff0400f2ff36001600caffeaff1c00dcff,ecfffcfff6ff0400000010000400f4ffe8ff0600eefffeff000000001600d6ff,beff1000f8fff8ffeaff1c000400e4fff80470ba663d56041a973c3eb86b3e97
5512,5512,0,fcffecff2000000000000000ecff0c00faffdaff2c00feff120002002e002e00,f6fff6ff1c000c0020002e001a001a00f2fff2ff26001600faff1c00fcffecff,dcfffcfff6ff0400deff1000240024000600e8ffeeffeeffeeff00002600e6ff,deff0000f8ffdaff1c00faffd4ffd4ff9097663df66ad09788b9666c800518ba
5513,5513,0,fcff0a001000eeff2000f2ff0c00fcffdafffaffeeff0c0002001200eeff0e00,e6fff6ff0c001c00f2ffd4fffaff0a00f2ff0400e8ff2600caff0c000c001c00,2e001e00140004002000eeff14002400f8ff2600eeffeeff2000eeffd6fff6ff,00001000daff06000c00eaffe4ff440096b9886bc60500baec3c0c054e97023d
5514,5514,0,0a00fcffceffdeffe2fff2ff0c001c001c000c00feffeeffd4ffe4ffeefffeff,1400f6ff1c00eaffd4ffd4ff0a000a00c0fff2ff160016003c000c00fcffecff,fcff0e000400f6ffdeffdefff4ff140034000600feff2a0000000000e6ffe6ff,2000eeffbaff4600faffeaffd4ff0400363d24060098d63c366caa97c8b9e86b
5515,5515,0,1a00ecffdeff0000f2ff00000c00ecffcafffaffd2feeeff12001200feffeeff,14000400faff0c00e2fff2ff0a000a00f2ff14000600f8ff1c000c001c002c00,0e001e00140004001000000014001400f8ffd8ffeeff0c003000eefff6fff6ff,0000deffe8ff1600daffeaff0400c4ffb86b709790b9566b7c0618b9d23cd005
5516,5516,0,1a000a000000000020000000fcff0c00daff1c00feffeeff300040002e001e00,140014000c000c00f2ff3e000a001a00d2ff1400f8ff2600eaff0c000c00fcff,2e000e00f6ff1400eeffeeff14002400e8ff06001c00feffeeff00001600e6ff,deff00004600e8fffaff1c003400e4fff406e6b8563c9206aa97cc3b286c9e97
5517,5517,0,0a00dcff0000eeff100010001c00fcff1c000c00ceffeeff120012001e000e00,0400e6fffafffaff000000000a00daff1400f2ff1600d8ff2c000c00fcfffcff,1e00ecff1400f6ff300010001400140026003400eeffd0ff000010000600f6ff,deff2000e8ffdafffaff0c00e4ffe4ff4698203c066cf09828b8666cf80638b9
5518,5518,0,ecffecff0000eeffd2ff1000ecff1c001c002c002c00ceff1200f4ffcefffeff,04000400fafffaff4c00d4fffaff1a00f2ff1400d8ff0600eaffcaffecff0c00,fcff0e00040004001000100004002400f8ff26000c000c004000200006000600,00001000caff06001c00b8ff0400440046b89a6cd206cab83a3b0e080e985a3b
5519,5519,0,ecffdcff00000000f2ff00000c00fcfffaffeaffeeffeeff020022000e00deff,040014000c001c00e2ff2e001a00eafff2fff2fff8ff36002c001c00ecfffcff,ecffdcfff6ff220010003000240004000600e8ffeeff0c002000deffe6fff6ff,1000deffcaff06002c00daff34000400c03bcc079098a63bc66cca9798b8586c
5520,5520,0,0a002a00000010000000f2ff0c000c00daff0c00feffe2fe120012000e002e00,f6ff2400eafffaffe2ffe2fffafffaff0400f2fff8ffb8fffaff0c001c00ccff,1e00ecfff6fff6ffeeffeeff04001400cafff8fffeffe0ff0000100006002600,1000deff0600f8ffc8fffaff4400e4ffca6c66984ab8166cba0774b75a3bd007
5521,5521,0,1a001a00ceffeeff0000f2ffccffecff0c00faff0c00feff22001200eeffeeff,1400f6ff0c000c00f2ff4c000a000a0014001400c8ff2600fafffafffcffdcff,dcfffcffd8ff14003000eeff040024002600e8fffeff0c00000000000600e6ff,000000000600daffdaff0c002400c4ffbc0870b7163b02089e982a3bb06c4e98
5522,5522,0,0a00fcff000000002000d2ff0c001c000c00faff1c002c001200f4ffeefffeff,f6ff14000c00faffe2ffe2ff0a000a0024002400f8fff8ff0c001c00dcfffcff,0e001e001400f6ff0000eefff4ff2400d8ff1600feffeeffdeffdeff16000600,ceff58001600daffeafffaffb4ff1400d698b839946c1099d2b6e66c520926b7
5523,5523,0,dcffecff0000100020001000ecffecff0c00fafffeffeeff400002000e00eeff,e4fff4fffafffaff3e0000002a000a00f2ff0400360006001c001c000c000c00,fcff0e00e6ff0400deffeeff1400f4ff0600f8ffe0fffeff3000eefff6ffe6ff,00002000daff06003e00eaffd4ffe4ffe0b6ea6c00096ab7a6397e08d098c839
5524,5524,0,fcfffcff2000200010001000fcfffcff1c00fafff2fe0c00f4ff02002e002e00,220002001c001c002e00c4ff0a000a000400e2ff260006000c000c00fcff1c00,9cff0e00f6ffe6ffdeffeeff0400f4ffcaffe8ff0c00eeff20002000f6ff2600,5800eefff8ff06000c00daff14000400123a1c093099383a566d1e9926b7d06c
5525,5525,0,ecff0a00deff00000000f2ff0c000c00eaffbaff480002fff4ff02002e001e00,1200f4fffaff2c00e2fff2ff0a000a00140004003600d8ff2c000c00fcff0c00,1e00fcfff6ff0400eeff100004001400e8fff8fffeff0c000000000006001600,2000ceffe8ff16000c00faff3400f4fffa6c06992ab7946c2e0924b788395209
5526,5526,0,fcfffcff00000000e2fff2ffecff0c001c000c001c00eefff4ff0200eeff3e00,f4ff02003c000c00e2fff2ff1a000a000400240036003600eaff0c003c001c00,fcff1e0022002200eeffeefff4ff1400d8ff06001c00feff0000eeff0600f6ff,deff00004600daffdaff1c00f4ff0400f60990b6e8399009de983639206d0099
5527,5527,0,fcfffcff00000000f2ff00000c00fcff0c00daffe0ffeeff12000200feff0e00,e4ffe4fffaff2c00200020001a000a000400d2ff0600f8fffaff0c002c00fcff,1e001e00f6ff0400100020000400f4ff0600f8ff1c00feff000010000600f6ff,ceff3000f8ffdaff2c001c001400d4ff2699b838b46c7e9912b6366d520aeeb5
5528,5528,0,0a001a000000defff2ff0000fcfffcfffafffaffe0ff0c00e4ff1200eeff3e00,1200e4fffaffeaff200020001a000a00f2fff2ff160026000c000c00ecff1c00,0e001e00e6fff6ff0000100014000400260026001c00eeff00000000f6fff6ff,00001000f8ffe8fffaffdaffd4ff0400d4b52a6dd0096eb6e638720b5099b838
5529,5529,0,fcfffcffceffeefff2ff00000c00ecff2c000c000c00eeffe4ff02000e002e00,020002000c001c002e0020001a00faff0400e2ffc8ff26002c001c00ecff0c00,0e00fcff04001400ceff1000040014002600f8ffd0fffeff20003000e6fff6ff,00000000f8ff16001c00daff0400d4ffa838660ade999239466d3e991eb6206d
5530,5530,0,0a00fcffeeff0000f2ffe2ff0c000c00daff0c00eefffefff4fff4fffeff1e00,020002000c00fafff2ffe2ffeafffaff04000400f8fff8ff0c00cafffcff0c00,0e002e00040014000000deff0400f4fff8ff06000c000c002000000016000600,0000deffe8fff8ffdafffaff5400e4ff8a6d6699ceb5b46c020b92b4e637560b
5531,5531,0,0a00fcff0000eeffe2fff2ff0c00fcff3c000c00eefffeff1200f4fffeffdeff,02000200faff0c00000000000a00fafff2ff0400f8ffe8ff0c00fafffcffecff,0e00fcffe6ff0400000020000400f4ff0600e8ff0c00eeffeeff10001600e6ff,eeff00005400caffeaff2c002400e4ff460bf4b42c38e80ace995638506db099
5532,5532,0,1a000a000000eeff1000f2ffecff0c00caff0c000c000c0002001200fefffeff,f4ff12000c001c00d4ffd4fffaff1a0024001400f8ffb8fffaff0c00fcff0c00,0e002e001400f6ff1000100004000400e8ffd8fffeffeeff0000eeff0600f6ff,deff20001600cafffaff2c00e4ff0400d6991838f46cfe9942b4c86d260c0eb5
5533,5533,0,fcfffcff00000000100000000c00dcfffafffaffeeff4800f4ff12000e000e00,f4ffe4fffafffaff4c00d4ff0a000a000400f2ff060016000c00faffecfffcff,1e000e00040004001000100014001400f8ffd8ffeefffeff3000deff16000600,eeff0000f8ffe8ff3e00faffe4ff0400e6b39a6db80b6eb5c236f40b009a3637
5534,5534,0,ecfffcff1000defff2ffe2fffcff0c00faff1c00feffeeff0200c6ff0e000e00,02001200fafffaff3e00e2ffeaff0a001400f2ff06001600cafffaff1c000c00,1e00fcff140014001000000014001400e8fff8ff1c001c002000eeffe6fff6ff,1000deff060016001c00eaff1400f4ffe236420d8e9a3e37c86d529a00b4d06d
5535,5535,0,0a00ecff0000100000005c00dcff0c000c00daffeeffd0ff02005000feff3e00,12000200eaff1c00e2ff2e000a001a001400e2fff8ff06000c000c000c00fcff,fcff0e000400f6ff2000eeff040024003400f8ffeeffeeff300000000600f6ff,deffbeff06001600eaff1c004400d4ff266e309adeb4146de20c42b48e361e0d
5536,5536,0,2a002a001000200000000000ecfffcff0c00daffeeffeeffe4ff0200cefffeff,120012000c000c00f2ffe2ff0a000a00f2ff2400f8ffc8ff0c000c000c000c00,fcff0e00140014001000000014001400f8fff8ff0c001c000000000016001600,ceff10000600daffc8ff0c000400d4ffb20d76b3bc36240f429a2236b06d609a
5537,5537,0,2a000a00deff0000000020002c000c00faffeaff2a00eeffe4ff3000eeffdeff,1200f4ffcaff0c0020003e00faff0a0036002400e8fff8ffeaff0c000c000c00,0e00ecffe6ff0400ceff10001400f4fff8ff2600feffe0ff1000000026001600,eeff2000f8ffcaff0c001c0004000400a09a2236146d2c9bd2b3e86d220ee6b3
5538,5538,0,fcfffcff100000001000f2fffcfffcffcafffafff2fe0c0012000200eefffeff,f4ff1200faff0c00f2ff2000faff0a00f2ff24001600e8ff1c00faffecfffcff,acff0e00040004002000eeffd4fff4ff3400f8fffeff2a003000deff16001600,00002000dafff8ff3e00faffc4ff240006b3266e14103eb4f235920ea09a1e36
5539,5539,0,fcffecff10001000100020001c00fcfffafffaff02ffeeff220022002e00feff,12001200faffeaff10003e000a00faff14000400f8ff3600faff0c00fcffdcff,dcfffcfff6ff04001000100004000400f8ff3400eefffeffeeffeeff06000600,3000deffdaff16001c00fafff4ffe4ff86354e0e5c9bbe35e86d629a80b3d06d
5540,5540,0,0a00fcff1000eeff1000f2fffcff0c00fafffaff2a00f2fe12000200feff0e00,e4fff4ffdaffeaffe2ffc4fffaff0a00f2ff0400260016004c00faffecffccff,3e009cff0400140000000000f4ff0400e8fff8ffeeffeeff3000ceff0600f6ff,eeffeefff8ff0600dafffaff0400e4ff266ed09aeeb3846d220e70b21e35f80e
5541,5541,0,1a00fcffeeff10000000e2ff0c001c000c00faffeefffefff4ff1200eefffeff,1200f4fffaffeafff2ff0000eaff0a0004000400e8ff0600faff0c000c000c00,0e001e00f6ffe6ff0000eeff04001400260034000c00feff2000000016000600,000000005400bafffaff2c000400a4ff400f86b22e35ca10d29ac235e06dc09a
5542,5542,0,ecffecff00001000e2ff0000fcfffcffdaffeaff2a00f2fef4ffc6ff0e00deff,0200f4ff0c001c00f2ff2e00fafffaffe2ff2400160036000c000c00ecff0c00,8cfffcff140040000000defff4fff4ffe8fff8fffefffeff20003000f6ffe6ff,ceff30001600e8fffaff2c00f4ff1400009b9434446dac9bccb1486ed80f54b2
5543,5543,0,fcffdcff0000eeff0000f2fffcff0c00faffdafffeff0c00f4ffe4ff0e002e00,f4ffe4ffeafffaff2e00f2ff2a000a0004001400f8ff06000c000c001c00dcff,dcff2e00f6fff6ffceff000044000400f8ff34001c000c00eeff200006001600,20000000caff06002c00eaff040014007cb1266e7a1100b13234320f309b7634
5544,5544,0,fcff0a0000000000e2ff10000c00fcffdafffaffe0ffe0ff02000200defffeff,12000200fafffaff3e00c4ff0a001a00d2ff0400f8ffaaff0c00eafffcffecff,0e00fcff140004000000eeff14001400f8ff2600eeff1c0000000000f6ff1600,0000ceffdaff54000c00eaff04001400a03336100c9c9034786e829be4b1106e
5545,5545,0,fcff0a00100000001000f2ff0c000c000c00dafff2feeeffd4ff02000e001e00,12000200fafffafff2ff2000faffeaff2400f2fff8ff0600faff1c001c00ecff,2e000e0004000400deff000044002400f8ff44001c000c001000000016001600,3000eeff16001600daff1c001400e4ff666e709b6cb0fa6d361030b2b6335810
5546,5546,0,fcff0a00eeff2000f2ffe2ffecfffcffcaff2c000c00f2fe400012000e000e00,e4ff0200faff0c003e00f2ff0a00daff0400d2ff360026000c00faffdcffecff,0e009cff0400e6ff000000001400d4ffe8fff8fffefffeff00003000e6ff0600,eeff00004600cafffaff1c00f4ffd4fff6103cb130343e12f49bf032106e909b
5547,5547,0,0a00ecff2000ceffe2fff2fffcff1c001c00faffeeffeeffe4ffc6ff2e003e00,120002000c00eaffe2ffe2ff1a000a000400f2ffd8ff06000c000c00dcfffcff,0e00ecfff6fff6ffeeff000014001400f8ffe8ff1c000c00ceff2000e6ff0600,deff0000f8ffbaff0c001c0004000400e09bd8321a6eba9cfcb0786e4211a4b1
5548,5548,0,fcff2a00000000000000e2ff1c000c00faff0c00feffd0ff1200f4ff0e000e00,f4ff0200eaff0c00e2ffe2fffaff0a00f2ff04000600f8ff1c00eaff0c00fcff,dcfffcfff6ff040000001000d4ff0400e8ffe8ff0c000c0000000000e6ffe6ff,00001000caff06000c00fafff4ff3400ccb0766ede1214b010337611329c2633
5549,5549,0,dcfffcffeeff1000f2ff10000c000c001c000c002c002a000200e4ffdeff0e00,0200f4ff1c00eaffe2ff00000a001a000400f2ff46000600eaffeaff1c000c00,9cff0e001400f6ffeeff0000e4ff14004400e8fffeffeeff0000000016000600,20001000daff1600faffc8ff44002400be311012da9cf032a86e549c8ab0406e
5550,5550,0,fcff0a000000000000001000fcff0c000c00faffeeff0c00120022000e002e00,f4fff4fffafffaff0000f2ff5a00faff0400140054000600cafffafffcffdcff,fcff0e0022000400200000002400040006002600fefffeff30001000f6fff6ff,0000cefff8ff0600fafffaff2400d4ffb66e209cf4ae3a6e6a123cb01a320212
5551,5551,0,fcfffcff2000100000002000ecff1c00faff0c00e2fefefff4ff2200eeff1e00,f4ff0200fafffaff3e00f2ff0a000a001400040046006400daffdafffcfffcff,dcfffcff1400f6ff200010001400040034000600feffeeffdeffeefff6ff0600,eeff0000f8ffbaffdaff1c002400f4ffd012dcaf60328e13b49c7032a86eda9c
5552,5552,0,0a00fcff0000000000000000fcfffcfffaff0c00e2fefefff4ff1200feff2e00,02000200eafffaff0000f2ffdaffdaff14000400160054000c000c00fcff3c00,1e00fcff1400f6ff0000eeff0400f4ffe8ff0600eeff0c002000deff06001600,beff4800e8ffcaff0c00fafff4ff0400229d4e312a6e1a9dd8afd86ede12c0af
5553,5553,0,fcff2a00eeff0000000000000c000c000c001c00eefffeff30003000feff1e00,02000200faff0c002e00f2ff0a00faff140024001600f8ff0c000c000c000c00,0e000e0004000400deff0000f4ff1400e8ff06001c00feff0000eeff0600f6ff,3000eefff8ffdaffeaffdafff4ff140086afa66e8c1456ae8c318a123a9d6a31
5554,5554,0,fcff0a000000eeff10001000ccffdcfffaffbaffeeffdeff30003000feffeeff,02000200faff1c002e00d4ff0a00faffe2ffc0ff46000600faff0c00dcff0c00,0e000e00040014002000000004000400d8ffe8ff1c000c000000300006000600,0000eeffcaff1600faffc8ffd4ff14008e3080138a9df031186f749d60afb86e
5555,5555,0,fcfffcff10000000f2fff2ffccff1c00faffdafffeffeefff4fff4fffeffeeff,2200f4ff1c001c00f2ffe2ff0a000a000400f2ff160006000c00fafffcffecff,fcfffcff1400f6ffdeff200004000400e8fff8ffeeff0c0000000000f6ffe6ff,2000deff1600f8ffb8ffeaff1400e4ffd66e829de6ad8a6eec1348af3a30be13
5556,5556,0,fcffdcffceffeeff200000001c00ecffeafffaff0c00eefff4ff2200fefffeff,2200f4ff1c00faffe2fff2ff0a000a00f2ffe2ff0600e8fffaff1c00fcffdcff,2e002e0022000400eeff00002400f4fff8ff06002a00feff10000000f6ff0600,eeff00002400caffdaff2c00f4ffa4ffb01316af0c315c15649d7c30b86eaa9d
5557,5557,0,1a002a00beff00000000e2ff0c000c00eafffaff0c00eeff120002000e000e00,020012001c000c00d4ffe2ff0a00faff3600360026000600eafffaffdcff0c00,fcff1e001400f6ff00001000f4ff1400d8ff26001c00feff0000eeff06002600,ceff30001600e8fffaff0c00e4ff0400109e1e305a6e9a9dd8aec86ee61410af
5558,5558,0,1a000a0010000000000020000c00ecff0c00faffe2feeefff4ff0200fefffeff,f4ff12000c000c00f2fff2ffeafffaff040024002600f8ff0c00eaffecffdcff,0e00fcff140014000000000004001400f8ffe8ff7600feff50000000f6ff1600,0000eeffdafff8ff0c00fafff4ff140056ae066ffc1588adb82f0816ea9dba2f
5559,5559,0,1a002a000000ceffe2fff2ff0c00fcfffafffaff2c002c00e4ffe4ffeeff2e00,12001200fafffaff20000000fafffaff14000400060006000c00fafffcff2c00,0e00fcff040004000000eeff14001400d8ff26001c00eeff00000000f6ff0600,4800deffe8ff16001c000c0004002400282f4c15da9dac30386f989e18ae126f
5560,5560,0,fcff2a000000100010002000fcffecfffafffaff0c00eeffe4ffe4ffeeffeeff,0200f4fffafffaff2e00d4ff0a00eafff2ff240036001600eaff1c00dcff1c00,0e000e00f6ff14000000deff44001400e8ffd8ff2a00feff0000000016001600,1000deffe8ff0600eafffaff04002400e66e909e18ad3a6e881528aed02e6615
5561,5561,0,0a00fcff0000eeff0000e2ff2c000c00eaff0c00eeffeeff020002000e00feff,f4ff02001c00daff0000d4ff1a000a001400e2fff8ff3600faff0c00dcfffcff,2e00fcfff6fff6ffeeff000024001400f8fff8ffeeff0c00eeff100016000600,0000eefff8ffdaffdaff1c002400f4ff4816eaad862f0a17389f682f526f2a9e
5562,5562,0,1a000a00000000002000d2ffdcffdcffdaff0c00eefffeff220050000e001e00,e4ff1200faff0c00f2ffe2fffafffaff140014003600f8ff0c00eaffdcff0c00,dcff0e00040004000000deff24002400e8ffd8fffeff0c001000eeff06002600,ceff5800f8ffdaff1c001c000400e4ffe09e682e8a6ee89eb8ad486f1616b8ad
5563,5563,0,fcfffcff10000000100020000c00ecff1c001c00eeffeeffe4ff12002e00deff,f4ff1200eaff1c00f2ff00001a001a00040024000600f8ff0c002c00dcffecff,fcff0e00f6fff6ff0000000014000400e8ff06000c00feff10001000f6ff1600,00001000cafff8ff2c00eafff4ff24009aad066f281848ac042eb8169a9ef82d
5564,5564,0,1a00fcff000000000000f2ff0c00ecffcafffaffdeffeeff02000200fefffeff,1200f4ff0c00faff2e00f2fffaff0a0004001400e8ffd8fffafffaff3c00dcff,0e000e0014000400eeffeeff14002400f8ffe8fffefffeff300010000600f6ff,2000eefff8ff16002c00daffd4ff04008c2d4a17f89ee82e386fb89f38ad426f
5565,5565,0,0a00fcffeeffeefff2ff0000ccfffcff0c000c00eeffeeff0200e4fffeffeeff,02000200faffeaff0000c4ff0a000a00f2fff2ff0600d8ff0c000c003c001c00,1e000e0004000400eeff100004000400d8ffd8ffeeff0c0030002000d6fff6ff,2000defff8ff1600dafffaff4400d4ff266f109fb8ab5a6e781728add82d8e17
5566,5566,0,1a00fcff00000000f2ffd2fffcff0c000c00faffeefffefff4fff4ffdeffeeff,f4ff12000c00faff00000000faff0a00f2ff14003600d8ff1c00fafffcfffcff,dcff0e00140004000000deff04000400340006000c00feffeeff0000f6ffe6ff,beff10000600daffeaff0c00140004001018d8acb82e2019b89f942c826f229f
5567,5567,0,0a000a00eeffceff00002000fcfffcffbaff0c00eefffeff30003000feffeeff,12000200eaff1c00f2fff2fffaff0a00f2fff2ff16001600faff0c00dcffecff,dcff0e001400f6ffdeff000014000400f8ffe8fffeff0c00eeff40000600f6ff,deff10000600daff0c001c00d4ffe4ffb09fca2c8a6e769f98ac386f701870ac
5568,5568,0,1a00fcff0000eeffd2ffe2ff0c000c000c002c00feffeeff02000200deffdeff,12002200eafffaff2e00e2ffeaff4a0004001400f8ffd8fffafffafffcfffcff,dcff0e00220014001000eefff4ff1400e8ffcafffefffeff0000eefff6ff1600,00005800f8ff06003e00dafff4ff140054ac366f061ae2aa242c7c19629f982c
5569,5569,0,0a002a00eeffdefff2fff2fffcff2c001c00daffd2fee2fee4ff30000e00eeff,1200f4ff0c00faffe2ffe2fffaff0a00e2ffd2ff0600d8ff0c00faffecff3c00,1e001e0004000400eeff100014001400f8fff8ffe0fffeffeeffeeff26000600,3000eeffdaff06000c00faffd4ff0400462cd018e69f382e686f3ca000ac726f
5570,5570,0,fcff0a000000eeffe2fff2ffccff0c00faff2c00f2fef2fef4ff0200deff0e00,12000200faff0c00e2fff2fffaff1a00d2ff0400d8ff26000c00caff0c000c00,0e00dcffd8ff140000001000f4ff1400e8ff16001c00feff3000100016001600,0000000046004600eaff0c002400c4ff566f36a0b2aaba6e5c19d8ab002cd018
5571,5571,0,fcfffcff00000000d2ff1000fcff0c000c000c00f2fe2c0002002200deffeeff,1200e4fffafffaffc4ff2e001a000a00f2ffe2ff06001600eaff1c00fcff0c00,fcff0e000400f6ffeeff000004000400d8ff2600eefffeff20000000e6fff6ff,000000001600dafffaff2c003400e4ff8019b4ab882d261a9ca0642c926f42a0
5572,5572,0,0a001a0010002000e2ffe2ffdcffecffcaffeaffeeff1c00f4ff0200eeffdeff,e4ff12000c000c0000000000faffeaffe2ffe2ff36003600faff0c00fcff0c00,0e000e0014002200eeffdefff4ff2400f8ffd8ff0c00feffeeffdefff6ffe6ff,deff20004600cafffaff1c0004001400c6a0ce2ada6e16a0a8ab186f801920ab
5573,5573,0,fcfffcff0000eefff2ff0000fcfffcff1c00faffe2fedeffb6ffe4fffeffeeff,1200f4ffeaffeafff2ff2e001a00fafff2ff0400f8ff3600eaff0c00fcff0c00,1e00fcffe6ffe6ff0000000044000400f8ffd8ff0c00feffeeffeeff2600f6ff,00005800daffdaff1c00daff04001400f4aa566f541b12aac0297c1994a0e02a
5574,5574,0,fcffecff0000100000000000fcffecffdaffdaffeefffefff4ffc6ffeeffeeff,f4ff22001c001c002000d4ffeafffaff04000400360046000c00caffccffdcff,fcff1e000400040010001000e4ff0400d8fff8fffeff0c002000eeffe6ff0600,2000eeffdaff16001c00daffc4ff04000e2a6a1aa6a0882d786f3ca1c4aa926f
5575,5575,0,0a000a001000000000001000fcff0c00fafffaff0c00feff0200d4fffeff2e00,0200d4ffeaff0c00d4ff2e005a000a000400e2fff8ff16000c001c001c00ecff,0e00ecff140004000000eeff24002400e8ff2600feffeeff00003000f6fff6ff,3000deffdaff0600faff1c000400e4ff566fe6a052a9da6ee01ae6aa042a321b
5576,5576,0,1a00fcff000020003000f2fffcfffcffdaffeaff0c00e2fee4ff02001e00eeff,e4ff02001c00faff3e000000eafffafff2ff24001600f8ff0c00eaff0c002c00,fcff1e00f6ff0400eeff100004001400d8ffd8ffeeff1c00eeffeefff6ffe6ff,eeffeeff1600daffeaff0c001400e4ffea1a64aa882d241c5ca1b028b26fe4a0
5577,5577,0,0a000a00eeffeefff2ff10000c001c00faffdafffeffeeff020002002e002e00,2200f4fffafffaffe2ff20001a00faff1400040006001600faff0c00ccff5c00,1e000e0004000400deff200014001400d8fff8fffefffeffeeff00002600f6ff,eeff2000f8ffbaffeaff0c00f4ff240036a13429da6e66a1c2a9486fa21b14aa
5578,5578,0,ecfffcff2000000000000000dcfffcff0c00faffeeffd2fe0200e4fffeff0e00,f4ff2200faff1c004c00f2ff0a001a0014001400060046000c00eaffecffbcff,0e001e00f6ff04000000100004001400baffcaff0c000c00eeffdeffe6ff0600,00003000caff16001c00eaffd4ff24006aa9566f841c02a9d028421c54a13429
5579,5579,0,fcff0a001000eeffe2ffd2ff1c000c001c000c00c2fe0c0002000200feff0e00,12001200faff0c000000f2ff0a000a0024001400f8fff8ff0c000c00ecffecff,1e002e0014000400eeffeeff1400f4ff0600e8ffeeff0c003000eeff0600f6ff,2000eeffcaff64000c000c000400f4ff9428181ca6a12c28a86fcca1c4a9b26f
5580,5580,0,fcff0a00100000001000e2ffdcffecff0c001c00eeffe2fef4ffd4ff2e002e00,f4ffe4ffeafffaff2e00f2fffaff0a00f2ff04002600c8ff1c000c002c002c00,ecfffcfff6ff04000000eeff040014003400d8ffeeffeeff2000deffe6ff0600,1000ceffdaff0600fafffaff1400f4ffbc6fb6a1c2a8fa6e521c02a99a28321c
5581,5581,0,2a001a00eeff1000f2fff2ff0c00fcff0c000c00e2fec2fee4fff4ff0e001e00,02002200faffcaffe2ffe2ff0a000a00f2fff2ff1600f8ff1c000c002c001c00,1e003e000400f6ff0000eeff240044000600f8fffeff0c00eeff4000f6fff6ff,0000eeff0600daffeaff2c00f4ffd4ffdc1c4aa98c27721d70a2c028b26f94a1
5582,5582,0,fcff0a000000deff00000000fcffdcffdafffaffdeffeeff0200e4ff0e00ceff,020012000c00faff20002e00faff1a00f2ff140016001600faff0c002c000c00,0e00ecffe6ff220000000000f4ffe4ffe8ffe8ff1c000c001000eeff0600f6ff,ceff30000600daff1c000c00c4ff240030a2d4272a6fc6a1e2a8886f3a1d74a9
5583,5583,0,0a00fcff10000000e2fff2ffecffecff0c000c000c00eefff4ff0200fefffeff,02000200fafffaffe2ff20005a001a00140024002600e8ffcaff1c00ecff0c00,1e001e001400f6ffeeffeeff14001400260006002a00feffdeff0000f6ffd6ff,10001000f8ffdaff2c00daff14000400aaa8ac6f401ee4a70c27f21c54a2ea27
5584,5584,0,dcffecffeeff000020000000dcff1c000c00daffeeffdeffe4ffe4ff2e00eeff,f4fff4ffeaff1c002e00f2fffaffcaff14000400260006002c00eaff0c001c00,1e000e00040014002000eeff1400040034002600feff1c00100000000600e6ff,1000eeffbaff46000c00daff040014001e277c1d74a2ec26686f10a3daa8c26f
5585,5585,0,2a000a00deff0000f2ff1000fcfffcfffaff1c00eeffeefff4ffe4ffceff2e00,22002200daff0c000000d4ff0a000a00f2ff14000600b8ff0c001c00fcfffcff,0e002e0014001400deff0000e4fff4ffd8fff8ff0c000c000000100016002600,200010000600e8ffdaff1c004400c4ff666f90a254a70a6f321ee2a84a271a1e
5586,5586,0,0a00fcff000000002000e2ff0c00fcff0c00faffeeffeeff1200f4ff3e000e00,0200f4fffaffeaff0000e2fffaff0a00f2ff0400e8ff26000c00faffbcfffcff,fcfffcff1400140020000000f4ff04000600f8ff1c000c00000000000600f6ff,deffeeff16000600daff2c00f4ff94ffaa1e6aa8d025701e00a3cc25b26f94a2
5587,5587,0,2a000a00deff3000d2ff10002c00ecfffaff0c00e2fecefff4ffe4ff0e00feff,12002200fafffaffe2ffe2fffaff0a0024001400540026000c000c00dcff0c00,fcff2e00040004001000000014001400d8ff2600fefffeff00002000f6fff6ff,ceff10001600e8fffaff0c00e4ffe4ff20a30e26fa6e34a352a8b86fba1e1aa8
5588,5588,0,ecfffcffdeff10000000f2fffcfffcffeaff0c00eefffeff2200e4ffeefffeff,f4ffd4fffaff0c00f2ffe2fffaff1a00e2fff2ffe8ff0600faffeafffcfffcff,fcfffcfff6ff040010001000e4ff14001600caff0c000c0020002000f6fff6ff,0000deffdaff16001c00eaffe4ff1400daa7bc6fb01f14a70c26062080a3d825
5589,5589,0,0a000a001000eeffe2ff1000ecfffcfffaff0c00eeffe2fe1200f4ff0e00feff,120022000c00fafff2fff2ffeaff1a00f2fff2ff2600c8ffeaff0c000c001c00,fcff0e0014001400deffdefff4ff1400e8ff44001c00feff1000eeff06003600,2000eefff8fff8fffafffaff0400040070250a1fc8a3e024586f20a3baa7e26f
5590,5590,0,0a00fcffceff100000000000ecfffcfffaff1c00eefffeffe4ff02001e000e00,02000200fafffaff2e00e2fffafffafff2ff1400260026001c000c00fcffecff,fcff1e000400140010000000140014002600f8ffe0ff0c001000100006000600,0000cefff8ff1600daffeaff4400e4ffdc6f60a3e4a63a6f821ffea63825a21f
5591,5591,0,0a000a00eeff0000e2fff2fffcff1c00faff0c00ceffdeff020002000e002e00,f4ff12002c00fafff2ff20005a001a0014001400c8ff0600eafffaff0c00ecff,1e00dcff14000400deff100004001400f8ff06000c00feff00000000f6ff1600,eeffeeff0600daffdaff1c0034000400302004a70025302032a4ee24f26ff0a3
5592,5592,0,2a000a00ceff0000000000001c00fcfffaff1c00ceff0c00400040001e00feff,120002000c00faffe2ff00000a00daff1400f2fff8ff0600faff2c00dcffecff,fcff2e00e6ff140010000000f4ff1400260006000c000c00200000003600f6ff,deff1000f8fff8ff1c000c000400e4ff90a300252a6fe8a34ea7d86f122040a7
5593,5593,0,0a000a00eeffdefff2ff0000fcff0c00faff1c00feffdeff120012002e001e00,02002200fafffaff2e00e2ff0a002a00e2ff0400460026001c00faffdcff2c00,2e000e00140004001000deff04001400d8ff3400feff1c00eeffeefff6ff2600,eeff40000600f8ff1c00daffe4ff340084a6dc6fae20c6a56c24462060a41825
5594,5594,0,fcffecffeeffeeff000020000c00fcfffaffdaff2c000c0030004000ceffeeff,f4ffe4ffeaff0c002e00d4ffeaffeaffd2ff1400e8ff06001c000c00ecffdcff,0e000e0004000400100000000400d4ff2600e8ffeeff0c0020000000f6ff0600,1000ceffbaff16000c00dafff4fff4ff6024d02058a4e023b86f3ea568a6d26f
5595,5595,0,0a00fcffeeff000010001000fcffecffcafffaffeeff0c001200e4ffdeff0e00,02002200eafffaffe2ff2e000a00eaff0400f2ff26003600faff0c00ecffecff,fcfffcff0400f6ffdeff1000f4ff2400f8ffe8ffeeffeeff0000100016000600,10000000e8fff8ffeaffdaff240004001c707ea4c6a52a6fd620aea6c0237421
5596,5596,0,fcff0a00deff000010003000ecfffcffdaffcaffdeffceff020012000e000e00,120012001c00faff2e00f2ff1a00faffe2ffc0fff8ff46004c000c002c00fcff,fcff0e00140004001000000004000400d8ffe8ff0c000c003000100016001600,eeffeeff0600f8fffaff2c001400e4ff7021a8a56222cc215ea56a22e26fc8a4
5597,5597,0,fcfffcff2000eefff2ff00001c001c000c00faff1c011c01e4fff4ff0e000e00,120002000c00fafff2ffe2ff0a002a002400140006002600eaff1c00fcffdcff,1e002e0032001400eeffeeff24001400f8ffe8ff2a000c0000000000f6ff0600,eeff20001600caffdaff1c0004001400cea4aa224a6f06a55ea6a86fd42128a6
5598,5598,0,fcfffcff00000000f2ff4e000c00ecfffaff0c00feffeeff4000f4fffeffdeff,d4ff1200faff0c003e00e2ff0a00eaffe2ffe2ff060016000c000c001c001c00,0e00ecfff6ff22000000eefff4ff1400d8ffe8ff0c000c00300030000600f6ff,ceff0000dafff8ff3e00dafff4ff040076a51c70e22216a53a229a2238a5c422
5599,5599,0,0a001a0000000000100000000c001c00dafffaffeeffeeff300012000e002e00,020012000c00eaff0000e2ff0a00eaff040004000600d8ff1c002c00fcffecff,0e000e00040004001000100014001400340016001c001c000000000006000600,30001000daff06001c00eaff340034000a226a2226a57222786f0ea6a8a5e26f
5600,5600,0,fcfffcffeeff000000002000fcfffcfffafffaffdeffeeff40000200eeff0e00,f4fff4ffeaff0c00f2ff00000a00fafff2fff2fff8ff36000c00eaffdcffdcff,0e00fcfff6ff14000000deff240024002600d8fffeff1c003000000016000600,00000000f8fff8ffeaff1c005400e4ffcc6f86a506a51a6faa222ea50422e022
5601,5601,0,1a000a0000001000e2fff2ff0c001c000c00faff1c00eeff30001200eeffeeff,120012001c00cafff2ffe2ff0a00faff140014005400d8ffbafffafffcffdcff,0e000e000400f6ffdeffdeff140004000600f8ff0c00feff0000eeff36000600,eeffeeff1600daffdaff0c00140004000a2336a58c2122233ea61a22f26fb8a5
5602,5602,0,0a00fcff00002000e2ff00000c00fcffdaffeaff0c000c001200e4fffefffeff,d4ffe4fffaff1c00e2ff3e001a00faffe2fff2ff360006000c000c001c00fcff,8cff0e00e6ff040000000000f4ff0400d8fff8ff0c000c0030001000f6ffe6ff,deff20000600e8ff0c001c00d4ffd4ff44a650212a6fe6a53ea5c86fc02338a5
5603,5603,0,1a00fcffdeffeefff2ff2000dcff1c00faffdaffeeff1c00220002001e000e00,020002001c000c00e2ff2e00fafffafff2ff2400060036000c002c001c00dcff,4e000e001400e6ffeeff0000040014001600f8fffeffeeff00002000f6ff0600,eeff1000baff06001c000c0024000400d0a3dc6f302408a486207a2348a68421
5604,5604,0,2a001a00deffcefff2ff0000fcfffcfffaff0c00feffeeff020012001e00eeff,e4ff2200eaff0c00f2ffd4fffafffafff2fff2ff26002600faff0c000c00fcff,fcff0e00040014000000000014000400f8ffe8ff0c001c0010001000f6fff6ff,2000beffbaff46002c00daffe4ff24000021da2326a6bc20786f2ea780a4d26f
5605,5605,0,2a002a00300010000000d2ff0c002c00daff2c001c000c0012001200feff0e00,02002200daff1c00000000000a000a000400040006002600eafffafffcfffcff,0e001e00220014000000eeff04000400f8ffd8ff1c002a0000000000f6ff0600,2000ceffe8fff8fffaff0c000400d4ffcc6fc4a698a33a6f8c24eea484205024
5606,5606,0,fcffecff000020001000f2ff0c00fcfffaff1c00eeff0c0022004000eeffeeff,1200e4ff1c000c00e2ff0000fafffaffe2ff0400160026000c000c001c00fcff,0e00ecffe6ff04000000000024000400e8fff8ff1c002a001000300036001600,eeffdeff46000600faff1c000400d4ff402590a3482000252ea7321fe26f88a6
5607,5607,0,0a001a001000eeff0000f2ffecfffcff2c001c000c00eefff4ff3000eeffdeff,0200e4fffafffaff2e002000eaffeafff2ff0400d8ffc8ffbaff1c001c002c00,fcfffcfff6fff6ffdeffdeff040004000600f8fffeffeeff100010001600f6ff,eeff10001600cafffaff1c000400e4ff44a71020ea6e76a68ea4a86f182520a4
5608,5608,0,0a00fcffdeff100000002000ccffecff0c000c004c00deff02003000fefffeff,f4fff4ffdaff0c002e0010001a001a001400f2ff36000600faffeaff2c00fcff,fcff0e002200e6ff10000000140014000600f8ff0c001c00000020001600f6ff,00001000e8ff16001c00eaffe4ff240010a3dc6f602518a3721f7e2530a7a21f
5609,5609,0,0a002a00eeff0000f2ff1000fcff0c002c002c002c000c00f4ff0200eeffeeff,12002200daff3c00f2ffd4ffeafffafff2ff1400c8ff3600caffeaff0c005c00,0e000e0022001400eeff100004000400e8fff8ff0c001c000000eeff16001600,3000eeffcaff16002c00daffd4ff2400da1e4e26a4a7f01eb86f8ea780a3e26f
5610,5610,0,0a002a00000000001000d2ffecff0c00faff1c00feff0c0002000200eeffbeff,1200e4ff0c00fafff2ff4c000a000a00e2fff2ff160016004c000c002c00dcff,2e000e00e6ff2200deff000014001400d8ff3400eeff0c00eeff10000600f6ff,1000eeff160016000c00eaff0400f4ff1c7074a7f8a24a6f7e2640a36a1ef825
5611,5611,0,1a000a00100020000000f2ff0c00fcffbafffaff0c00eeff300040000e002e00,e4ff1200eafffaff2e00f2ffeaff0a0014001400f8ff06003c001c000c001c00,0e000e00f6fff6ff1000eefff4ff0400e8ffe8ff1c002a00eeff3000f6ff0600,ceffeeff1600daffdaff1c00f4ffe4ff9e2600a3b01e5c2662a8c21ee26fb0a7
5612,5612,0,2a00bcff10000000e2ffe2ff0c001c001c001c00feffeeff300022000e00deff,22000200eaffeaffe2ffd4fffaff0a0004000400e8ffd8ff1c00faff2c000c00,1e002e000400f6ffdeffeeff04003400e8ffe8fffeff0c000000200006002600,eeff30004600caffeaff1c000400f4ff9aa8181efa6ee4a700a3886f2a2730a3
5613,5613,0,0a002a002000defff2ffe2ff0c00fcfffafffaffcefffeff12001200eeffceff,f4ff02000c000c003e00e2fffaff0a00040024002600c8ff0c00caffdcffecff,ecff1e0014001400eeffeeff04001400e8fff8ff0c000c0020001000e6ff0600,10003000f8ffe8fffaffeaffe4ff140060a2cc6f6c2752a2121ebc268aa8da1d
5614,5614,0,0a00fcff0000cefff2ff0000dcfffcfffaff0c00feffe2fe50002200ceffeeff,0200f4fffaff0c0020002000fafffafff2fff2ffe8fff8ff0c000c003c000c00,0e000e0014000400000000001400f4fff8ffd8ffeefffeff4000300006000600,10001000daff46001c00c8ff240004006c1d2e27a2a8b21d886ff2a864a2b26f
5615,5615,0,fcfffcff10000000f2ffe2fffcffdcffcaff0c002c002c0040003000fefffeff,f4ff0200eafffaffe2ff2000faff0a00f2ff1400e8fff8ff0c00faff0c00fcff,fcfffcff040004000000eeff140014002600e8ffeeffeeff2000eeff3600f6ff,1000deffdaff0600dafffaff2400e4ff566f1aa9d6a12a6f3028f0a21a1d8a27
5616,5616,0,2a000a00eeff000000001000ecfffcff2c000c00e2fe0c0030000200eeffeeff,1200e4fffaff0c00c4ff2e001a00faff0400040026000600fafffaff0c00ecff,0e002e000400f6ffeeffceff040004000600f8ff1c00eeff0000deff16000600,00001000f8ffdafffaff1c000400c4ffa42830a2f41c1c2872a9501bd26f14a9
5617,5617,0,1a00fcff10001000f2ffd2fffcff1c00caff2c000c002c0012001200deffeeff,02000200faff0c00f2ff2e00faffeaffe2ff0400460046001c000c001c00dcff,9cffdcff0400f6ffeeffdeff0400f4ffcaffd8ff0c000c0020002000f6ffe6ff,deff30005400e8ff0c00fafff4ff14009aa9181cfa6ee2a830a2886f8a28e4a1
5618,5618,0,fcfffcff00001000f2ffe2fffcff1c001c000c000c002c0030000200eeffeeff,e4ff12000c000c002e0010000a00eaffd2ffe2ff060006000c002c00ccff0c00,0e001e00f6ff04000000200034001400f8fff8ff0c00eeffeeff100006001600,00000000daffe8ff1c00fafff4ff240066a1bc6fbc28f6a0601b9029c4a9c21b
5619,5619,0,ecfffcff10000000f2fff2ff1c001c000c00daffeeffdeffe4ff30000e00eeff,1200f4ff0c000c00e2fff2ff0a001a00f2ff1400260006000c000c003c000c00,0e00fcfff6ff14000000eefff4ff1400e8ff26002a000c00ceffeefff6ff2600,1000eeffdaff1600faffdaff040034009a1a242942a9f41b686f26aa84a1c26f
5620,5620,0,0a000a000000deff00001000ecff1c001c000c00feff0c00c6fff4ff0e00feff,020012000c00fafff2fff2ff0a00faff1400f2ffd8ff0600eaff2c001c00fcff,0e001e0004000400eeff1000d4ff0400d8ffe8ff0c001c002000eeff0600f6ff,3000eeffe8ff0600daffeaff24001400766f34aaf6a0da6e302998a0b21b9429
5621,5621,0,fcff1a000000100020002000fcfffcff0c00faffdeff1c01f4ff0200deffdeff,0200d4ff0c00faff00000000faffdaffe2fff2ff160036000c00fafffcfffcff,1e00ecff14001400eeff000014000400e8fff8ff0c001c00eeffeeffe6ff0600,deff00004600f8ff1c000c001400e4ff0e2a16a1941b5a2976aa001ba26f34aa
5622,5622,0,0a00ecff1000200010000000ecffecffcaffcafffeffeeff50001200deffdeff,1200e4fffaff0c0020003e000a000a00e2ff0400060036001c000c001c00dcff,fcff2e00f6fff6ffceffeeff04002400d8fff8fffefffeff0000eeff36000600,eeff200016000600faff2c000400040054aa9a1afa6ed2a998a0886f242a44a1
5623,5623,0,fcfffcff000000000000f2ffecfffcffeaff1c002c00eeffe4ff1200deffeeff,e4ff0200eaffeaffe2ff2e00fafffafff2ff140036004600daff0c00fcff0c00,0e001e000400140000002000240024000600f8ff2a000c00eeff4000f6ff0600,eeff1000e8fff8ff1c00faffd4ff2400e6a0566f522ae6a0301a602974aaa61a
5624,5624,0,fcff2a0010000000e2ffe2ffecff0c00fafffaffeeff0c00f4fff4ffdeff0e00,12001200faffeafff2ffd4ff0a000a00240004002600e8fffaffeaffecfffcff,2e000e0004000400eeff100014000400e8fff8ffeefffeff2000000006000600,3000eefff8fff8fffaffeaff040034000a1a9e2a02aa841a786f36abe4a0926f
5625,5625,0,0a001a00100010002000f2ffdcffecff0c00faffceffeeff12000200deffceff,02001200fafffaff2e00e2ffeaff0a000400d2ff160036000c001c00fcfffcff,0e00fcff040004001000eeff14002400caffd8ffeefffeffeeffeeff06000600,1000000006004600eafffaff1400e4ff566f04ab46a01a6fa42aa8a0a019102b
5626,5626,0,fcff1a0000001000f2fff2ffecffecfffafffaffe2fe1c00220030000e00eeff,f4ff0200eaff0c002e003e000a00faff04001400e8ff26000c001c00fcff1c00,1e001e001400140000000000240014002600d8ffeeff0c00200030003600f6ff,0000deff4600f8ffdaff1c000400d4ffee2a76a0061a322bd8abfc18726f40ab
5627,5627,0,fcff0a000000eefff2ff1000fcfffcff1c00daff0c002c001200f4ffeeff1e00,12001200daffdafff2ffe2ff0a005a0024001400360036000c001c00dcfffcff,fcff0e001400f6ff0000000004002400e8ffbaff1c00feffeeffdeff16002600,eeff30001600daff0c001c00e4ff040094abc018ba6ec2aab49f986fe02b32a0
5628,5628,0,0a00fcff0000eefff2ff0000fcfffcff0c00daffe2feeeffe4ff12002e00eeff,e4fff4fffaffeafff2fff2ff0a000a00e2ff1400360016000c000c00dcff1c00,0e00fcff0400f6ffeeffeeff04000400160006000c00feff1000000006000600,eeff1000dafff8ff2c00eaffe4ff1400b09f466f882e76a04c18f82ca0abb018
5629,5629,0,fcff1a00100000001000f2ff0c00fcffdafffaff1c000c0002001200eeffeeff,0200f4ffeaff1c00f2fff2fffaff1a001400f2ffd8ff16001c000c000c00ecff,1e001e001400f6ffdeffceff14001400d8fff8ff2a00eeff0000deffe6fff6ff,58000000daff16000c00eaff0400f4ff1018de2bb0ab3a18486f86ab929f426f
5630,5630,0,fcff0a000000000000001000dcfffcffcaffcaffeeffdeff02000200eeffeeff,f4ffe4ff0c000c002e0020000a000a00e2ff0400260016000c002c00dcfffcff,fcfffcffd8fff6ff0000eeff040004002600e8ff0c00feff200030001600f6ff,eeffeeff16001600fafffaff44001400066f88ace69fea6ed82d049fce17b82c
5631,5631,0,fcffdcff0000eeff0000d2ffecff1c000c00daffeeff0c00f4fff4ffeefffeff,f4fff4ffeaffcaff2e00e2ff1a001a0014000400f8ff16002c001c000c000c00,2e000e00f6fff6ffdeff10001400240026001600eeff0c00deff100026001600,ceffeeff4600dafffaff1c002400e4ff5c2c609fea17f62eb8ac1c18626f30ac
5632,5632,0,0a00fcffeeffeeff000010001c00fcff0c000c00e2feeeff3000f4ffceffeeff,f4ff2200eafffaff3e00e2fffafffaff0400f2ffe8ff06000c000c00dcff0c00,fcff1e00040014000000deffe4fff4ffcaffbaffeeffeeffeeffeefff6fff6ff,deff10000600daff0c001c00e4ff04005aad5a179a6eb0ab049f186f962d429f
5633,5633,0,fcfffcff10000000f2ff0000fcffdcffdaff0c000c000c0022001200feff0e00,d4fff4ff0c000c00e2ff20000a000a0004000400f8fff8ffeaff0c00dcffdcff,1e001e0004000400deff000014001400e8ffd8fffefffeff00001000e6ffe6ff,10001000e8fff8ff1c000c00e4ff2400209f166f262f569f9c16b82dd8ac4e17
5634,5634,0,fcfffcffeeffeeff0000f2ffecffecffaaffdaff0c00e2fe020002000e00feff,02000200fafffaff0000f2ffdaffeaff24000400160016000c001c00fcffecff,fcff1e00f6ffe6ff0000eeff1400f4ffd8ffd8ff0c001c000000200006001600,1000deffcaff54001c00eaffe4ff240098160e2ef8acfa17186f08ae329f626f
5635,5635,0,fcff2a00eeffeeff10000000fcff1c00faff1c00eeffdeffe4ff0200feff0e00,2200f4ff0c00faffd4ff20000a000a000400240016001600faff0c000c002c00,2e000e000400f6ff0000100024001400f8fff8ff0c00eeff300030000600f6ff,2000eefff8ff1600faff0c001400f4ff266f5aad089fca6e982e749e26163a2e
5636,5636,0,1a00bcff0000eeffe2ff00000c00fcff1c00faff1c00feff02004000eeffeeff,f4ff02000c00eafff2ff4c000a000a001400f2ff160026000c00eaffecffdcff,0e00ecfff6ff14002000defff4fff4ffcafff8ff1c000c002000deff1600e6ff,eeffeeff46000600eaff0c00040004004e2eb09eba16c62fc8adbc14426f68ad
5637,5637,0,0a000a00200000004e002000fcff1c00faffcaffdeff0c0002000200feff3e00,e4ff12000c00faff3e00d4ff1a000a00f2fff2ff16002600eaffeaff2c00ecff,1e000e00f6ffe6ffdeffeeff04000400caffe8ff0c00eeff10001000f6ff1600,000020000600caffdafffaff0400040076aebc158a6e78ad949d286f002f7a9e
5638,5638,0,fcffecff1000200000002000fcfffcfffaffdaffe2feeeff1200d4ff0e000e00,e4ff0200caff0c00e2ffe2fffafffafff2fff2fff8ff06002c00faffdcffdcff,1e001e0014000400eeff00001400f4fff8ffd8ff0c000c00000030000600f6ff,ceff20000600f8ff0c00eaff0400f4ffe29df66efc304a9eac141c30d8ad5615
5639,5639,0,0a001a000000eefff2ff0000fcff0c001c00eaffeeff0c00d4ffe4fffeff1e00,120002001c000c00e2ff2e00faff0a00140004002600e8ff0c000c00ecff1c00,1e000e000400f6ff1000cefff4ff04002600f8ffeefffeff1000eeff36000600,5800eeffcaff06002c00b8ff140034001c15882f78adac15a86e68aeda9d226f
5640,5640,0,0a000a00eeff0000f2ff2000fcfffcfffaffeafffefffeff020012003e00eeff,0200d4ffeaff0c00200000000a00eaff040004000600f8ff2c00daffdcfffcff,2e008cfff6ffe6ffeeff000014001400d8fff8ff1c002a0030001000f6fff6ff,4000ceff1600f8ffeaffeaff0400f4ffd66e06afda9d8a6e3c30e49cb614b02f
5641,5641,0,fcfffcff00001000f2fff2ffecfffcffcafffaffeeffeeff02000200fefffeff,f4fff4ff0c00faffd4ffe2ff1a000a00f2ff0400060026000c000c001c00fcff,0e000e002200f6ff1000eeff04000400060006000c00eeff10000000f6ff1600,100010004600daffeaff2c000400e4ff1e30c29d8c149c3118af3c14e26e78ae
5642,5642,0,1a001a0010001000f2ff1000fcff1c00faff1c00eeffe2fe40000200feff0e00,f4ff0200eaff1c002e002e00faffeafff2fff2ff060046000c00fafffcfffcff,dcff0e0004001400eeffeeff240014000600f8fffefffeff000020000600e6ff,ceff10004600caffeaff1c00e4ff040026af6c143a6ed6ad049de86e2030da9d
5643,5643,0,2a000a0000000000000020000c000c00fafffafffeff0c003000d4ffeeff0e00,0200d4fffaffeaff2e00d4fffafffafff2ff040046003600fafffaff2c000c00,dcff0e00f6ff0400eeffdeff14001400d8fff8ff0c000c00eeff100006003600,deff0000daffdaff1c00faffe4ff3400629db66e60329a9d7a129c3040af3e14
5644,5644,0,1a000a000000100010002000fcfffcfffaff1c00feffeeff02000200feffdeff,0200f4fffafffaff0000c4ffeaff0a003600e2ff260006002c000c001c002c00,0e00fcff140014000000eeff04000400f8ffe8ff0c00feffeeff000006000600,10000000f8ff0600eaffb8ff0400140030130e31d4ae9e13b86e7cb04a9df26e
5645,5645,0,2a002a00eeff2000f2ff20000c00ecff0c00faffeeff0c00d4fff4ffeefffeff,f4ffe4fffafffaff2000e2ff0a00faff24000400f8ff36000c000c001c000c00,dcfffcff1400140010000000140004000600e8ff0c000c00eeffeeff06001600,eeffdefff8ff1600faff0c0014001400d66e5cb0ea9c5a6ebc31949c82125a31
5646,5646,0,2a00fcff000020000000f2ff1c00fcfffafffafffefffeff2200e4ffeeffdeff,e4fff4ff0c000c00e2ffe2ff0a000a00f2fff2ff2600e8fffaff1c001c00fcff,0e001e000400f6ffdeff0000e4fff4ff160016001c00eeff00000000f6ff1600,eeffeeff1600e8ffc8ff2c00e4ffc4ffae31329d5e1340338cb04611906ef0af
5647,5647,0,fcffecff1000eeff0000e2ff0c00fcffdafffaff1c000c00f4ff12000e003e00,f4ff1200eaff0c000000f2ff0a001a0004000400d8ff36001c00eafffcfffcff,fcfffcfff6ff14001000deff1400f4ffd8fff8fffeffeeff1000100006001600,eeffeeff4600bafffaff2c00f4ffe4ff7cb0d6114a6e74af849cd86eda310a9d
5648,5648,0,fcfffcffeeff0000100010001c00fcffeafffaff1c000c0012000200deff0e00,0200f4ffdaffdaffd4ff2000faff0a0024002400060026000c00faffecffdcff,1e00fcff0400e6ff0000200014002400f8ff0600feffeeff00000000e6ff0600,eeff2000f8ffcafffafffafff4ff5400f29c966e70335a9c66113033c0b0d211
5649,5649,0,dcffecffeeffeefff2fff2ff0c000c00dafffaffeeff2c002200f4ff0e00feff,02000200faffeaff3e00e2fffaff1a0004000400260016002c00fafffcff1c00,0e000e00f6ff1400eeff0000040004000600e8ffeefffeff0000eeff0600f6ff,10000000e8ff06001c00eaff0400440096111832b4af6e12b86e4cb0a29c506e
5650,5650,0,ecff1a0000001000f2fff2fffcffecffcaffcaff2c001c00f4ffe4fffeffeeff,f4ff1200fafffaff2e00c4ff1a00faff240014003600d8fffaffeaff2c001c00,1e002e00f6ff0400eeff000014000400f8ff0600feff0c000000ceff16001600,3000defff8ffe8fffafffaff34000400866e1cb18a9c2a6e3033629b9211ca32
5651,5651,0,fcffecffeeff1000200010000c000c00daff0c00eeff0c00f4ff0200feff1e00,e4ff1200faff0c00f2ffe2ff4a00eaff3600140026003600faff0c00fcff0c00,1e009cff1400f6ffeeffdeff1400d4ffd8ffe8ffe0ffeeffeeff20000600f6ff,ceffdeff1600f8ffeafffaff1400e4fff832a29c2e1250341cb1d610306e2ab1
5652,5652,0,1a00ecff00000000f2fff2ff0c000c000c00faff1c00feffd4ffe4ffeefffeff,e4ff0200faffeaff2e003e00fafffafff2ff0400e8ff1600faffeafffcff0c00,1e000e00f6ff0400deff000014000400e8fff8fffefffeffbeffdeff16001600,000030001600caffeafffaff040014008cb10611fa6d44b0529b686e5633329c
5653,5653,0,ecff1a00000000000000f2ff0c000c001c00daff1c002c000200d4ffeeff0e00,e4fff4ffeafffaff0000e2fffaffeafff2ffe2ff260036000c000c00fcfffcff,ecffecff040014000000100014000400e8ffd8fffeff1c000000000006000600,deff1000f8ff06001c000c00d4ff1400c09b666eee346a9c2610e233cab1b810
5654,5654,0,fcfffcff100000001000f2fffcfffcff0c002c002c00e2fef4ffb6fffefffeff,120012000c000c00f2ffe2ff0a00fafff2ff0400540046000c002c00ecff2c00,2e002e000400f6ffeeffeeff04001400e8ff2600eeff0c00eeffeeff06001600,10000000f8ff16001c00daff240004001610b833e2b08a11386e70b2c29b206e
5655,5655,0,1a00ecff000000001000e2ffecfffcffcafffaff0c00eefff4fff4fffefffeff,e4ffe4ff0c001c0020002e000a00faff2400f2ff160016002c000c00fcffecff,1e000e00f6ff0400eeff0000f4fff4ffe8ffbaffeeff1c0000003000f6ff0600,3000defff8ff16001c000c000400e4ff366e46b20c9c446dc234e29aa80f3634
5656,5656,0,fcfffcffdeff10001000f2ffecfffcfffafffaffe2fefeff12001200feff0e00,d4fff4ff0c00faff2e0020001a001a00f2ff040026003600fafffaff0c00ecff,dcff1e000400f6ffceff00001400e4ffd8ff26001c00feffeeff000036001600,deff00001600e8fffaff1c00f4ffe4ff1635109b44109e35a0b2220e006e4ab2
5657,5657,0,1a00dcffdeffeefff2fff2ff0c000c00faff0c00eeffe2fef4ffd4ff0e00ceff,1200e4ff1c000c002e002e000a000a000400f2ff360036000c000c00ecfffcff,0e000e00f6ff22001000defff4ff0400d8ffe8fffeff0c00300010001600f6ff,ceff1000f8ffe8fffaff1c00e4ff0400b6b2ee0e446d72b1b29a186e3e35309b
5658,5658,0,ccff1a00200000001000d2fffcffecfffaffdaffeeffd2fe1200c6ffbeffeeff,e4ff22000c00eaffe2fff2ff1a001a00f2ffd2ff84001600faffcaffdcfffcff,8cfffcff2200f6ff00000000f4fff4ff9cffcaff0c00feffeeffeeffe6ff1600,ceff5800e8ffe8ff1c000c00f4ff2400c09a266e6c367c9b120e12369ab2f80e
5659,5659,0,ecfffcffdeff0000f2fff2ffecfffcfffaffeaffeeffeefff4ff30000e00ceff,f4fff4fffaff1c00e2ff3e000a000a00e2ffe2ff540054003c00faffdcfffcff,1e000e00f6ffd8ff0000eeff0400e4ffaafff8fffefffeff20002000f6fff6ff,1000deffcaff16002c00fafff4ff14006e0e223610b2a40f186e80b2109be06d
5660,5660,0,fcfffcff2000100000001000fcff0c00faff1c00eeffeefff4ffe4ffeeffeeff,02000200fafffafff2ff10000a000a00e2ff0400360006000c000c00fcff0c00,1e000e00f6ffe6ff0000eeff0400f4fff8ffe8ff1c00feffeeffeeff16002600,20000000e8ff46000c00faff0400e4ffca6d56b35c9b246d6236429ae20dee35
5661,5661,0,0a00dcff0000eeff10004e000c00fcff3c000c00eeff0c00e4ffe4ffdeffceff,f4ffd4fffaffeaff2e0000001a00fafff2ff040054004600faff0c001c000c00,1e000e0014001400100000000400f4ffe8ffd8fffeff1c00eeff000006001600,0000deff1600baffc8ff1c004400e4ff7236709ab40eec36d2b3420ed06d96b3
5662,5662,0,ecfffcff000010000000f2ffecfffcffcafffafffeffeefff4ffe4ffeeff0e00,e4ff12000c00daffe2ffd4ffeaff1a00f2ff0400f8ff36000c00fafffcffccff,0e002e0022001400deff1000e4ff1400e8fff8ff1c00feffdeffceffe6ff1600,deff30000600f8fffaff0c00c4ffe4ffd6b3720d046dceb4529af86d9e36b09a
5663,5663,0,ecffecffeeff0000000020001c00fcffcaffcaffeeffeeff1200f4ff1e00eeff,d4ff1200faff0c005c00e2ff2a000a00d2fff2ff0600f8ff2c002c000c00fcff,0e00fcffe6ff0400eeff000004000400e8ff06006600feff200020001600e6ff,beff0000daff06002c00faff04000400f699ba6dda37dc9aa20cd23686b4e00c
5664,5664,0,0a00fcff000000004e00e2fffcff0c00faffdafffeffeeff020002002e00feff,f4fff4ff1c000c003e00c4ff0a000a00e2fff2ff260016000c00faff0c003c00,0e00dcff1400040000001000f4ff14000600e8ff0c00eeffeeffdefff6fff6ff,20001000caff24000c00b8ff14004400c20c32375eb5e60da66df2b4109a906d
5665,5665,0,0a001a00eeffeefff2ffe2fffcfffcff0c00faffe2fedeff0200f4ffeeff0e00,f4ff1200daffeaffe2ff2e004a000a001400f2ffd8fff8fffaff1c000c00dcff,0e002e0004001400eeffeeff24001400260006000c001c00ceff000016000600,1000cefff8ff0600faff0c00040004009a6d54b4469ad46c9237229ae80b9637
5666,5666,0,0a00fcff0000eefff2ffd2ff0c00dcff0c00faff1c004c0012000200ceffdeff,e4ffe4fffaff1c00f2ff0000fafffaff1400040046001600faffeaffecff1c00,dcfffcff140004000000ceff1400e4ff260026001c000c00200030001600f6ff,eeff10005400f8ffeaff0c00f4ffd4ff18388699b60d523902b5b20a406ddeb4
5667,5667,0,0a00fcffeeff0000f2ff00001c00ecff1c00faff1c001c00300012000e00feff,020002000c000c00e2ff3e000a00faff0400f2ff160054001c001c000c00ecff,2e009cff04000400100000001400f4fff8fff8fffeffeeff100020002600e6ff,eeff10004600daff1c000c00e4ffc4ff94b56e0ba46cceb56e99666d0638a099
5668,5668,0,fcff0a001000eefff2ff2000fcffdcfffaff1c00eeffe2fef4fff4ffdeffdeff,e4ff0200fafffaffe2ffe2ff1a002a000400140016000600faffeaff1c000c00,0e000e00f6fff6ff100010000400d4ff1600f8ffe0fffeff00002000f6ff1600,ceff1000daffdaff0c00c8ff0400340036992a6d6239ae99a20a1639ceb5180b
5669,5669,0,0a002a00eeffceffd2ff0000ecff2c001c00eaffeeffeeff0200e4ffeeffeeff,f4ff0200faffdaffc4ff0000eaff1a002400040016001600faff0c001c00ecff,0e001e0004001400eeff1000140014000600e8ff0c000c00deff1000f6fff6ff,1000eeffcaff06001c00daff240024004e0a7838aab66009666d22b58099606d
5670,5670,0,2a000a00000000001000e2ffecff1c00faff2c00eeff0c00f4ff0200deffceff,d4ff02000c000c00d4fff2ff0a00fafff2ff1400540046001c00eaff1c000c00,dcff0e00140014001000eeffe4ffd4fff8ff0600eeff2a001000eeff1600f6ff,0000eefff8ff6400eaff0c004400f4ff2a6d40b67e99366c36390e995c0a2839
5671,5671,0,ecff1a00deff0000e2ffe2fffcfffcff0c00faffeeffeeffe4ff0200feff0e00,f4ffe4ff0c00eaffd4ff2e000a00faffe2fff2ff160026001c000c00fcffecff,ecff0e001400f6ff1000200004000400bafff8fffefffeffdeff10002600e6ff,2000eeff1600daff0c000c005400a4ff48392699b208b23992b6320a306deeb5
5672,5672,0,1a00fcff0000000000000000fcffecfffaff0c000c000c0012001200eefffeff,12001200eaff0c00f2fff2ff0a000a00f2fff2ff060006000c00faffdcff2c00,fcffecfff6ff0400eeff10000400f4fff8ffcaffeeffeeff1000eefff6ffe6ff,eeff10000600cafffaff2c00d4fff4ffd0b6a409866c9ab7de98f66cb8390099
5673,5673,0,ecfffcff10001000d2ff2000fcff1c00fafffaffeeff0c00f4ff0200eeff0e00,14001400faff0c0020002e000a00fafff2ff0400260046000c001c00fcff0c00,fcfffcff14001400deffeefff4ff2400e8ff16002a001c00eeff0000e6ff0600,eeff3000f8ff06000c00faff04005400d6980a6d263b6e99ee08a63936b76c09
5674,5674,0,fcfffcff200000001000f2ffecfffcfffaff0c00eeff2c001200e4ffeefffeff,040014000c00fafff2ffd4ff0a000a00e2fff2fff8ffd8ff0c00faffdcffbcff,0e00fcfff6ff2200000010000400f4fff8fff8ffeeffeeff2000eeff1600e6ff,0000eeffbaff46000c00eaffe4fff4ff1409623aeab7c207e66c64b7e098e06c
5675,5675,0,fcfffcff100020001000d2ffecff0c00fafffafffeff0c00f4ff2200fefffeff,04000400faff1c00f2ffe2ff0a000a000400e2ffd8ff36000c000c00fcffecff,ecff0e0014003200eeff00000400d4ff160026000c000c000000eeff2600f6ff,1000defff8ff06000c000c002400e4ffca6cd6b73099166c9a3a8e985208083a
5676,5676,0,fcffecffeeff1000d2ff10000c00fcfffafffaffe0ff1c000200f4fffefffeff,f6ffd6fffafffafff2fff2ff0a00faff1400e2ff260006002c001c002c001c00,0e00fcfff6fff6ff0000100024001400e8ff2600feff1c00deffeeff16001600,0000ceffe8ffcaffeaff2c000400f4ffc23a86987207863bb4b73a07c06c86b7
5677,5677,0,ecfffcff0000eefff2ff1000dcffecff0c000c000c002a00120012001e00eeff,f6ff32000c000c00f2ffe2ff0a001a00e2ffe2ff460054000c00faff1c001c00,0e001e00220004000000eeff14001400e8ffe8fffeff1c00deffeefff6fff6ff,000030000600daffdaff0c00e4ff140036b80c08f66b8ab8da97166d6a3b5e98
5678,5678,0,ecfffcff0000ceff1000e2ff0c00fcfffaff0c00f2fee0ff12001200deffeeff,f6ff14000c003c002e002e000a00faffd2ff04003600f8ff1c00faff0c00fcff,fcffecff140004000000eeff04000400f8ffd8fffeff0c00200030000600f6ff,deff0000dafff8ff0c00eafff4ff14004698aa6c563c90983a075c3c06b8b207
5679,5679,0,fcfffcffeeffeeffe2fff2ffecfffcffeaff0c00eeff0c00f4ff0200eeffeeff,e6ffd6fffaff0c002e002e00fafffaff0400f2fff8ff06000c001c000c00dcff,0e00dcff04001400200010000400f4ff260034000c00feff2000200016000600,2000eefff8ff16001c00eaff0400f4ffe406123b3ab99206f66c78b8ee97906c
5680,5680,0,fcfffcffceff10001000f2ff0c00fcff1c00fafff2fed0ff0200e4fffeff1e00,f6ffd6ffcafffaffe2fff2ff0a00faff04000400360006000c000c00fcff3c00,dcff1e00e6fff6ffeeff00000400140026003400e0ffeeff00001000f6ff1600,1000eeffcaff1600eaff0c00140004009a6cc6b81098866b0c3cea97b006da3b
5681,5681,0,fcff1a00deff10000000f2fffcff1c001c002c00eeff1c0022001200deff0e00,d6fff6ff1c00faff3e00f2ff0a001a000400e2ff54002600faffeaff0c000c00,ecff0e002200f6ff0000deff24002400260026000c006600deff0000f6ff2600,deff10001600daffeaff0c002400b4ffa63c36988605e63cc8b8aa06486ce8b8
5682,5682,0,2a00bcff100020000000f2fffcfffcfffaff0c00e0ffeeff12003000defffeff,f6ff14000c000c00f2ffd4fffaffeaff1400f2ff540026000c00faffecff1c00,1e00fcff04001400200010000400f4ff4400f8ff0c001c000000200016000600,deffdeff6400daff0c003e00d4ff040086b9a805566bd8b92a97266cb23cce97
5683,5683,0,0a002a00eeff00001000f2fffcffccfffafffaff0c00e0fff4ff02000e00eeff,f6fff6ff0c000c003e0000000a00fafff2ffd2ff360026000c000c00ccfffcff,dcfffcfff6fff6ff00000000a4ff0400d8ffd8fffeff0c000000200006001600,eeff0000daffe8ff2c000c00040024006097986b663de097fc048c3ca8b9f005
5684,5684,0,0a00fcffeeffceffe2ff20000c001c001c000c000c000c00e4ff0200feff1e00,1400f6ffeaffeafff2ffe2ff1a001a001400d2ff16002600eaff1c001c000c00,fcff0e000400f6ff00001000240014000600e8fffefffeffceff000006001600,0000deffe8fff8ff0c00faff14002400a805363dc6baf604566c7cbaae97386c
5685,5685,0,fcfffcffeeff2000f2fff2ffdcffecff0c000c000c002a0040001200fefffeff,1400f6fffaff0c002e00e2ff0a000a001400e2ffd8ff36000c00eaffdcfffcff,1e000e00f6ff14000000deffd4ff0400340006000c000c001000ceffe6ff0600,5800deffe8ff16000c00eaff04001400686b40bae097566bdc3d2a971005923d
5686,5686,0,fcff0a0010002000f2ff10000c000c000c000c001c000c0002000200deff0e00,f6ffe6ff0c00faff2e00f2ff0a00eaff2400f2fff8ff16000c00eafffcffdcff,dcffdcfff6ff14000000eeff34001400caffe8ff1c00feff00000000f6ffd6ff,deffceff1600cafffaff2c001400e4ffc63d20978604a23eacba4a03c86b48ba
5687,5687,0,2a00fcff200010000000f2ffecffecffcaffcaff0c000c00f4fff4ffdeffeeff,f6ffe6ffdaffeaffe2ffd4ff1a00eaff0400d2ffd8fff8ff0c00eafffcffdcff,1e00dcff040004002000eeff240014002600d8ffeeffeeffeeff20001600f6ff,beffeeffe8ffdafffaff1c00e4ffd4ffd0bab804e66a86bb0a97566c123ee696
5688,5688,0,0a002a001000eefff2fff2ffecffdcff2c00faffeefffefff4fff4fffefffeff,f6fff6ffeaff0c002000f2ffeaff0a00040014001600d8ff0c000c001c001c00,fcff0e00e6ffe6ffdeffeeff140014003400e8ff1c00eeffeeff2000f6ff1600,eeff2000dafff8ffeaff1c00f4ff24000097286be23e30975a03fc3ed8ba2804
5689,5689,0,ecffdcff20000000f2fff2ff0c00fcfffaffcafff2feeeff0200f4fffeffdeff,040004000c002c000000d4ff0a00faff0400040016001600fafffaff3c00fcff,fcff1e0022000400deffdeffe4ff0400e8ff06001c00feff00000000f6fff6ff,58000000e8ff6400faffeaffd4ff44002203923ea6bbd802266cccbac696a86b
5690,5690,0,fcfffcff2000000010000000fcff0c00caff0c00eeffeeff02002200eeff2e00,e6ffe6ffeaffeaff2e00d4fffaffeaff1400f2ff2600d8ffeafffaff1c00ecff,dcfffcfff6fff6ffeeff100014001400caffe8ffeefffeffeeff0000d6ff0600,eeffceff06000600eafffafff4ffe4ff186b40bb2097a66a3c3f3a966803da3e
5691,5691,0,2a00bcffeeff2000f2ff0000fcff0c00daffdaffe0ff2a0002000200eefffeff,1400d6ffeafffaff2e00e2ff1a000a000400f2fff8ff46001c001c002c00ecff,ecfffcfff6ff1400eeff000004000400e8ff0600feff0c00deff20002600e6ff,eeffeefff8ffdaffdaff2c0034001400523fd0967802523f1ebc3a03586b58bb
5692,5692,0,0a00fcff20000000000010001c000c00fafffaffeeff0c001200e4ffeeff1e00,040024000c00eaff0000d4fffaff0a00e2ffe2ff260006000c000c00fcffecff,fcff0e0004000400eeffeeff04004400f8fff8fffeffe0ffeeffeeff16001600,ceff68001600caffdaff3e00d4ffd4ff00bc4202866a94bc9a96c66b8a3f9696
5693,5693,0,ecff0a0000000000e2fff2ffdcffecff0c00fafff2fef2fe22000200deffeeff,04000400fafffaff0000d4ff0a001a00f2ff0400f8fff8fffafffafffcffecff,ecfffcff1400040010001000f4fff4ffbafff8ff2a001c0010002000f6fff6ff,00000000f8fff8ff1c00eaffd4ff0400b096f86ab23ff0961a025c3f7abc1803
5694,5694,0,0a002a0010000000f2ff00000c001c000c00faffeeff2a000200e4ffeeffceff,f6fff6fffaff1c002000d4ff0a001a00e2ff1400360036000c000c00fcfffcff,9cfffcff0400140020000000f4ff0400e8ffcaff0c00feff20002000d6fff6ff,00000000f8ff06000c00daffe4ff14006801284054bd9201c66bfebc0696586b
5695,5695,0,fcff1a0000000000000000000c00ecffeafffafff2fee0ff020012000e000e00,0400f6fffafffaffe2fff2ff0a000a00f2ffe2ffe8ff64000c002c001c00ecff,0e002e00f6ff04000000100014002400d8ffe8ffeefffeff2000000026001600,1000ceffdaff06000c002c001400e4ff886a14bd4496a66a70406a968c019c40
5696,5696,0,0a00fcff2000deff2000f2ff1c001c00cafffaffeeff0c00e4ffe4ff0e00feff,140014000c00fafff2ff0000faff0a001400f2ff0600f8fffaff0c001c00fcff,0e000e001400040010000000040024003400f8ff0c00eeff1000eefff6ff0600,10001000f8ffe8ffeaff1c001400f4ffc8405e9612018240debca600286be2bc
5697,5697,0,bcffecffeeff1000f2ff0000ecff0c00faffdafffeffe0ffc6ff12001e00deff,24001400eaff0c000000f2fffaff0a0014001400f8fff8fffafffaffdcff1c00,1e000e0014001400eeff000004000400e8ff2600feffeeffeeff0000f6fff6ff,ceff00006400dafffaff0c00f4ff040030bea800966aa4bd4a95c66b1c410696
5698,5698,0,ecff0a0020001000f2ff10000c00ecffdaff0c00eeff0c000200f4fffeffdeff,e6fff6fffaff0c003e001000eaff0a00d2ff24000600e8ff1c000c00ecff0c00,fcff9cff220014002000eefff4ff1400d8ffe8ff1c00feff100000000600f6ff,deff0000daffe8ff2c00eaffe4fff4fff295786af4413496b600404192bd9c00
5699,5699,0,fcfffcffeeff0000f2ff10003c001c00faff0c00feffeeff02000200fefffeff,f6ff0400fafffafff2ffe2ff0a00faff1400e2ffe8fff8ff0c002c001c00ecff,0e00ecff0400e6ff0000eeff240024003400d8ffd0fffeff2000300016000600,00000000baff46003e000c00e4ff24003800484134be0400866b2ebdc6956c6a
5700,5700,0,fcfffcffeeffeefff2fff2ffdcff1c00faff0c00eefffeffe4fff4fffeff0e00,14001400eafffafff2fff2ff0a00faff0400f2ff06002600eaff0c00acff0c00,2e001e0004001400deffdefff4ff0400f8ff06000c001c002000000006000600,4800eeffe8ff0600c8ffeaff04000400186a60be2496b66904421a952a009c41
5701,5701,0,2a00dcff10000000f2fff2ffecffecff2c00faffeeffeeffe4ff1200eefffeff,e6ffe6ff1c00faffe2ffe2fffaff0a00e2ff140036002600faff1c002c00fcff,1e00fcff140014000000defff4ffd4fff8fff8ff0c001c0000001000f6fff6ff,eeffdeff1600f8ffdaff1c001400f4ffb841a29566ff4442cebe26004c6a52be
5702,5702,0,ecff1a00200010002000f2ff0c00ecff0c00faffe2feeeff0200e4ffdeffeeff,e6ff1400eaff0c00d4ffe2fffaffeafff2fff2fff8ff26001c000c000c00fcff,bcff9cfff6ff2200deff00003400a4ff3400cafffeff1c0000003000f6ff0600,ceff20000600e8ff0c001c002400040020bf60ffd669e2befa94466a7c42b695
5703,5703,0,fcfffcffceff0000f2ff2000fcffecff1c000c003c01feff020002001e00feff,f6ff0400eaffeaff2e0000000a001a00f2ff1400f8ffd8fffaffeaff0c000c00,0e001e0004000400deffeeff1400f4ff1600d8ff0c000c00eeff200016001600,ceff1000daff06003e00faffd4ff040072957c69b442b49570fe44424abf92fe
5704,5704,0,fcfffcffeeff00000000e2ff0c000c002c000c000c00feffd4ffd4ff0e00feff,1400f6ff1c00fafff2ffe2ffdaff0a00f2ff14002600e8ffcaffeaff2c002c00,fcfffcfff6ff0400eeffdefff4ff2400e8fff8ff1c000c001000eeffe6ff0600,20000000daff06002c00eaff04001400b0fec242b0bf18feb26922c056952c6a
5705,5705,0,0a001a000000eeff00000000fcff1c000c000c000c002c001200f4ffeeff0e00,f6fff6ff0c00faff20002e00eaffdaff14000400260046000c00eafffcff0c00,fcfffcff14001400ceffeeff04001400d8ffd8ff2a00feff2000eeffe6ff1600,1000eeffe8ff5400faffc8ff240004006c6990bfc495826914431a9512fe0843
5706,5706,0,ecff0a00000010005c00f2ff1c000c00cafffafffeffeeffe4ff02000e000e00,f6fff6ff0c000c002e003e00faff0a00f2ffe2ffe8ff06000c00fafffcffecff,fcff0e00f6ff22000000eeff04000400f8ffbaffe0fffeff0000eeff0600f6ff,eeffdeff16000600faff2c000400d4ff3243529598fd924372c000fdbc69eabf
5707,5707,0,1a000a00eeff0000f2ffe2ff1c002c00daff0c00feffe2fec6ff0200eeffdeff,24000400fafffaffe2ff2e000a001a00f2ffe2ff2600f8ff1c000c001c001c00,ecfffcff040004000000eeff140014001600e8ffeeffe0ff000030001600e6ff,ceff00001600daffdaff1c00f4ffe4ffa6c0b4fdf268b0c0da94c269b8430695
5708,5708,0,1a00ecff1000eefff2ffe2ff2c00fcfffaff1c000c002c003000e4fffeff2e00,040014000c00eaff20002e00faff1a00040036004600e8ff0c00caffecff3c00,1e001e001400e6ff0000eefff4ff04000600e8ff0c000c000000000006001600,10002000e8ffdaff1c00faffd4fff4ff12954c6952445495c0fcb644bcc072fd
5709,5709,0,0a001a001000eeff0000e2fffcfffcfffaff1c00fefffeffd4ff0200deff0e00,040004000c00faff0000e2fffaff1a001400f2fff8ffe8ff0c00faff0c00fcff,0e00fcfff6ff22002000bcff04002400f8ffd8ff0c000c0030000000f6ff0600,0000eeffdaff36001c00daffe4ff3400f4fc724320c138fd7269d2c0f694bc69
5710,5710,0,fcff0a00beff000010003000dcfffcff0c000c00e2feeeff1200d4fffeffeeff,f6ffe6fffaffeaffe2ff2e006a000a000400f2ff36003600eaff0c001c001c00,fcfffcffe6ff140010000000140024002600e8ffe0ff0c00300020001600e6ff,1000eefff8ff46000c00faff1400e4ffec6806c14495d26896444a945afc0844
5711,5711,0,fcff0a0010000000100010000c000c00faff1c00eefffefff4ff5000feffeeff,d6ff14000c000c002e00d4fffaff0a000400040036002600faffcaff2c00fcff,fcff2e00f6fff6ffdeff00001400d4ff06000600feff0c000000eeff06001600,eeffeeff0600daffdafffaff2400e4ff4a450694cafbb24492c160fc3c693cc1
5712,5712,0,2a00ecff0000eefff2fff2ff2c00ecfffafffafffeff2c0012000200cefffeff,1400e6fffaff0c002e00e2fffaff4a002400140026002600fafffaff1c003c00,0e000e000400e6ffdeff0000f4ff0400f8ffd8ff0c00feff000030000600f6ff,beff00004600caff1c003e003400e4ffa6c1e0fb426860c14a94026910457e94
5713,5713,0,ecff0a00beff1000d2ff0000fcffdcfffaff0c00eeff1c0122001200deffeeff,1400f6ffeaff0c003e00d4ff0a00fafff2ff140026002600faff1c002c00fcff,fcff2e0004001400deff2000f4ff0400d8ff06000c001c00eeffeeffe6ffe6ff,beffeeffdaffe8ff0c00c8ffb4ff1400c693cc687245f4946efb96443cc2eafb
5714,5714,0,fcffecffeeffdefff2ff1000fcfffcffcaff2c000c00deff120030000e00eeff,04000400faff1c002000e2ff0a00faffd2ffe2ff360016000c000c00fcfffcff,fcfffcfff6ff0400eeff0000040014000600d8ffe0fffeff000000001600e6ff,0000deffdaff06003e00dafff4ff040062faaa45cec24afba26804c46e94dc68
5715,5715,0,fcfffcff000000000000e2ff0c00ccffcaff0c000c000c0030004000eeffeeff,0400f6ffeaff1c003e00f2ff1a001a001400f2ffd8ff16000c002c00fcfffcff,2e00ecffe6ff0400deffdefff4fff4ff2600d8ff0c000c001000100026002600,0000deffdafff8ffdaffeaff140014006c68a0c2e494206824461a9488fa4046
5716,5716,0,ecffecff1000eeff0000d2ffecffecffdaff0c00feff0c00e4ff2200cefffeff,040004000c000c002e00d4fffaff1a001400360046002600eaff2c000c00dcff,1e000e00f6fff6ffeeff200014001400340006000c00feffdeff000016002600,0000deff46000600daff1c004400e4ff764676936afa104632c36af9ec689cc2
5717,5717,0,fcffdcffdeff1000200000000c000c00faffeaff0c00e2fe02004000fefffeff,f6fff6ff1c000c00f2ffe2ff0a00eaffe2fff2ff260036000c00faff1c000c00,fcff2e00f6ff1400deffeeff04001400d8ffd8ff2a000c000000eefff6ffe6ff,ceff00000600dafffaff1c00e4ffd4ff10c302fa526802c3ea93b26880460e94
5718,5718,0,ecff1a0010000000d2fff2ff0c001c00fafffaffeeffeeff30003000feff2e00,e6ffd6ffeaff0c00200000000a000a001400f2fff8ffd8fffafffaff3c001c00,fcfffcfff6ff0400eeffdeff24000400d8ffe8ff0c00feff2000000016000600,deff0000e8ff06003e000c00f4ff140086932c68be46f4948af9144758c3f8f9
5719,5719,0,fcff0a00deffeeffe2ff0000dcffecff1c00daff1c00eeff02003000deff0e00,1400d6ff0c000c002000e2ff0a00faff24000400160016000c000c00ecff1c00,fcffecfff6ff14001000eeff14001400cafff8fffefffeffeeffeeff1600f6ff,20001000daff16002c00daff14001400d8f8f64662c386f9ce6724c40e944268
5720,5720,0,0a00fcff00001000f2fff2ffecff1c00caffdaff0c000c00120012000e00eeff,14000400faff0c000000e2ff0a001a000400140006002600eaff0c001c00fcff,fcffdcfff6ff0400deffceff040014002600f8ff0c00feffdeffdeff06001600,1000defff8ff1600daffeaff340024002c68a0c35494906754474893d8f86247
5721,5721,0,fcff1a00eeff00001000e2ffecffecffdaffdaffeeff2c00120002000e00eeff,e6ffe6ffeaff2c00f2fff2ff0a001a000400f2ff740006000c00caffdcff0c00,1e00ecff040014001000deff0400e4fff8ffe8ff0c001c000000200006000600,eeffceff06005400eaff2c001400d4ffcc473693e6f82e4770c5aaf8d26748c4
5722,5722,0,fcfffcff00000000d2ff00000c00dcffdaffcaffeeff1c00400002000e00eeff,e6ff1400eaffeaff200000001a000a00040004000600d8fffaff0c001c001c00,fcfffcff140004000000200004002400caffe8fffeff1c00eeff1000f6ff0600,ceff10001600e8fffaff1c00f4ff240080c478f8406732c438934e67f247ce93
5723,5723,0,bcfffcff00001000e2ff1000fcffdcffdafffaffeeffceff22002200feff0e00,f6ffd6ff1c00eaff20002000faff0a00d2ffd2ffe8ffe8fffaff0c00ecff0c00,3e00fcff14000400deff100004000400f8ffe8ff1c00eeffeeffeeff16000600,00001000f8ffe8fffaff0c00e4ff1400f692bc67ae47549436f7944730c5c6f7
5724,5724,0,fcfffcff1000eeffe2ffe2ff0c00ecff1c00faffd2fefeff3000f4ffeefffeff,040004000c000c00e2fff2ffeaff5a001400140054005400eafffafffcff0c00,1e001e00040014001000defff4ff14001600f8ff1c00feff0000cefff6ff4600,1000eeffe8ff16001c00daff3400240060f77c4860c56ef71e6720c66e93b267
5725,5725,0,fcfffcffeeff00002000f2ffecff0c00faffdafffeff0c0002000200defffeff,14000400faff1c00e2ff4c000a00faffd2ff1400060074000c00faff1c00ecff,0e000e00f6fff6ff1000eeff04001400f8ffe8ff1c001c00100000000600f6ff,3000defff8ff2400eaffdaff14002400566788c524942067b848289346f7cc48
5726,5726,0,fcff0a0020001000f2ffe2fffcfffcff0c000c00e2fe0c00f4ff0200deffceff,f6ff04001c00faffe2ff2e00eaff1a0014000400540046000c000c001c003c00,2e000e00040004001000100024000400f8ffaaff1c000c001000eefff6fff6ff,eeffdeff5400e8ffc8ff1c000400e4ff9c48f6924ef76e4880c6b6f67267b0c5
5727,5727,0,0a00bcffeeff1000c2ffe2fffcff0c00dafffafff2fee2fe020012000e00feff,f6fff6ffeaff0c002e0000002a000a0014000400d8ff16000c00faffccfffcff,0e000e00f6ff2200eeff10000400e4fff8ffe8fffeffeeff000010001600d6ff,eeffdefff8ffe8ffdaff1c00240014008cc6c0f6d066b0c528937e674c494e93
5728,5728,0,0a00fcff00000000e2fff2ffecfffcff1c00faff2c00eeff02000200defffeff,e6ff24000c000c00f2ffc4fffaff5a0004000400060006001c000c00dcffecff,fcffecff040004000000eeff04003400caff3400fefffeffceffeefff6ff1600,deff2000f8ffdafffaffdaff04003400c692f666ee48f49306f67a4920c6aef6
5729,5729,0,fcfffcff0000000000000000ecffdcffdafffaffeeff0c0002004000feffdeff,e6ffd6ff0c000c002e00f2ffeaffeaffe2fff2ffe8ff54002c00fafffcff0c00,fcfffcfff6fff6ff20000000e4fff4ffd8ffd8fffeff0c001000eeffe6fff6ff,10000000e8ff64002c00c8ff04002400a4f57c4910c602f64e67b0c6f2920267
5730,5730,0,0a000a000000eefff2ffd2ffdcfffcfffafffaff4c00eeff02003000eeff0e00,e6ff04001c00faff2e00d4ff1a00fafff2ff04002600f8ff0c001c00fcff0c00,9cff0e000400f6ff00000000f4ff14000600e8ffe0ffeeff0000deff26002600,3000deffdaff54000c001c0034000400c6660cc7b49342660e4a9892cef5da49
5731,5731,0,1a00ecffceffeefff2ffe2ff0c00fcff0c00faff1c002c00f4fff4ff0e000e00,1400c8fffafffaff200020000a000a00f2fff2ff160006001c000c000c000c00,1e000e00f6ff0400000020002400e4ffd8ffcafffeffe0ff100000003600f6ff,0000ceff1600f8fffaff1c001400f4ff664ad69202f65e49b0c726f6d266f8c6
5732,5732,0,0a002a0020001000d2ff10000c000c000c00eaffeeffeeff0200e4ffeeffeeff,14003200faff0c00e2ffe2ffeafffaff0400140036002600faff1c00fcff2c00,fcfffcff140022000000eeff14001400d8fff8fffeff0c000000ceff06000600,deff10004600dafffaff1c00040024008cc714f54266eec6a8926e662a4a0293
5733,5733,0,ecff0a0000000000f2ffe2fffcffecff0c00daff0c00eeff300040000e002e00,f6fff6ffeaffeaff2e00e2ff0a00faff36002400260054001c001c00bcfffcff,fcff0e0004000400eeff10004400f4ffe8ffd8ff1c00feff1000eefff6ffe6ff,deff3000f8ffdaff2c000c00e4fff4ff96925666944a849336f52e4af2c72ef5
5734,5734,0,ecfffcff1000deffe2ffd2fffcffecffdaff2c000c001c00f4ffe4ffdeff2e00,e6ff1400fafffaff2e00e2fffafffafff2ff040006004600fafffaffecfffcff,0e001e001400140010000000a4ff0400d8ffd8fffeffeeffeeffdefff6ff0600,30000000daff16001c00daff1400040058f3884bcec722f59e66c4c89292a266
5735,5735,0,1a000a00eeff0000000000000c001c000c001c000c001c00020022002e001e00,f6fff6ffdafffafff2fff2ff1a000a0004001400c8ff36000c001c002c000c00,0e000e00f6ff0400deff0000f4ff14000600d8ffeeff0c00eeff000016001600,2000defff8ff0600eafffaff440004003666d2c82693b465ee4aa89246f45e4b
5736,5736,0,fcfffcff00000000d2ff0000ecff0c00eaff0c000c00eeff020030000e001e00,140014000c00faff200020001a000a00040014001600d8fffaffeaffccff1c00,1e001e0004003200eeffeeff24001400f8fff8fffeff66000000eeff16000600,100000000600f8fffaff0c002400b4ffc84b569214f4c44a14c934f3c06582c8
5737,5737,0,fcffecff00001000e2fff2ffecfffcfffaff0c00eeff0c00120012000e00feff,f6ff04000c000c0020002e000a000a0014000400160026000c001c00dcfffcff,1e000e001400f6ffceff100014000400e8ffe8fffeff1c00300000001600f6ff,eeff30001600f8ff0c000c000400e4ff12c9c8f25465bcc858927e66be4b9292
5738,5738,0,fcffecff1000000010000000dcfffcfffaffdaff0c00eeff02001200eeffeeff,14001400fafffafff2fff2ff1a001a0004001400f8ff3600faff0c00ecff1c00,1e000e00e6ff14001000100004000400f8fff8fffeffeeff200000000600f6ff,ceff1000caffe8ff1c000c00c4ff24005692aa65644b2693c4f23e4c6cc926f3
5739,5739,0,1a001a0000000000000000000c00ecff0c001c001c000c0002003000feff1e00,04000400eaffeaff2e002e004a005a0004000400c8ff0600eaff0c00ccfffcff,1e002e000400f6ff2000eeff04001400260026000c00feff0000100006000600,1000deffcaff06000c00b8ffe4ff140038f2284c5cc984f3ee6594c962927065
5740,5740,0,0a00fcff1000100000002000ecff2c00eaffeaff1c000c00220002003e00eeff,040004001c000c00f2ff2e000a00fafff2ff140006001600faffeafffcff0c00,fcff0e001400140000002000040004001600f8ffeeff1c00deffcefff6ff1600,1000eeff06001600eafffaff340014004a65c2c936934465ae4cb29114f2ee4b
5741,5741,0,0a00ecff000000000000e2fffcffecffeafffaff2c001c00300002000e002e00,f6fff6ff0c00eaff20004c00faffeaff1400040026000600eaff0c00fcffecff,0e000e001400040010000000140004000600f8fffeff1c00eeff1000f6ffe6ff,0000eeff4600f8ffeaff1c004400d4fffc4ccc9158f0144c48ca24f270657cca
5742,5742,0,ecff1a000000eeffd2ff20000c00fcff0c00eaff1c00fefff4ff2200eefffeff,14000400eaff0c00f2ff2000fafffaff2400f2ff160016000c00faffdcffbcff,fcfffcff0400f6ffdeff000004001400d8ffd8fffefffeff0000deff3600f6ff,ceff00001600e8ffeaff2c000400f4ff7cca5ef1e4647ccab291a064b64c1292
5743,5743,0,fcff0a002000eeff1000f2ff0c00fcffcaffdaff0c001c0002000200eeff2e00,14000400faffdaff10001000faff4a00040004000600f8ffeaff0c00fcffecff,fcff0e0004000400eeff100024000400260016000c00e0ff0000000036001600,deff5800f8fff8ff2c00eafff4ff1400dc91fa64724ce69220f1ce4cccca54f1
5744,5744,0,fcfffcff0000eeff0000f2ffdcfffcfffafffaff2c002c0002001200deff0e00,04001400faff1c003e00c4ffeaff0a00f2fff2ff54000600fafffafffcff0c00,dcfffcfff6ff0400000010000400f4ffd8ff2600eeff1c00100000000600e6ff,0000eeffe8ff54002c00dafff4ff44009cf06c4decca38ef80645acc22921065
5745,5745,0,0a001a000000deff10000000ecffecfffafffaff0c000c00f4ff12000e00feff,1400f6ffeaffeaff0000f2ff0a001a0004000400460026000c00eaff0c00ccff,1e00fcff040014000000eeffa4ff24001600e8ffeeffe0ff0000000016001600,3000eeffe8ff16000c000c001400d4ff9a641ccba6925464de4db2916af0ba4d
5746,5746,0,ecff1a00100000000000f2fffcfffcffbaff1c001c00f2fe40003000deffdeff,e6ff04000c00faff2e00f2ff0a000a00e2ff0400060046000c00eaffdcff0c00,fcff0e001400220020000000e4ff2400d8ffcaff1c001c001000eefff6ffe6ff,eeffeeff4600f8fffaff1c00f4ff2400cc4d8c9180eef24c8accacefb064c8cb
5747,5747,0,fcff1a00eeffdeffe2ffe2ff1c00fcffeaff0c000c00feff020002000e000e00,140032000c00faffe2ffe2fffafffaff1400140016002600faffcafffcff1c00,2e001e00f6fff6ff1000200014000400caffd8ff1c001c000000eefff6fff6ff,eeff3000f8ffe8ffdafffaff140024001ecc2cf04464ecca729150644a4e1292
5748,5748,0,ecfffcff00000000f2fff2ff0c00fcffdafffaff2c000c000200f4ffeeff2e00,f6fff6ff0c00fafff2fff2fffaff0a0014000400160006000c00caff0c000c00,1e000e000400f6ff100000003400b4ff0600baff1c00e0ff0000100006002600,eeff0000f8ff06001c00faffe4ff04008c91d663304e90929ceffe4e68cc30ef
5749,5749,0,fcff2a000000eeffe2ffe2ffecfffcffcaff0c004c004c0030000200eeff0e00,0400e6ff0c00faffe2fff2fffaffeafff2fff2ff64002600eafffaffecffecff,1e000e0004002200ceff200014001400f8fff8ff0c000c00eeff00001600f6ff,3000eeffdafff8ff1c00eafff4ff2400a6ee184fe2cbc4ed3064faccd291f863
5750,5750,0,fcfffcffeeff0000000000000c00fcfffaffeaff1c000c00300012003e00feff,f6fff6ffeafffaff200000001a000a00040014001600f8ff1c00faff0c00ccff,ecff0e00f6ff1400eeff420014000400f8ffe8fffeffe0ff0000eeff06001600,1000deffe8ff06000c00eaff2400c4ffb66352cd7092b663be4ea29188ee204f
5751,5751,0,0a002a000000eeff0000f2ff2c000c00faff0c000c00eeff120012000e001e00,e6ff04000c00eafff2ffe2fffaff1a00140024005400e8ff0c00faffecfffcff,0e00fcff14001400eeff000024001400e8ffbafffefffeffeeffeeffd6fff6ff,eeff00001600daffdaff1c000400f4ff384f7c91c4ec304edacd3cefb86320cd
5752,5752,0,0a00fcffceffeefff2ff20000c00dcffdafffaffeeff1c0012000200feff0e00,d6ff2400eafffaff0000e2fffaff0a0004000400d8ff36002c000c00ecfffcff,fcff0e0032001400eeffeeff0400f4ffcaff0600feff0c000000eeff0600e6ff,deff10001600e8fffaff0c00c4ffa4ff92cd66ee566342cd42910e63704f9291
5753,5753,0,ecff0a0000000000e2fff2ffecffecff0c00daffeeffdeffe4ff0200feff3e00,1400f6ff0c00eaff0000e2ffeaffeaff0400f2ff160054001c000c00fcffecff,fcff0e000400140010001000e4ff1400d8fff8fffefffeff000010000600d6ff,eeff0000e8ffdaff0c00fafff4ff04005c91f462184f20925cee2e4fa0cdf8ed
5754,5754,0,1a00fcffceff100020000000ecffdcfffaff0c001c00eeff02004000eeffdeff,040004000c00fafff2ff0000faff0a00f2fff2fff8ff54001c000c00dcff1c00,1e00fcfff6fff6ff0000000044002400f8ffe8ffd0fffeff1000000016001600,1000eeffdaff16000c00faff040004007aeda84fb2cd34ecfe62aace82914863
5755,5755,0,1a001a00200000001000e2fffcff1c00eafffaff1c000c00f4fff4ff0e002e00,14001400fafffafff2fff2ff0a000a00f2ff1400060006000c00eaffecff1c00,2e001e00f6fff6ffeeff1000040004000600d8ff0c00eeff0000defff6ff0600,0000deffe8ff64001c000c00f4ff0400a462cece40920663ce4f129170ece04f
5756,5756,0,0a00ecffeeffeeffe2fff2fffcfffcff0c00faffeeffeeff12001200eefffeff,f6fff6ff0c00faff0000f2fffaff0a0004000400f8ff16000c00eaff0c00dcff,fcffccff1400040010001000a4ff04003400d8ff1c001c004000eefff6ffe6ff,0000deff1600f8ffeaff2c000400c4ff2e503c91a4ebc64fface9cecf862f8ce
5757,5757,0,dcfffcff10000000f2ff0000ecff0c00faffcaffe2fe2c00f4ff4000deffeeff,0400e6ffcaff1c00e2fff2fffafffaff1400040026002600fafffaffecfffcff,1e00fcfff6ff1400100010000400f4ffe8fff8ff0c000c00200000003600f6ff,eeff2000f8fff8ffeaff2c001400e4ff3ecfd0ec86629ece2291fe6260507291
5758,5758,0,fcff0a00eeff0000f2ff4e001c00ecff0c00faff2c002c00300012001e00feff,040004000c000c002e00e2ff0a000a0024002400f8fff8ff1c000c00fcfffcff,fcff1e00f6ff04002000100024002400e8ffe8ff0c00eeff3000eefff6ff3600,eeff3000daffe8ff1c001c00e4fff4ff1c917462d64f20925cec025168cf80ec
5759,5759,0,2a000a0000000000f2ff10001c00fcfffafffaff0c00eefff4fff4ffdeff2e00,240004000c000c00e2ff20001a00faff3600240036001600eafffaffdcffccff,fcff1e00140022000000000014001400e8fff8fffefffeffdeff00000600f6ff,10000000e8fff8ff2c00daff040014002eebde504ecf16ebae623acf62917c62
5760,5760,0,ecfffcff1000eeff0000d2fffcff0c00faffeaffeeffdeff0200f4ff0e000e00,1400f6ffeafffafff2fff2ffeafffafff2ff040016002600faff0c00dcffecff,dcfffcfff6ff2200eeffceff24000400d8ffe8ffeefffeff0000100016000600,eeffceff06001600faffeafff4fff4ffc86154d0109286621251d29010eb0a51
5761,5761,0,ecfffcff00000000000000001c00fcffdaff1c002c00feff120002000e00eeff,04000400fafffaff20004c000a001a000400f2fff8ff36002c00faff0c000c00,0e000e000400f6ff1000eeff14002400d8ff06001c000c000000200016000600,eeffceff0600f8ffdafffaff2400e4ff6e511c916ee992529ed01cec3c6272d0
5762,5762,0,1a000a00eeff000010000000fcff1c00faff2c000c00eeff5e0002000e000e00,f6ff24000c00daff3e00f2fffaff0a0004000400d8ffd8ff0c00eaffecffccff,1e002e0004001400000010002400f4ffd8ffd8ff0c000c00eeff1000f6ff1600,000020001600f8ffc8ff1c001400f4ffe4d04eea06628ecff290aa61ba515291
5763,5763,0,0a00dcff10001000f2fff2ffecfffcff1c000c001c00eeff02002200cefffeff,f6fff6fffaffeaff3e00f2ffeaff5a00f2fff2ff5400e8ff2c001c000c00fcff,0e000e003200040010000000f4ff0400f8fff8fffefffeff2000eefff6ffe6ff,eeff2000160006000c00faffd4ff3400fc90a861225310923ceba2510cd184ea
5764,5764,0,0a001a00eeffeeffe2ff2000fcff1c00faffdaffeeffeeffe4ff1200ceffeeff,1400f6fffafffaffe2ffe2ffeaffeaff04000400360036000c001c00fcfffcff,dcffdcff14002200eeff00001400f4ffd8ffe8ff0c00e0ff10000000e6ffe6ff,00000000daff64002c00daff0400240064e928527ed07ee98a6112d2e8909c61
5765,5765,0,2a000a0000000000e2ff00000c00fcffeaff0c000c00feff12003000fefffeff,0400f6ffdaffeafff2ffd4ff2a00fafff2ffe2fff8ff1600faff0c000c00ecff,1e00fcfff6fff6ff1000000004001400e8fff8ffd0fffeff0000000016001600,0000deffe8ff5400fafffaff140024004861a4d1b0910061ea52229174e94a52
5766,5766,0,fcffecff100000000000f2ff0c00fcfffaff2c001c002c00400012000e00feff,14001400faffeafff2fff2fffaff0a000400140074004600caff0c00fcfffcff,0e001e00f6ff0400deffeeffd4ff0400f8ffe8ffeeffeeff0000000006000600,deffdeff5400f8fffaff1c004400f4ffb852cc90eee8725342d2d6e86c610cd2
5767,5767,0,ecffecff0000eeff0000e2ff1c00fcff0c00faff1c00deff02001200feffdeff,14001400faff0c00e2ffe2ff5a000a00f2ff2400260036000c00faffdcff1c00,fcff1e0014000400deffceffd4ff0400d8ff06000c00eeff000010000600f6ff,eeff10001600caff1c001c000400f4ff2ed2b2e810615ad1e2903a612653e890
5768,5768,0,1a00fcffdeff0000e2ff0000ecfffcfffaff0c001c001c0012001200feffceff,04001400faffeaffe2ff2e000a000a0014001400160036004c002c00fcff0c00,1e00fcfff6fff6ff100010001400e4ffe8ffcafffeffeeffeeffeeff06000600,ceff1000daffdaff0c00faff04001400ac90c8605254b091d6e84c549cd244e9
5769,5769,0,dcff0a00200000002000e2ffecff0c00eafffaff0c00feffe4ffe4ffeeffceff,140024000c000c002e0000000a000a00e2fff2ff26003600eaff0c00ecffacff,0e000e0014000400200020001400f4ffcaffd8ff0c000c000000eeffe6ffe6ff,eeffeeffdaff16000c00c8ffe4ff240012e84a5380d270e7ba60d2d2c890dc60
5770,5770,0,0a000a001000eeff1000f2fffcff0c00faffcaff0c000c0002000200feff0e00,f6ff0400faff0c00f2ffd4ff1a000a001400f2fff8ff16000c00fafffcffecff,0e000e00f6ff1400eeffeeff0400f4ffe8fff8fffeffeeff2000eefff6ff1600,2000cefff8ff64000c000c001400f4ff586000d3b091f060fc53a2906ae8c653
5771,5771,0,fcfffcff00000000f2ffe2ff0c002c00faff1c001c002c00e4fff4fffefffeff,0400f6ffdafffaffd4ff2000fafffafff2fff2ff36000600eaffcaff0c00fcff,dcff0e00220022002000eeff14000400f8ff26000c000c00eeff2000d6fff6ff,deffeeff1600f8ffb8ffeaff3400b4ff7a539c9090e6c25482d338e7fa5f5ed3
5772,5772,0,fcffdcff000000000000e2fffcff0c00faff0c001c00eeff0200e4ff0e000e00,140014000c00eaff0000f2fffafffaff0400140006002600faff1c000c000c00,0e000e0004001400eeff100004000400e8ffe8ffe0fffeff000020000600e6ff,deff10001600daff0c003e00e4fff4ffe0d33ce74260e0d272903a6006549890
5773,5773,0,fcff1a00eeff00000000f2ff0c00fcfffafffaff0c003c01020012001e000e00,1400f6ff0c000c00e2ff20000a000a00040004001600f8ff0c000c00ecff0c00,fcff0e00040032000000deff14001400e8ffd8ffeeffeeffdeff000026001600,deff3000f8fff8ff1c00faffe4ff24008c90286002556091b8e63c544ed47ae7
5774,5774,0,2a00fcff0000ceff200010000c001c00faff1c000c00eeff0200f4fffeff2e00,14001400eaffeaffd4ff00000a00eaff14000400f8ffb8ff0c000c00ccff0c00,0e00dcfff6fff6ff1000eeff040044002600f8ff0c00feff00002000f6ff0600,10001000f8ff16000c00eaffd4ff14002ce6965470d522e6a65f34d5b8908a5f
5775,5775,0,fcff1a000000eefff2ffe2fffcfffcfffaff0c001c002c002200f4ff2e001e00,f6ff1400eaffeafff2fff2ffeaffdaff04003600360016000c000c00ecfffcff,0e000e00040004000000100004001400f8ff5400eeffeeff10000000e6ffe6ff,10000000f8ff1600eaffeaff04000400425f0cd57091bc5f4c55929078e61e55
5776,5776,0,fcfffcff10000000e2ff1000fcfffcfffaff0c00feff0c00c6ff1200fefffeff,f6fff6ffdaff0c00f2fff2fffaffeaff04001400260026000c00fafffcffdcff,0e000e00f6ff1400deff00001400d4fffaffeaffe0ff0c00eeff300016000600,0000beffe8fff8fffaff0c001400c4ff56557c9004e5d05594d5bae44a5fc6d4
5777,5777,0,1a000a000000eeff100020000c000c00faffdaff0c00feff0200e4ffeeff0e00,140024000c00eaffc4ff2e00faffeafff2fff2ff360026001c00eaff0c00ccff,dcff1e00f6ff04001000200014000400eaffeaffeeffe0ffeeff20002600f6ff,eeff10005400dafffaff1c00d4fff4ff18d650e5445f40d6b2902a601e559890
5778,5778,0,0a00fcff0000eeffd2fff2ff0c00ecfffaff1c000c00eefff4ff02002e00eeff,040014000c00eaff20002e000a000a00f2fff2ff160036001c001c001c00ecff,fcff0e000400f6ffeeffeeff24002400daffdaff1c00feff1000000006001600,deff3000f8ffdaff2c00faffc4ff04006c90125f6e5670919ae49c5696d578e5
5779,5779,0,fcff1a00100020000000f2ffdcffecff2c000c003c01feffe4fff4fffeff0e00,0400f6ffeafffaffe2ff2000eaff0a0036000400f8ffe8ff0c000c00fcfffcff,0e002e00f6ff04001000eefff4ff240028002800e0ff0c00eeff0000f6fff6ff,10001000daff16001c00daff0400240000e5b6557cd784e4165fa4d578900a5f
5780,5780,0,fcff0a0020002000100000000c00fcff2c00faff1c00eefff4ffe4ff2e001e00,14000400faffeafff2ffd4ffeaffeaff140024001600f8fffafffafffcffccff,dcff0e00f6fff6ffeeff000004000400daffdafffeff2a0000002000f6ff1600,1000deff06004600eaffeaff2400e4ffc25e28d66091d45eac56929080e4be55
5781,5781,0,ecfffcffdeff20002000f2ff0c000c000c00faff0c002c003000e4ffeeff3e00,e6ffe6ffeafffaffe2ff2e000a00faffd2fff2ff46001600faff0c00dcffecff,0e000e0014000400eeffeeff04000400ccff0800e0ffeeff0000000016001600,0000eeff16000600eafffaff0400040062567c9054e38e5634d77ae4b25e76d6
5782,5782,0,0a00ecff1000eeff20001000fcff1c00faff1c00feffe2fe02000200feff0e00,24001400faffeaff3e0000004a001a00e2fff2ff36000600faffeaff1c00fcff,0e001e00f6ff0400eeffdeff04000400eaffeafffeff2a00deff0000f6ff1600,deff00001600e8ffdaff0c000400f4ff68d7aae3545e4cd74290465e2e569890
5783,5783,0,1a002a000000eeff000000001c00ecfffaff0c001c000c0012000200feffeeff,040014000c00faff2000d4ffeaff0a00f2fff2ff26002600eaffaaff0c000c00,1e00dcfff6ff0400100000000400d4ffdaffccfffefffeff100000000600e6ff,deff1000e8ff46000c00c8fff4ff14006c90525e1e57309108e35c567ed7d0e3
5784,5784,0,fcff1a0020000000000000001c00ecffdaff2c00fefffeff1200f4ff1e00eeff,1400d6ff0c00fafff2ff20000a005a00f2ff14002600e8ff0c00caff2c00fcff,ecff2e000400f6ff1000eefff4fff4ffeaff0800eeff0c00300020000600e6ff,10001000f8ff06000c000c00e4ff14008ae2e256bcd804e3465e88d8a890f25d
5785,5785,0,1a002a0010001000e2fff2fffcfffcfffafffaff1c001c01f4ffe4ff0e000e00,1400e6ff0c001c003e00d4ff0a000a00d2fff2ffd8ff36001c001c00fcffdcff,fcff1e0004000400eeff10000400240008000800eeffeeffeeff200006000600,2000eeffdaff1600fafffaff1400f4ffc65d0ed84091245e2c57929050e3ae56
5786,5786,0,fcfffcff00000000e2fff2ff0c00ecffdafffaff2c00feff0200d4fffeff2e00,f6ffe6ff0c00faff2e00d4fffaff4a00f2ff0400160006000c00faff0c000c00,1e00fcff040004000000eeff04000400daff0800eeff1c00deffdeff16002600,1000000016000600eaffeaff0400c4ff42576c9086e2005868d818e2a25deed7
5787,5787,0,fcfffcff0000ceff0000f2ffdcff0c00faff0c001c002c00c6ff2200defffeff,0400f6ff0c000c00e2ffe2fffaff0a00f2ff0400160016000c002c00dcffecff,2e000e0014001400eeff00001400f4ffeafffaff0c001c003000eefff6fff6ff,deff20001600e8ffeaff1c000400e4ffded81ae2985d5cd97290065e86572890
5788,5788,0,fcff0a0000000000e2ff00001c00ecffeafffaff0c000c00c6ffe4ffdeffeeff,d6ff04000c000c0020002e001a000a001400e2ff0600f8ff0c000c001c00dcff,dcfffcff040004000000eeff24002400dafffafffeffe0ff00004000f6ff0600,eeff1000f8fff8ff1c000c00e4ff04004c90665d8458609134e18058e0d804e2
5789,5789,0,fcff0a000000eeff10001000ecfffcfffaff0c001c001c001200e4fffeffceff,f6fff6ff0c001c00f2ff2000faff1a0004000400260026001c001c00dcfffcff,ecff0e00f6fff6ff10000000d4ff04000800faff0c001c000000100026001600,10000000e8ff16001c00fafff4ff24002ee1285898da12e1265d08d97890825d
5790,5790,0,0a00bcffeeffcefff2ff0000ecff1c000c000c00eefffeff12000200eefffeff,14000400faffeaffe2fff2ff1a00faffe2ff0400360006000c001c00fcfffcff,0e00ecff0400040020001000e4ff14000800faff0c00feff30000000f6ff2600,1000eefff8ff4600eaffeaff14000400e65c7ed96091e85c7058ee8f04e1d657
5791,5791,0,0a00fcffdeffeefff2fff2fffcfffcfffaff0c00eeff0c001200f4fffeff0e00,f6ff14001c000c00f2ff00000a000a000400e2ff36001600faff0c00fcff0c00,0e00fcffe6ff1400eeff10000400e4ff0800eafffeff1c0020002000f6fff6ff,deffdeff0600f8ffeaff1c002400e4ffa8583c9092e00459c8d984e1225d90d9
5792,5792,0,fcff0a00ceff10000000f2fffcffecff0c000c00eefffeffe4ff02000e00feff,e6ff2400eafffaffd4ffd4ffeaff1a00f2ff040006003600eaff0c00fcff0c00,fcff1e000400f6ff00000000040014000800daff0c00feff1000200016001600,deff58001600f8fffaff2c000400040008dabee0d85ce8da9290e65c26583890
5793,5793,0,1a00bcff10001000f2ff20000c001c00faffdaff0c000c003000d4ff0e00feff,f6fff6ffeaff0c003e0000002a000a001400f2ff160006000c00bafffcff0c00,1e001e00040004001000100014000400faffeaff1c000c00deff200016002600,eeff1000cafff8ff0c00faff040024005c90865c34596091a0dfa05860da04e1
5794,5794,0,fcfffcffdeffeefff2ffe2ffecff0c000c000c001c01feff0200f4fffeff1e00,1400f6ff1c00faff20001000faff1a001400d2ff36003600fafffaffdcff1c00,0e000e00f6ff04001000eeff14001400eaff1800eeff1c0010001000f6fff6ff,10002000f8ff06000c00eaffd4ff04000ee0b858e8dbd2dfa65c4cdb6890a25c
5795,5795,0,fcff0a000000deffe2fff2ffecfffcffcafffaffceffceff020002003e00feff,04000400fafffaffd4ffe2ff3a004a00f2ff36001600c8fffaffeaffdcffdcff,0e000e00f6ff040000000000f4ff0400daffbcfffeff0c0010001000e6ff0600,6800eefff8ff1600faffdaff0400f4ff025cfada0a91585cf058ee8f12e00859
5796,5796,0,dcfffcffeeff10001000d2ff0c00ecffcaff0c00eeff0c000200e4ffeeff0e00,040024000c001c002e000000faff3a00f2ffe2ff260036000c00faffdcffecff,2e000e001400040010002000f4ff1400ccffeaff0c00feff200010000600e6ff,1000eeff1600f8ffeaff0c001400c4ff18593c90d4defa597edb70deca5ba2db
5797,5797,0,2a00bcff0000eefff2fff2fffcff0c00faffdaffeeffeeffe4ffe4ff0e00eeff,24000400cafffaff2000e2ff1a000a001400e2ff0600b8fffaff0c000c00fcff,0e001e000400040000001000040014005600daff0c00feff1000400036000600,ceff30001600daff0c003e000400d4ff8adbe8de785b88dc5290065c98593890
5798,5798,0,fcfffcffeeffceff00001000fcff1c00daffcaff0c000c00f4ff02003e00feff,14001400fafffafff2ff2e00eafffaff04002400f8fff8ff0c001c00dcfffcff,0e000e001400f6ffeeff100014002400dafffaff0c000c00200000002600f6ff,eeff3000f8fff8ff1c000c00d4ff24003c90a25b6a5afa9080de245a72dcdade
5799,5799,0,0a001a000000deff00002000fcff1c00eafffaffe2fe0c00f4ffd4fffeff2e00,14000400fafffafff2ff4c001a004a00f2ff04004600d8ff0c000c000c00ecff,1e000e0004000400ceff000014001400fafffafffeff1c00ceff1000f6ff0600,10001000060006002c00eaffb4ff040028de785936dd36de245b60dc68903a5b
5800,5800,0,dcfffcff100010002000f2fffcffecffbafffafff2fe2c001200e4ff0e002e00,e6ff04000c000c00d4fff2ff0a00eaff14002400f8ff3600faff1c000c00dcff,fcffdcfff6ff04001000ceff04001400eaffeaff1c000c002000eefff6fff6ff,1000deffe8ff1600faff0c00f4ff0400845afcdc4091085b445a82902ade085a
5801,5801,0,ecffecffdeff0000000010000c000c00faff0c00eefffeffe4ff3000deff0e00,14000400fafffaff3e0000001a000a002400d2ffb8ff16000c000c000c00fcff,0e00fcff1400f6ffeeff100014002400eaffdaff2a00eeff3000000016000600,0000ceff0600daffdafffaff2400e4ffc8593c9086dd8a5a10dd00debe5a4add
5802,5802,0,0a000a00eeff0000e2fff2ff0c002c00dafffaffe2feeeffe4ffc6ff0e000e00,d6ff0400eafffafff2ffe2ff0a001a00e2fff2ff060006000c000c002c001c00,0e001e00e6fff6ff1000eeff14000400faffdafffeff0c00eeff200016000600,deffeeff0600daffc8ff0c00f4fff4ff5cdd6cddf85ab6ddde8fb45a8e5a3890
5803,5803,0,0a002a002000eeff20001000fcff0c002c00faffeeff0c00f4ffe4ffeeff0e00,0400f6fffaffeaff2000f2ff1a00faff04001400f8ffb8fffaff2c00fcffdcff,ecff0e001400f6ffeeffeefff4ff1400eafffaff2a00feff0000eefff6fff6ff,ceff3000daff0600eafffaff040004005c90425a285bda9050dcf45a0ade9add
5804,5804,0,fcfffcff10002000f2ff10000c00dcfffafffaffeeff0c00e4ff1200eeffeeff,0400e6fffaff0c002e002e000a000a00f2ff0400060006000c00baffacffdcff,0e00fcff04003200000000000400f4ff28002800feff0c002000eeff06000600,1000eefff8fff8ff2c00c8ffd4ff04005cdc845ad4de26dd445aa0de58903e5a
5805,5805,0,fcff1a00deffeeffe2fff2fffcffecff0c00baffeeffeeff0200f4ffdeff0e00,04000400dafffaffd4ff2000faff1a00f2ff1400f8fff8ffeaff0c00fcfffcff,1e000e001400f6ffeeffeeff14004400daffccff0c000c002000000016001600,2000eeffdaff0600faff0c004400d4ff5859c8defa905a5a145b429002dc4a5b
5806,5806,0,fcff1a0000000000f2ff0000fcff0c00faff0c00eeffeefff4ff0200eeff0e00,f6ff2400eafffafff2ffe2ff0a000a0014001400b8ff2600faffeaffecffdcff,0e00ecff0400f6ff1000eeff240024000800faff0c000c00eeff000006000600,1000defff8ff0600daff0c004400e4ff145b3c90a8dbd85b00df4cdb98598ade
5807,5807,0,0a002a002000deff100020001c00ecfffaff0c00eeffceff0200f4ffeeffeeff,1400f6ff1c001c000000f2ff1a00faff0400040054000600faff0c00ecff9cff,fcff1e0004000400eeffceffd4ff0400faff0800eeff0c00eeff0000f6ff1600,deff10004600baff0c000c000400040028df3adb1a5ae2df4290245ada5b3890
5808,5808,0,fcfffcff00001000000010000c00dcff0c00faffeefffefff4ffb6fffeffeeff,1400e6fffaffdaff00000000faff0a0004000400e8ffe8ff0c00faffecffecff,8cffecffe6ff0400eeff10001400f4ffeaffbcfffeff0c00eeff1000f6ffe6ff,eeff3000e8ffdafffaff1c00040014003c901859d85b3091fcda165c62dfc2db
5809,5809,0,fcfffcff0000eefff2fff2fffcff1c00cafffaffe2feeeff120002000e00eeff,f6ff1400faff1c002e000000faff0a0004000400f8ff1600faff1c00fcff1c00,1e001e00220004001000deff04000400fafffaffe0ff0c00eeffeeffe6ff0600,00000000daff06002c00eafff4ff24009adaf25be2df18db1059c0df38902859
5810,5810,0,0a00ecffceff0000e2ff00000c000c00daffdaff0c001c00f4ff0200eefffeff,f6ff0400faff0c002e002e001a000a00f2fff2fff8ff3600faff1c00fcffecff,2e001e00f6ff22002000deff04001400faff08000c00feff200000000600f6ff,10000000f8ff1600eaffdafff4ff140068582ee0fa904459465cde8fa0dafa5b
5811,5811,0,2a001a00000010000000f2ff0c00dcfffaffdafffeff0c00f4ff0200fefffeff,f6ffe6ff1c00fafff2ffe2ff1a00faff2400040054005400eaff0c000c00fcff,1e00fcff04001400eeff100004001400eaffeaff1c00eeffeeffeefff6ff1600,1000100016000600fafffaff14000400c65c5c9088da985cb4e07cda985842e0
5812,5812,0,fcfffcffdeffeefff2ff10001c00fcffdaff0c00eeff0c000200e4fffeff0e00,140004000c002c003e00f2fffaff0a00f2fff2ff36004600faff2c000c00dcff,0e00dcffe6ff0400deffeeff24002400ccffdaffeeff0c00eeff0000f6fff6ff,deff00001600f8ff0c001c000400c4ff3ee15ed9e458f2e032908058b25c3890
5813,5813,0,ecfffcff00000000f2ff00000c001c001c000c00eeff0c000200f4ffdeff2e00,04001400eaffeaffe2ffe2ff4a000a001400f2ff1600f8ff0c000c000c001c00,fcff2e0014001400eeffdefff4ff14001800daff3a001c00eeff100006001600,ceff3000f8ffe8ff0c000c00f4fff4ff3c902858085dca9038d9765c34e150d9
5814,5814,0,fcfffcff0000defff2ff00001c000c000c00faffeefffeff1200f4fffeffeeff,1400f6ff1c000c003e00d4ff0a000a00f2fff2ff0600f8ff1c00faff1c000c00,9cff0e00f6fff6ff00000000f4ff1400ccfffaff0c000c002000eeff1600f6ff,58002000daff1600fafffafff4ff0400fed8965c92e1e2d9905838e238905858
5815,5815,0,ecff2a00000010000000f2ffecfffcffdaff0c002c00deff020012000e000e00,14000400faff0c00e2fff2ffeafffaffe2ff0400f8fff8ff1c001c000c00ecff,dcff2e00140014000000defff4fff4ffeaff0800660066003000200006001600,1000eefff8ff1600eaffeaff04000400b2579ee1ea904458165d329030d9125d
5816,5816,0,0a00ecff2000eeff1000f2fffcfffcfffafffafff2fe0c00020040000e003e00,d6fff6fffaff1c002e004c000a00faff140014003600e8ff0c002c00ccff1c00,0e000e000400f6ffeeff10001400d4ffccffdaffeeffe0ff20000000f6ff1600,eeffeeff0600f8fffaff0c002400e4ff565d3c909cd8885dc4e1a8d88657a4e1
5817,5817,0,fcff2a0000000000d2fff2ff0c00fcfffaff2c001c00eeff0200e4fffefffeff,f6ff0400faffeaffd4ff20000a00faff0400f2ff06001600faff0c00ccffecff,1e008cfff6fff6ff0000200014000400daffccfffeff0c0010000000f6ff1600,deff10001600f8ffeaff1c00e4ffb4ffaae26ed8f05762e24290cc57825d4890
5818,5818,0,fcffecff00001000f2ff1000ecff2c00fafffaff4c00eeff300002000e000e00,f6ffe6ffeaffdafff2ffe2fffaffeafff2ff1400160006000c00eaff0c00fcff,0e00dcff1400e6ff0000100014000400080028000c00feffeeff00001600f6ff,deff1000f8ffdaff2c00faffb4ff04006c903257d85d509128d8365e84e29ad8
5819,5819,0,fcff1a00200010000000e2ff0c000c00fafffafffeff0c0002001200eeffeeff,1400e6ff1c00faff10002e00faffeaffe2fff2ff260026000c00faffdcff0c00,0e00fcfff6ff04001000ceff04001400faff3600eeff0c00eeffeefff6fff6ff,0000eefff8fff8ff1c00b8ff0400040068d7525e54e3bcd7ec56f8e268900657
5820,5820,0,fcffecff000010001000e2ff0c00fcff0c00eaffe2fe0c001200f4fffefffeff,1400e6ffeaff0c0020002000eaff0a00f2fff2fff8fff8fffaff1c00fcfffcff,fcffdcff140004001000100004002400faff28000c00feffeeff100016000600,1000deffdaff1600faffeaffe4ff140082567ae31a914057065f9290f8d6f25d
5821,5821,0,0a00fcffeeff20000000f2fffcffecfffaff0c00deff1c0002001200fefffeff,e6fff6ff0c00faff0000d4ff1a001a000400f2ff36001600faff1c000c000c00,dcfffcff220014000000000014000400eafffafffeff0c000000deff36001600,0000defff8fff8fffaff3e002400e4ff725e5c902cd7145fe2e454d73e5600e4
5822,5822,0,1a000a001000eefff2ffe2ff0c000c000c00faffeeff1c00020022001e00feff,04001400faff0c003e00e2ff1a000a00140014005400f8ff1c000c00fcffecff,8cff0e0014001400eeff0000f4ff2400080018001c00eeff0000100016000600,deff10004600caffeaff0c001400f4ff28e4c8d6d056f4e352902c56425e6890
5823,5823,0,fcff0a00100000001000d2ff0c00fcfffafffaffeeff0c00d4fff4fffeff0e00,d6ff04000c000c003e00d4ff0a00fafff2ff0400060006000c000c00fcfffcff,fcff0e000400e6ff1000200004001400eafffaff0c001c0020000000f6fff6ff,deff20000600dafffafffafff4ff24004c906256f45e709114d6565ed8e460d6
5824,5824,0,fcfffcffdeffeefff2fff2fffcff0c00bafffaffeeff0c002200e4ffeefffeff,e6ffe6ffdafffaff0000e2fffaffeaff14001400360006000c00eaff0c00fcff,0e000e00140004002000100024000400eaffeaffe0ff1c00eeff2000e6ff1600,30000000e8ff24003e00faffe4ff240018d6f25eb4e440d60c5632e69890ce55
5825,5825,0,ecff0a0000001000000010000c002c00fafffaffeeffeeff0200f4fffeff0e00,0400e6fffafffaffd4fff2ff1a000a00e2fff2ff160006000c00cafffcff1c00,dcfffcff0400040010000000f4ff0400eaffeaffeefffeff10000000f6ff2600,3000eeffbaff06000c00eafff4ff0400965550e5fa900e56365f6290b0d51a5f
5826,5826,0,1a001a000000deff10001000fcff1c00daff0c00eefff2fe020002000e000e00,d6ff14001c000c00f2ff00000a00faff04001400f8ff06001c001c000c00dcff,0e001e001400e6ffeeffeeff040014001800faff1c000c00eeffeeff0600f6ff,0000eeff1600f8ffdaff0c00f4ffe4ff125f7c90a0d5245f62e6c4d46e5568e5
5827,5827,0,1a000a00100000000000e2ffecff0c00daffdaffe4fefefff4ff1200feff0e00,d6ffe6ff0c000c00f2ff00000a00faff140004000600f8ff2c002c000c001c00,0e000e00f6ff04001000420014000400ccffbcff1c001c00eeffeeffe6ffe6ff,eeff10001600f8ff0c001c00e4ff04001ce63cd57055b2e572906c553a5f9890
5828,5828,0,1a00fcffeeffeeff00001000fcffecff1c00faff1c002a00f4ff0200eeff2e00,e6fff6ffeaffeaff2e002e000a000a00f2fff2ff0600f8ffcaffeaffecffecff,9cff1e00f6fff6ffeeff0000f4ff1400eaff2800fefffeff000030000600f6ff,eeff2000f8ffdaff1c001c00d4ffd4ff7c90f654b45fa09174d41a6028e6e0d4
5829,5829,0,fcfffcff0000eeffe2ff0000ecfffcfffaff3c00eeff0c00d4ff02004e00feff,0400f6ff0c00faffe2ffe2ff0a000a00f2fff2ff0600f8fffaffcaffecff2c00,1e000e00f6ffe6ff2000eeff1400f4ff0800daff0c000c000000100006000600,eeff1000e8ffdaff2c00eaffe4ff14008cd4825f22e680d53854c2e6b8902e55
5830,5830,0,0a00fcff100010000000e2fffcfffcff1c00eaff0c000c001200e4fffefffeff,1400f6ffeafffaff3e000000faff0a00140014001600f8ff0c000c00fcffecff,1e000e000400f6ffeeff0000140014003600fafffeff1c00eeff000006000600,1000eeffdaff5400fafffaff04001400d654bce6809120552a608290f8d3ba5f
5831,5831,0,2a00ecff00001000000010000c00fcfffaffeaffeeff1c00f4ff3000eefffeff,f6fff6ffeaff0c0010003e001a000a0014000400d8ff26001c000c00fcffdcff,fcff0e0004001400eeffeeff040004000800eaff0c001c00200030000600f6ff,0000beff1600f8ffeaff0c001400d4ff38609c9030d41460f6e7e4d3c65330e7
5832,5832,0,2a00fcffdeffeeffd2ffe2ffecff0c00fafffafff2fe2a001200e4ff3e001e00,14001400eafffafff2ff3e000a000a001400f2ff0600f8fffaff2c00dcff0c00,0e007cffe6ffe6ff1000eeff04000400daff0800e0ffeeffeeff0000d6ff0600,eeff00000600daffdaff2c00c4ff14007ce720d3f25450e7b290f6520a609890
5833,5833,0,fcfffcffeeff0000000010000c000c00fafffaff0c00eeff0200f4ff0e00feff,e6fff6fffaffdaff00000000eaff0a0024002400060006000c000c00ecfffcff,fcff0e00f6ff04000000deff0400f4ffdaff4600feffeeff0000000026000600,ceff30000600daff1c00fafff4fff4ff9c90c253b260809112d36a60eae7f8d3
5834,5834,0,1a00fcff1000eefff2ff10000c00ecffcaff0c00f2fefeff30000200deff0e00,f6ff1400eaff1c002e00f2ff0a00faff0400240036000600fafffaff0c003c00,0e000e00f6fff6ff300000000400f4fffaff08000c000c0000003000f6fff6ff,20002000f8ff16001c00daffd4ff24007ed2686000e832d3e65286e9d890c653
5835,5835,0,dcff0a00000000001000e2ff0c00ecfffaffdaff2a000c00120012000e003e00,140014000c00faffe2ffe2fffaffeaffd2ff1400260016002c000c002c001c00,1e000e00040014000000eeff14000400ccfffafffeff1c0030002000f6fff6ff,10000000f8ff46000c00eaff0400c4ffd852b2e880916254aa60a29048d38c60
5836,5836,0,0a00ecffeeff1000e2ffe2ff0c000c00fafffaffeefff2fe120030001e002e00,f6fff6fffaff0c00f2ff00006a000a00f2ffd2ff1600e8ff0c00eaffacffecff,fcff1e000400f6ff00001000040014000800faffe0ff0c002000200006001600,eeff00006400f8ffeaff0c004400c4ff9860ac90ecd0006156e932d2f652bae8
5837,5837,0,fcfffcff00001000000000000c00ecfffaffdaff0c00eefff4ff30000e00feff,04001400fafffaff0000f2fffafffaffd2ff14000600f8ff0c001c00fcffecff,dcfffcff1400040000000000f4ff0400faff3600eefffeff1000eeff16000600,ceff10006400daffeaff3e00e4ffd4ff74e994d15253dee8c29006531c61c890
5838,5838,0,fcff1a001000000000001000fcfffcff0c00fafffeffeefff4ff1200feff3e00,f6ff0400daffdafff2ff0000faff0a001400d2ff16002600fafffaff1c00ecff,dcff0e00040004000000eefff4ff1400faff28001c000c000000100006001600,deff5800f8ffdaff0c00eaffd4ffe4ffcc9038528061d0917ed18a61e4e90cd2
5839,5839,0,ecff0a001000deff20000000ecff0c00faff0c000c00f2fe120012000e00eeff,f6fff6ffdafffafff2fff2ffeaff0a00f2fff2ff460046000c000c000c000c00,0e00fcff04000400000010001400f4fffaff1800feff0c001000eeff0600f6ff,eeff1000e8fff8ff2c00c8ff04002400f4d00861eee946d0b2510aeac8904a52
5840,5840,0,1a001a00000010000000f2ff0c00fcff0c00cafff2fefeff12004000feff0e00,1400f6ffeaffdafff2ff00001a001a0014000400d8ff06000c000c002c00dcff,0e002e000400220000000000140004003600eafffeff0c000000000006002600,1000eeffdafff8ff0c00faff040004007e510eeaa09102530e62f2902cd17c61
5841,5841,0,fcfffcffeeff0000f2fff2fffcffdcff2c00bafff2feeeff02003000fefffeff,140024000c001c002e00f2fffafffafff2ff1400f8fff8ff1c001c00ecffecff,ecff1e00f6fff6ffeeff000004001400eaffeaff1c000c0000000000e6ff1600,000000001600e8ffdafffaff1400e4ffa861ec90becee6614aeb0ed1da51a4ea
5842,5842,0,1a00dcff10000000000020001c002c00dafffafff2fe1c00f4fff4ff0e00feff,e6ff14000c00faff2e002e000a00daff1400f2ff2600e8ff0c00faffdcffecff,2e00fcfff6fff6ff1000100004000400280028000c00feff1000deffe6ffe6ff,eeff10001600f8ffeaff2c00f4ffe4fffeea84d082526eea02910251dc61e890
5843,5843,0,dcfffcffdeff10000000f2fffcfffcfffaff0c00eeff0c0030001200feff3e00,e6fff6ffeaffeafff2ff20000a00eafff2ffe2ffe8ff26000c000c00fcff1c00,0e00fcff2200040010001000a4ff1400fafffaffeeff0c0030000000e6fff6ff,eeff2000f8fff8ff0c00faffe4fff4ffdc902e5156620092bacf2e6260eb62d0
5844,5844,0,0a000a001000000010000000ecfffcfffafffaffeeffeeff020022002e000e00,0400f6ffeaffdaffd4ff2e000a000a0036001400060006001c002c00ccffccff,2e000e00040014000000eeff04000400fafffaffe0ffeeffdeffeeff16001600,1000eeffdaff1600faffeaffa4fff4ff3ecf3462b4eb20ce8250ecec52911a51
5845,5845,0,1a000a0010002000f2fff2ffecfffcffeafffafffeffd0ff4000e4ffdefffeff,04001400faffeaffe2ffe2fffafffaff24001400d8ff16000c00eafffcfffcff,1e002e0004000400eeffeeff14001400eafffafffefffeff10000000f6ff0600,5800eeffdaff54001c00b8ff1400d4fffe50ceeb009214525e62129178cf6c62
5846,5846,0,ecffdcffeeff0000000000002c00dcfffaffdaffe0ffeeff0200f4fffeffdeff,1400e6ffeafffaff2e003e00faff0a0004000400260036000c000c001c003c00,0e00dcff04000400100000000400e4ff28001800feff0c00eeff100016001600,1000beff1600f8fffaff0c000400b4ff7462fc90b2cda662dcec0acf905040ec
5847,5847,0,fcff1a0000001000000000000c00fcfffaffdaff02fff2fe12000200feff2e00,f6ff04000c00eaff20002000fafffaff240014003600f8fffafffafffcffdcff,0e000e00040014002000eeff04002400daffeaffeefffeff2000000006003600,ceff10005400f8ffeaff2c000400c4ff5ceccecebe5134ec129132509c627291
5848,5848,0,fcff2a0020000000c2ff4e00ecfffcfffaff0c00eeff0c0002000200eeffeeff,24001400eafffaff2e00e2fffaffeaff36001400540016002c00eaffecff0c00,ecffecff2200f6ff0000000024000400eaffeafffeff0c00eeff2000f6fff6ff,eeff1000e8ffe8ff2c000c001400e4ff2c912e5006633092bace1e6386ed80ce
5849,5849,0,0a00fcffeeff0000e2ff1000fcfffcffcafffafffeffeeff2200e4fffeff0e00,e6ffe6ffdaffeaff0000d4fffaffeaff0400040016001600fafffaff0c00fcff,dcff1e00040014000000100004003400daff28000c000c0000000000f6ff1600,5800eeffdaff16000c00c8ffc4ff24001ecee46254ed32cd5e4f1ced82913050
5850,5850,0,fcff1a00eeff1000000000000c001c00faffdaffeeffeeff0200f4ffeeffeeff,e6fff6ffeafffafff2fff2fffaffeaff1400140026000600faff0c00fcfffcff,1e00fcffe6ff040010000000140004000800eafffeffeeff0000000016001600,1000eeffbaff6400fafffaff0400d4ff384f0cee3092ee50fe629291c0cd3863
5851,5851,0,0a002a00deff00002000e2fffcffecffdafffaff0c00d2fee4ff12000e000e00,040014000c00eaff20002e000a000a00f2ff1400260006002c00faff1c000c00,fcff0e00220004000000000024001400bcff1800fefffeffeeffeeffe6ff1600,eeffdeff0600f8fffaff1c001400e4ff04635c9192cc3663acee6acea04fe6ed
5852,5852,0,fcffecff000000000000f2fffcff1c00daff0c00eeffeeff0200e4fffeffeeff,04001400faff0c00d4ffd4fffaff0a0004000400d8ff7400faff1c00dcff1c00,1e00ecff04003200eeff0000f4ff0400faffeaffeeff0c000000000016001600,deffdeff1600f8fffaff2c001400d4ff0cee82cd9e5064ed7291ee4e88639291
5853,5853,0,0a001a0000000000f2ffe2ff2c000c00bafffaffeeffeeff02001200ceff1e00,0400f6fffaffdaff2e002000eaff0a000400040036005400eafffaff0c00dcff,dcff0e001400140000001000d4fff4fffaffccff1c00e0ffdeffdeff06001600,eeff3000f8ffdaff0c001c00b4ff14006c91484fa66370920acd4e63d0ee80cd
5854,5854,0,fcff0a001000deff0000e2ff0c001c001c000c00ceffeefff4ff4000eeff0e00,f6ffd6ffeaffeaff3e00d4fffaffeaff14000400060036000c000c003c00fcff,dcfffcfff6ff14000000eeff14001400eaffdafffeff0c00deff100016000600,10000000e8ff16001c001c00f4ff140002cd5463b0eeb2cb6e4e10f09291d04e
5855,5855,0,0a001a00eeff1000e2fff2fffcff2c000c00faffeeffeeff3000e4fffeff0e00,e6ff14001c00daffd4ffd4ff0a001a001400240026002600faffeaff1c00ecff,1e000e00040004000000deff04001400fafffaffeeff0c001000100016000600,2000eeffe8ff1600fafffaff14000400984e6cef9092084e3064629138ccd863
5856,5856,0,1a00fcffeeffeeff000010001c00fcffeafffaffeeff0c00020002000e00eeff,c8fff6fffafffaffd4fff2ff1a00faff1400f2fff8fff8fffaffeaffecff1c00,2e002e0004001400000000002400a4ff18002800feff0c002000200036000600,0000defff8ff0600daff1c000400c4ff7a648c91f4ca646440f07acca04de0ef
5857,5857,0,2a000a00eeff10002000f2ffecff0c000c001c00ceffdeffe4ffd4ffeeff0e00,140004001c00eaff00001000eaff0a001400f2ff26001600fafffafffcff0c00,dcff1e000400e6ff1000eefff4ff1400faff0800fefffeff0000eeff16001600,eeff10001600daff0c001c000400c4ff72f0cecbc24c90ef72914e4e4864e291
5858,5858,0,dcfffcffeeff000000001000fcffecff1c00faffdefffeff020002002e00feff,f6ff1400eaffeaffe2ff2e000a00faff1400f2fff8fff8ff0c002c000c000c00,ecff1e00f6fff6ff1000eeff0400f4ff0800faffeeffeeff2000200006000600,10001000e8ffdaff1c000c00e4ff04007c91ac4d246406931accd064c0f098cb
5859,5859,0,fcff0a0000000000f2fff2ff0c000c00eafffafff2fee2fe12000200eeff0e00,04000400faff1c00000000000a001a0004000400e8ff06000c00faffecffecff,fcff1e0004000400eeffdeff04002400eafffaff0c00eeff0000000016001600,20001000daff06000c00eaffe4fff4ff5ecbca6400f0bcc93e4de0f0f291304d
5860,5860,0,0a00ecff000020002000f2fffcff0c00faffeaff1c00e2fe22001200eeff0e00,e6ffe6ff1c00eaff3e0000001a000a00e2ff1400f8ff06002c000c00fcffecff,dcffdcfff6ff0400deff00001400f4ffeaff0800eeff2a0010001000f6fff6ff,1000eeffcaff1600faff0c00e4fff4ff2c4dc2f0e692524c206526929ccac064
5861,5861,0,0a00fcff20001000f2fff2ff0c00fcffcafffaffeeff1c00400030000e000e00,0400e6ff1c003c003e0020000a00faff14002400260026000c001c00ecffccff,2e00fcff2200f6ff0000000014001400360018000c00feff00000000f6fff6ff,1000deff5400daffeafffaff2400f4ff2a65ac913cc9b464a0f1bacbd04cdaf1
5862,5862,0,fcfffcffeeff0000e2ff20000c000c000c000c00feffcefff4ff30002e001e00,f6fff6fffafffafff2ff20001a00faffe2ffe2ff26001600faff0c001c00dcff,0e009cffe6ff04000000100014000400fafffaffeeffeeffeeff00001600f6ff,deffeeff1600cafffaff1c00e4fff4ff18f25cca244c9cf1d2917e4c60650292
5863,5863,0,fcff0a001000eeffd2fff2fffcff0c00eafffaff0c00deff12000200eeff2e00,f6ff04000c00faff0000e2ff0a001a0014000400f8ff1600faff0c000c000c00,0e000e001400e6ffeeff1000d4ff1400fafffafffefffeffeeff2000e6fff6ff,deff7800f8fff8ff0c001c00c4ffd4ffec91584c0465269328caf0648af2ecc9
5864,5864,0,fcff0a000000deff300020000c00fcffdafffaffe2fe1c0002001200feff2e00,1400f6ff0c000c0020002e000a000a00e2ff1400160006000c000c00ecff1c00,0e00fcfff6ff040010000000e4fff4ff28002800e0fffeff0000200016000600,deff1000dafff8ff2c00daffc4ffe4ff72c92a65dcf1ecc85e4c74f30292084c
5865,5865,0,fcff1a002000eefff2fff2ffdcff0c000c00daffeeffe2fe30000200eeffeeff,040004001c001c003e00e2ff0a00faff0400f2ff0600e8ff0c00faffdcff0c00,dcff0e00140014000000ceff04001400280028000c00eeff1000100006002600,2000deffdaff1600faffeaffe4ffe4ff184cf8f24693044b7065b2914cc98065
5866,5866,0,fcff0a00deffdeff0000f2fffcfffcff0c00faff0c00eeffe4ff4000feffdeff,f6fff6fffaff1c002e002e002a00eaff2400f2ff060036001c000c001c001c00,fcfffcff0400f6ff00000000240014000800dafffeff0c00300010000600f6ff,0000ceffe8ffdaffdaff1c001400e4ff9a6556928cc8b46506f484c8784b56f3
5867,5867,0,fcff1a001000eefff2ff00001c000c00faff0c002c00feff4000e4fffeff0e00,14001400faff2c00200020000a001a0014001400060016000c00fafffcfffcff,fcff0e00f6ff1400eeffdefff4ff1400daff08000c00feffeeff200006002600,eeff10001600e8ffeaff3e00e4ffe4ff78f322c9b44aa2f2d2910e4ce0655292
5868,5868,0,2a001a001000000010002000fcfffcff1c000c00f2feeeff02001200eeffeeff,e6ff1400faffeaff0000f2ffeaff0a002400040016000600aaff0c00ecff0c00,0e00ecff14001400eeff0000f4ff0400eaff08000c00e0ff100030001600f6ff,eeff48000600e8ff1c00faffe4ff04007692464bb465849384c89e66e6f382c8
5869,5869,0,ecfffcffeeffdeff1000e2fffcfffcffdafffaff0c00eeff40004000fefffeff,e6ff04000c000c00f2ff3e00fafffaffd2ff0400160046001c00eaff0c00fcff,dcfffcff14001400deffdeffe4ff0400eaff3600eeff0c0020002000e6fff6ff,eeff2000e8ff46001c00eaffc4ff440042c84666a2f32ec77e4bb6f4a292f84a
5870,5870,0,dcffecffdeffdeff100000000c001c001c000c00deffdeff40001200feffeeff,040014000c00eafff2ff00000a000a0014000400d8ffe8ff0c00cafffcff1c00,0e00ecfff6ff0400eeff0000040014004600faff0c000c00eeffeefff6ff3600,3000deffdaff16000c00faff24000400164b44f55693644a9e66b89252c87066
5871,5871,0,fcfffcff10000000f2ffd2fffcffecfffafffaff0c00defff4ffe4ffdeff2e00,04000400faffeafff2fff2fffaff1a000400f2ff5400f8ff0c001c00fcffecff,0e00fcff140004001000eeff24001400faffeaff1c002a003000eeff06000600,eeff0000060016000c00faff44000400a6668692e0c59465d6f464c84c4abef4
5872,5872,0,fcff0a00eeffeeff0000f2ffecffdcff0c00faffceffeeff020012000e00feff,140032000c00eaff0000e2ffeaff1a001400040036000600faff0c00fcffecff,0e000e0014000400eeff000004001400ccfffafffeff0c00eeffeeff06002600,ceff00001600cafffaff1c00e4ffe4ffa4f51cc7304990f6d8923a49f266e292
5873,5873,0,fcfffcffeeff000010000000dcffdcfffaffbaffeeffd2fe12001200fefffeff,d6fff6ff1c001c004c00e2ff0a001a0004003600260046001c001c00ecff1c00,fcff0e000400f6ffeeffeefff4ff2400ccfffaffeefffeff60003000e6fff6ff,eeff2000e8ffe8ff1c00faff040004008692f64a5266a493c6c68e66aef538c7
5874,5874,0,0a001a001000ceff1000f2ff2c001c00faff0c000c000c00e4fff4ff0e00feff,1400f6ff0c00faffe2ffe2fffaff1a00f2ff0400260036001c002c00ecfffcff,1e002e00f6ff0400deffeeff14000400daff2800fefffeff00000000f6ff1600,30001000dafff8ff1c001c0014002400dcc6b666d0f680c53a4946f7d2929c49
5875,5875,0,fcff0a0000000000f2ffe2ffecffecff1c000c000c00e2fef4fff4ffeeff2e00,f6ff0400eaff1c002e00e2ffeaffeaff360004002600e8ff0c00fafffcff0c00,fcff0e00140014000000eeff0400f4ffccff28000c000c000000eeff06000600,10000000f8ff0600eaffc8ff140004002c4970f6849390482e67b89200c63267
5876,5876,0,ecfffcff000010001000e2ff1c000c00daffdaffeeffe2fef4fff4ff0e000e00,e6fff6ff0c00faffe2ff20000a001a00f2fff2ff060006001c00eaff1c00dcff,dcffdcff140004000000eeffa4ff140018001800fefffeffeeffeefff6ff0600,1000cefff8ffcaffeafffaffe4ffd4ff4667e69250c5e066e6f608c5fc48bef6
5877,5877,0,0a00fcffeeffeeff10000000fcffecfffaffdaffceffceff40002200fefffeff,f6ffd6ffeaff0c00d4ff2e00faffeaff0400f2fff8ff36001c00eaff1c00ecff,fcfffcfff6ff140000001000f4ff1400bcffbcffe0fffeffeeff00000600f6ff,deff00000600f8fffaff1c004400e4ff50f73cc62e48aef71893c84862670293
5878,5878,0,fcff0a0000000000e2ff2000ecffdcff0c000c00eeffc2fee4fff4fffeff2e00,f6ff24000c00fafff2ffe2ff1a001a00e2fff2fff8ffe8fffafffaff0c00dcff,2e001e001400040000000000f4ff1400faff28002a00eeffeeff200006000600,deff20001600daff2c00fafff4ff24000693ac48f066e493f8c48e67b6f780c5
5879,5879,0,ecff1a00eeffceff1000f2ff0c00dcfffafffaffeeffeeff30001200feffdeff,e6ff14000c000c002e00f2fffaff0a000400f2ff0600d8fffaff0c00ecff1c00,0e00fcff04001400eeffeeffe4ffe4fffafffafffeff0c000000cefff6fff6ff,0000eefff8ff16001c00eaffe4ff140030c55667cef8f2c4d44716f79e934248
5880,5880,0,1a001a00eeff2000f2fff2fffcffecffbaff1c000c00d2fe12001200eefffeff,140014001c00eaff2e00e2ff1a001a0014002400f8ff3600faff2c001c00ecff,dcff1e000400f6ff0000eeff0400f4ff0800faff0c00feff100000000600f6ff,10000000e8ff0600faffeaff14000400c64766f85494be469e675893f0c4b267
5881,5881,0,fcffecff0000200020001000ecfffcfffaff0c00e2fee2fe02001200eeff1e00,0400e6fffaff0c0010002e004a000a00f2ffe2ff160006000c000c00dcffecff,dcff1e00f6ff040020001000140004002800daffeeff1c0010002000f6ff1600,eeffdefff8ff0600faff3e002400d4ff1c68569372c3b0673af978c4c24778f8
5882,5882,0,0a00fcff10000000f2fff2ff1c000c001c000c001c00eeffe4ff02002e00feff,f6ff04001c00eaffe2ffd4ff4a00faff040004000600f8fffaff0c00ccffecff,1e000e00e6ff0400deffeeff14001400faff28000c00feffeeffeeff06001600,eeff30004600e8ffdaff4e0044000400b8f80cc4de4696f9a893c446f267ae93
5883,5883,0,fcfffcff00000000f2ff0000ecffdcfffaffdaff0c002c000200f4ff0e000e00,f6ffe6ff1c000c003e00f2ff0a000a001400f2ff160006002c00faff0c000c00,0e000e00040004000000eeffd4ff0400ccffeaff0c000c0040000000e6fff6ff,000020001600e8ff1c000c00e4ff2400869356470068749466c3226898f968c4
5884,5884,0,0a001a000000eeff0000f2ffecff0c002c001c001c001c001200f4ffeeff2e00,f6ff0400eafffafff2ffe2ffeaff0a000400f2ff260026000c000c001c00fcff,2e000e000400140010001000140004002800fafffeff1c0000000000e6fff6ff,eeff1000e8ff06002c00eaffc4ff4400e0c25c68aafa12c3a446aefaee933247
5885,5885,0,fcffecff10000000f2ff10001c000c00faffdafffeffe2fe120002000e001e00,1400f6fffaff0c00d4ff2e000a00faffe2fff2ff460016000c001c00fcffecff,1e001e00f6ff04002000200024000400eaff0800e0ff0c00000010000600f6ff,1000ceffdaff06002c00eaff24002400c64622fa44941046d268989338c33268
5886,5886,0,fcffecff1000deffd2ff0000fcff3c00cafffaffe2fefeff1200f4ff2e000e00,f6ff1400faffeaffd4ff2e005a000a000400d2ff360006001c001c000c00ccff,fcff2e000400f6ff0000100014002400daff0800eeffeeffdeffdefff6ff0600,1000eeff0600daff0c000c00540014005c68869392c200681efa26c2a24638fa
5887,5887,0,fcff0a0010000000f2fff2fffcffecff0c000c00deff0c00e4ff1200feff3e00,e6ff2400eaff2c00e2ffe2fffaff0a0004000400160036002c001c00fcffdcff,fcff0e0004002200eeff1000f4ff0400080008000c002a0020000000f6ffd6ff,000010000600f8ffeaff2c00e4ffe4fff2fa70c262453afb1a94444692682e94
5888,5888,0,ecff0a0010001000f2fff2ff0c001c00daffcafffefffefff4fff4ffeeff0e00,f6ff1400faff0c002e00f2ffeaff0a00e2ff240036003600faff2c000c00fcff,8cfffcff040004001000defff4ff0400faffdaff1c000c0010001000d6ff0600,ceff30000600daff2c00faffe4fff4ffb69366464068e49446c2d268d8fa8cc2
5889,5889,0,fcfffcffceffeeff200000000c001c00faffcafff2fee2fe0200e4ff0e002e00,0400d6ffeafffafff2fff2ff0a00faff24000400060026000c001c001c000c00,1e000e00e6fff6ff100020001400e4ff2800ccfffefffeff000040000600f6ff,1000eeffdaff16002c00eaffe4ff440010c2ac68bafbcec1e4451efb2e94d045
5890,5890,0,1a00ecffdeff100010001000ecff0c00faff1c00feffeeffe4ffd4fffeffdeff,0400f6ff0c00faff2000d4ffeaff1a000400040036002600faff1c000c00fcff,0e000e00f6fff6ffeeff00000400f4ff080008001c001c0040000000f6ff1600,6800eeffdaff06000c00c8ff140004008a4572fb2495a244b2683a94fcc1ec68
5891,5891,0,fcfffcffeeff0000f2ffe2ffecff0c00daff0c00eeff0c002200e4ffbefffeff,f6ff04000c00eaffe2ff20000a000a00f2fff2fff8fff8ff1c002c00fcfffcff,0e00dcff1400f6ff10001000d4fff4ff1800fafffeff1c00eeff200026001600,0000ceff06001600faff0c002400b4ffdc68069460c1206820fc62c1e044dafb
5892,5892,0,fcffdcffeeff200010000000fcff0c00eaffdaffe2feeeff12001200fefffeff,0400d6ff1c000c003e000000faff0a00f2ff040036001600eaffeaffdcffecff,dcff0e001400140000001000f4fff4ff2800faffeefffeff3000000016000600,deff10006400e8fffaff2c00f4ffd4ffa4fcd6c0c243fafc5a94e6436c694e94
5893,5893,0,0a00fcff00001000e2fff2ff0c00ecfffaffbaff4c00e2fe220030003e000e00,f6ff0400daffeaff2e00d4ff1a000a0004000400360036001c00faff1c00fcff,1e00ecfff6ffd8ffeeff10001400e4ffeaff2800feffeeff0000200006000600,ceff30000600caff1c000c00d4fff4ff2694aa44f2683495e2c06269c2fc4cc1
5894,5894,0,fcff1a0010000000f2ff1000ecff0c000c000c00ceff2c00e4ff1200feff3e00,1400f6ff0c00faffd4ffd4ffeaff5a000400f2ff360064000c001c000c002c00,fcff1e00040014000000eefff4ff040008000800feff0c00eeff0000e6ff0600,30000000daff06001c00fafff4ff2400c6c01c69a8fdf0bf464440fde6943844
5895,5895,0,fcfffcff0000eeffe2ffe2ffecffdcfffaff0c00eeffceff020022002e00feff,d6ffe6ff0c000c004c00f2ff0a000a00d2ff0400460036002c000c00fcff1c00,fcfffcff04000400000000000400f4ff2800dafffefffeff200010000600e6ff,10001000daff46000c000c0004002400324364fd949582437269aa949cc08c69
5896,5896,0,1a000a00eeff1000f2fff2fffcff1c00cafffaffeeffe2fe12000200ceff2e00,040004000c00fafff2ffd4ffeaffeaffc0fff2ff160026002c000c000c00fcff,1e001e0004001400000010001400e4fffaff0800eeff1c0030002000f6fff6ff,0000defff8fff8fffaff0c00140004006c698494d0bf726930fe4ebf884392fd
5897,5897,0,0a000a000000eeff0000f2fffcfffcff0c00fafff2fef2fe3000f4ff2e001e00,f6fff6ffeaff1c00000000001a001a00f2ffe2ff36003600eaff0c000c003c00,dcff0e00f6ff14000000100014001400faffdaff1c00eeffdeff200006001600,000000004600dafffaff1c000400040060fee6bff44218fe8a942443dc69e694
5898,5898,0,0a00fcff1000eeffe2ffd2ff0c00fcff0c001c00d2fefefff4ffe4ff1e000e00,e6ff14000c00eafff2ffd4ff1a001a001400e2ff460026000c000c00ecff0c00,0e000e00f6fff6ffeeff100014000400eafffaff0c000c000000eeff06000600,eeff3000f8ffbaffeafffaff04002400b494e2425269a4955ebfc26962feeabf
5899,5899,0,fcff2a0000000000f2fff2ff0c00fcff0c00daff0c002c00f4ff02002e001e00,2400f6ff0c000c00f2ff0000eaffeafff2ffd2ff460036000c000c000c001c00,1e00fcff22002200eeffeeff04000400eaff18002a000c0000000000f6ff2600,10002000f8ff16002c00faffd4ff140040bf186ac6ff52bfa44250fe1695bc42
5900,5900,0,ecff1a0020000000f2ff0000fcff1c00dafffaffeefffeff0200f4ffeeffceff,e6fff6ffdaff1c00000000001a000a00f2ff0400060036001c00eaff0c00fcff,0e000e000400f6ff0000eeff1400f4ffdaffdafffeff1c002000eefff6fff6ff,0000ceffdaff46002c00daff0400e4ff124200ffb4956442466a3a952abfec69
5901,5901,0,ecffdcffeeff1000f2fff2ff0c00fcfffaff0c000c00e2fef4ff12001e001e00,040004000c000c00f2ff00000a001a000400f2ff36003600faff1c00fcffecff,0e001e0014000400eeff200024002400eaff0800fefffeffeeff100006003600,2000deff06001600eaff0c000400f4ff186ae49434be926980ff4ebf5c423aff
5902,5902,0,ecfffcff30000000e2ffe2ff1c00fcff1c00faffeeffe2fe020012002e000e00,0400e6ff1c001c003e00d4ff0a000a00d2ff0400740026000c000c000c00dcff,dcff1e00140014000000deffd4ff0400fafffaffeeffeeff1000deff16001600,eeffeeff4600f8ffdaff0c00e4ffc4ff4800b0be2442f6ff0a9510414c6a8695
5903,5903,0,fcff0a000000000000001000ecff1c00daffcaffe2fee2fef4fff4fffeff0e00,e6fff6ff1c001c000000e2ff1a00faffe2fff2ff460036000c000c00dcfffcff,ecff1e0014002200deffeeff24000400ccffdaff1c001c00eeffeeff16000600,ceff6800460006001c00faffc4ff1400e2956841166af4950ebe566a6c0062be
5904,5904,0,fcffecff1000eeff00000000fcff1c00fafffaffe2fefefff4ff0200feff2e00,e6fff6ff0c000c004c000000fafffafff2ffe2ff06001600faff0c00ecff0c00,fcff0e00220014001000eeff14001400faff08000c000c0020002000f6ffe6ff,10001000daff16002c00eafff4ff040060be486a840054be80410601b6957c41
5905,5905,0,ecfffcffeeffeeff200010000c00fcfffaff0c00eeffe2fef4fff4ff1e002e00,2400e6ffbafffafff2ffe2fffaff0a00140004003600f8fffaff0c00ecffdcff,1e000e0022001400eeff000014003400faff08001c00feff20000000f6ff0600,20001000daff06001c00dafff4fff4ff7840c80034960e41b66aba95a2bd8c6a
5906,5906,0,0a00ecffeeff00001000f2ff0c000c00faff2c000c00eeff020002001e001e00,f6ff14001c00faffe2ff2e000a000a00f2ffe2ff160006000c002c00ccff0c00,1e001e00140022000000eeff0400f4fffafffaff1c00feffeeffeefff6ff0600,1000eeff06001600daff1c00e4ffd4ffa86a4e9634bd566a7601eebcdc40ec00
5907,5907,0,fcff0a00100020002000e2fffcfffcff0c001c000c00e2fef4ff02002e00eeff,140014000c001c002e0000001a00fafff2ff04002600d8ff1c00fafffcff1c00,ecfffcff1400f6ff0000000004003400eafffaff0c000c001000eeff1600e6ff,deff10001600f8ffdaff1c00d4ffe4ff280134bd704094019a96e040e86a1696
5908,5908,0,0a00fcffeeff100000001000fcfffcfffaff2c00eeffeefff4ff1200eefffeff,e6fff6fffaffeafff2ff20001a001a00f2fff2ff460026000c00fafffcffccff,ecfffcff0400f6ffeeff200014000400ccffdaff0c001c0020000000f6ff0600,00001000f8ffdaff1c000c00e4fff4ff6e961840666a34965ebcc66bdc0132bd
5909,5909,0,0a002a00eeff0000f2ffe2ff0c00fcff0c000c00eeff0c0022005000eeffeeff,0400f6ffdaffeaff00000000eaff1a0004000400260036000c000c000c00fcff,fcff0e00f6ff04000000deff04001400daffbcff0c000c0030002000f6ff1600,20001000f8ffdaff0c00faffc4ff140094bce86aa80246bccc3f86014696ea3f
5910,5910,0,fcfffcff000000002000f2ff1c001c00caffeafffeffdeff02000200eeff2e00,1400e6ffdafffaffd4ffe2ff1a00eaff1400e2ff26003600fafffaffecffdcff,1e001e00040004001000000004000400faff0800fefffeffeeffdeff36000600,0000eeffdaff1600faffdafff4ff4400523f2203f096323fa66bca96fabb186b
5911,5911,0,fcff2a00eeff00000000e2fffcffecffeaff0c004c00eeff02000200eeffeeff,140014001c00faff2e00e2fffaff0a00f2ff040036002600eaff0c00ccff0c00,0e000e0004001400eeffdeff14002400eaffeaff1c000c00eeff0000f6fff6ff,0000deff1600f8ffdafffaff1400e4ffe86ab096b6bbd66a0a033ebcda3e1803
5912,5912,0,ecffecffeeff00000000f2ffdcfffcfffaffdaff1c00eeff120002002e00ceff,f6fff6fffafffaffd4ff2000eaffeaff04000400f8fff8ff1c001c00ecfffcff,0e00fcffd8ff04000000100014000400eaffeafffeff0c00eeff000026000600,deff20006400caffeaff2c00f4ffe4ff52030ebcf23e0603ba96cc3e686b8696
5913,5913,0,fcffecffeeffeeff00000000fcff1c00faff0c00eeff0c0040001200eeff2e00,24001400daffeafff2ff0000eaff0a000400040036000600caff2c00ecfffcff,0e001e00f6ff0400eeff1000140024000800faff1c001c001000000006000600,ceff2000e8ffcafffaff1c00f4ff2400e096c23ea66a2097fcbad66b98039abb
5914,5914,0,fcff1a001000eefff2ff10001c000c00fafffaff1c002c00020030002e002e00,f6ff1400faffeaff0000f2ffeaff2a0004002400d8ffd8fffafffaff0c00dcff,1e000e00f6ff040000001000f4ff04000800daff0c000c00deff0000f6ff0600,00001000e8ff54000c00faffc4ff1400e0ba386bb60316bb7c3ebc04c696323e
5915,5915,0,fcffecffeeff00002000d2fffcfffcfffaffcafffeffdeff40002200eeffeeff,1400e6fffafffafff2fff2ff0a000a0004001400e8ff3600eaff0c00ecfffcff,fcfffcffe6ff0400000000000400f4ffdaffccff0c001c000000ceff0600f6ff,5800eeffdafff8ff2c00eaffc4ffe4ff223ea804c097723e066cda96b8baa86b
5916,5916,0,0a00fcff10000000f2ffe2ffdcff1c000c00faffdeff3c01e4fff4ff1e00eeff,f6fff6ff1c00eaffe2ff3e000a00eafff2ffe2fff8fff8ff0c000c00bcff1c00,0e00fcfff6ffd8ffeeffeeff24000400eaff2800feffeeff200030001600f6ff,eeffbefff8ff1600eaff1c001400e4ff486b209786ba866bcc041cbad23d6804
5917,5917,0,0a00fcff0000100030002000fcffccffdafffaff0c00e2fef4ff02001e00eeff,140014000c00eaffe2ff2e00faff1a00040004004600f8ff0c002c00ecfffcff,1e000e0004000400eeff2000240014002800fafffefffeff000020001600f6ff,eeff10002400daffc8ff1c00f4ffe4ff040650ba123ed604fa96fc3da86b4e97
5918,5918,0,0a001a000000deff0000f2fffcff0c00daffdaff0c002c0002003000feff2e00,0400e6ff1c00fafff2fff2fffaffeaffe2ffd2ffe8ff36000c001c00dcffecff,fcfffcff1400f6ff10001000f4ffd4ffeafffaff1c000c00200020000600f6ff,ceff30000600dafffaff0c00e4fff4ff8097563d166bd09788b9766cf00508ba
5919,5919,0,fcff0a000000100000001000fcfffcffdafffaffeeffdeff220012000e00eeff,14001400eafffaff2e00f2ffeafffaff0400140016001600faffeafffcffdcff,9cffecff040014002000000034001400eaffeafffeffeeff400000000600e6ff,00001000e8ff16002c000c00c4ffe4ff96b9886bd60520babc3c7c058e97723d
5920,5920,0,0a001a00eeff00000000e2fffcfffcfffaff1c00eeffe2fef4ff1200feff3e00,f6fff6ffeafffaff0000e2fffaff0a00f2ff14002600d8ff0c00fafffcff0c00,fcff1e00f6ff04000000100004001400faffeaff1c000c00eeffeeff06001600,3000deffdaff06001c001c0004002400d63c34063098263d766c9a9778b9286c
5921,5921,0,fcffecffeeffeeff200000000c00fcfffaffcaffdeff0c00300040002e00feff,e6fff6ff0c000c00e2ff2e00faff0a00e2ff0400260006002c001c00ecffdcff,fcff0e002200040020000000f4ff1400eaff0800feff1c00eeff0000f6ff0600,1000deff06000600daff1c0004000400e86bc0970ab9966bcc0678b9d23c0006
5922,5922,0,fcfffcff00001000f2ffe2fffcff0c00cafffaffeeffe2fef4fff4fffeffbeff,f6fff6ff1c00eafff2fff2fffafffaff14001400260006002c000c00ccfffcff,0e000e00140022000000eeff14001400eafffaff0c00feff0000defff6fff6ff,100000005400caffeaff1c00f4ffb4ff4407c6b8d63bb206ca974a3b286cee97
5923,5923,0,dcffdcff0000eeff100000001c00fcff2c00daffeefffeff020012002e00feff,0400f6ffeaff1c004c00e2ff0a000a0004000400f8ffe8ff2c000c00dcffdcff,9cffdcff1400f6ffeeff00000400f4ffacffdafffeff1c0000002000d6ffd6ff,eeff10001600daff0c000c00d4ffe4ff6698b03b166c909868b8d66c4007a8b8
5924,5924,0,bcfffcff0000eeffd2ff1000fcfffcfffafffaffe2fedeff02002200deffceff,1400f6ffeaff0c00d4ff20000a001a0014000400060006000c000c00ecfffcff,fcff2e00e6fff6ffeeff100004001400eafffaff0c000c0020000000e6ff3600,10001000dafff8ff1c00fafff4ff240086b8d86b52078ab85a3b4e081e988a3b
5925,5925,0,fcfffcff0000ceff0000f2fffcff0c000c00faffeeffeeffd4ff2200fefffeff,14000400faffdaff0000e2ff0a000a000400f2ff0600e8ff0c001c001c00fcff,2e00dcff14001400eeffceff04001400daffdaffeeff0c00eeff0000e6ff1600,30001000dafff8ff0c00daff04001400a23a5407c098863be66cba9736b8586c
5926,5926,0,0a00fcffdeff1000f2fff2ff0c000c00eaff1c00f2feeeff0200f4fffefffeff,f6ff0400faffeafff2ffd4ff0a000a00f2ffe2ffd8ff06001c000c00ccffacff,ecff1e0004001400eeffdefff4ff1400dafffafffefffeff1000100006000600,0000cefff8ff1600c8fffaff4400f4ffba6c56983ab8f66b8e0894b71a3b0008
5927,5927,0,0a00fcff10000000000010000c00fcffdaffdaff0c00e2fe0200f4ff2e00feff,f6ff14000c00faff2e00f2ff0a00eaffe2fff2fff8ffe8ff1c003c00ecffecff,0e000e00f6ff040000002000f4fff4ff2800faff1c001c0000000000e6ffe6ff,eeffeeff46000600faff0c002400f4ff1c0850b7783a7208ce981a3bc06c5e98
5928,5928,0,1a000a00100000000000f2ffecff1c00faff0c00e2fe0c000200f4ff2e00eeff,f6ffe6ff0c000c002000f2ff1a000a000400f2ffe8ff1600faff0c00ecffecff,1e00ecff0400e6ffeeff0000f4ff1400dafffaff0c000c00deffeeff0600f6ff,ceff58000600baff0c00faff04002400d698223a266cf09834b7666d0209b6b7
5929,5929,0,ecfffcff0000100000001000fcff0c000c001c00e2fed2fe02002200eeffeeff,14000400fafffaffe2ffd4ffeaffeaff04000400d8fff8ff2c002c00fcffdcff,1e00dcff22000400eeffeefff4ff14001800eaff1c001c00eeffdefff6fff6ff,000020000600f8ff0c00daffd4ff1400d0b6fa6cc208bab7c6396e089098c839
5930,5930,0,0a000a0010001000e2ff0000fcff1c00fafffaffeeffe2fe02000200eeff0e00,e6ff0400faffeafff2fff2ffeafffaffe2ff04003600e8fffaff0c00fcffdcff,0e001e00040014001000000004000400fafffaff0c001c0020000000e6ffe6ff,5800eeffdaff24001c00eafff4ff040078397c097e99683ac66c1e9946b7d06c
5931,5931,0,2a001a00000000001000f2ffecff0c00faff0c00eeff2c00020030003e00eeff,f6ffe6ff0c00faff2e0000000a000a0014000400f8ff1600faffeafffcfffcff,fcff0e00f6ff0400eeffeeff1400f4ff08003600eeff0c00deffeeff06001600,1000deff1600f8ffeaff1c002400f4ff1a6d1699eab6666c5e09b2b67839e209
5932,5932,0,fcff0a0020000000100010000c00ecffcafffaffceffdeffe4ff0200eeffeeff,14000400eaffeaff0000f2ff0a00faffe2ff140006001600faff1c00ecfffcff,fcfffcfff6ff14001000100004000400faff36001c00feff2000200016000600,0000eefff8ffe8ffeaff0c00f4ff0400360a60b6f839d0090e99e638006d0099
5933,5933,0,0a00fcff100010000000f2ff0c00fcffbaffcaff1c00e2fee4ff1200eeffceff,f6fff6fffaffdafff2ffd4ff0a00faff04001400f8ffd8ff2c000c00ecfffcff,fcff2e001400f6ffdeffeefff4ff0400faff18001c00eeff00003000f6fff6ff,deff4800f8ffe8fffafffaffd4ff14003699b838666cae9932b6166dc20a7eb6
5934,5934,0,ecfffcff00000000f2ff1000fcffecff0c000c00eeffc2fee4ff22001e000e00,e6ff0400faff0c000000e2ff0a000a00f2fff2fff8fff8ff1c000c00dcffecff,ecffdcffe6ff1400eeff200004002400daffccff0c000c00200010000600f6ff,eeff1000e8fff8ff1c00eaffd4ff140030b60a6d800a3eb62639d40b7099c838
5935,5935,0,ecfffcff000000000000f2ffecfffcffbaffcaffeeffeeff1200f4fffeff1e00,1400f6fffaffeaff0000d4ff0a00fafff2ff0400c8ff0600faff0c00dcffccff,1e000e00e6fff6ff1000eeff140014000800ccfffeff1c002000000016002600,1000eeffbaff5400fafffaff140014001838c60a9e99d238666d4e99ceb5406d
5936,5936,0,fcffecffeeff0000f2ff20000c00fcff0c00faffe2fe0c00e4ff30002e00feff,0400d6ff1c00fafff2ff2e000a000a00f2fff2ffd8ffd8fffaff0c00ecff1c00,0e001e0014000400000010000400f4ff0800eaffeeff0c002000deff0600f6ff,1000deff06000600faff1c00140014009a6d56994eb6866ce40b02b59637960b
5937,5937,0,fcffecff00000000d2ffe2ff1c00fcffdafffaff1c00eeffe4ff0200eeffeeff,040004001c001c0010002e000a001a000400f2ff2600e8ff1c00faff2c00fcff,0e00fcfff6ff040010001000f4ff1400eaff28001c00feffeeff00000600f6ff,000010000600f8fffaff2c00040004002e0c04b5a238680b9e996638506d7099
5938,5938,0,fcff0a0000001000300020000c000c00dafffaffceffdeff12003000fefffeff,14000400eaff0c003e00d4fffaff0a00f2ff1400f8ffe8ff0c00fafffcffdcff,fcfffcfff6ff14000000200014000400080008001c000c00eeff200016000600,deff1000f8ffbaff0c001c00f4ffe4ff409a1237d46c5e9a22b4e86d360ceeb4
5939,5939,0,ecfffcff3000eeff10000000ecffecff1c000c00feffceff020002000e004e00,0400f6ff0c00faffe2ffd4fffaff1a002400e2ff0600e8ff1c002c00fcfffcff,0e00dcffe6fff6ffeeffeeff14002400faff0800fefffeff2000eeff26000600,00001000dafff8ff1c00eaffd4ff040014b58a6d960c8eb5f236720cf0997637
5940,5940,0,fcfffcff00000000d2ff2000dcfffcffdafffaffeefffefff4ffe4ffeeff0e00,04000400fafffaff0000e2ff0a001a00f2ff2400d8ff0600fafffaffecfffcff,fcfffcff0400220010002000d4ff1400fafffafffeff0c001000eeffe6ff0600,2000eeffcaff06001c00b8ffe4ff1400e236020d6e9a5e37186e829a30b4906d
5941,5941,0,0a00fcffeeff1000f2fff2ffecfffcffdaff1c00e2fecefff4fff4ffdeff0e00,f6ff0400faffeaff20002e000a004a00040004001600d8ffeaff0c00fcff0c00,1e001e001400040000001000040014000800fafffeff0c0020002000f6ffe6ff,20000000160024000c00eaff4400f4ff8a6d609abeb4046d020d42b43e362e0d
5942,5942,0,fcfffcff0000eeff1000e2ffecffdcffdaff1c001c00feff120012000e000e00,f6ffe6ff0c00faff2e00e2ff0a00eaffb0ff0400460054000c00fafffcffdcff,dcff1e00e6ff0400200010001400e4ff08000800feff1c00200000001600e6ff,eeffeefff8fff8fffaff0c000400b4ff1e0e96b3fe35540f629af235b06d109a
5943,5943,0,1a001a002000000000000000dcffecfffaff0c00eeffeeffc6ff02000e000e00,f6fff6ff0c00daff0000f2ff1a00fafff2ff0400f8fff8ff0c00faffccfffcff,1e000e000400e6ff1000000004001400daff28001c00feffdeffeeff06003600,eeff30000600baff0c002c00f4fff4ff909a3236646d1c9b30b3186eee0d90b3
5944,5944,0,fcfffcffeeffeeff2000f2ff0c00fcfffaff0c00e2feeefff4ffc6fffefffeff,040004000c00eafff2ff6a00faff1a00f2fff2ff3600e8ff0c00baffecffecff,1e00fcfff6fff6ff0000100014000400eaffccfffeff1c00eeff00002600e6ff,20001000daffe8ff1c00eaff04003400e6b2f66dd40f3eb47236d20e809a8e35
5945,5945,0,0a000a00100000001000d2fffcfffcffdafffaffe2feeefff4ff2200feff1e00,040004000c00faff2e00f2ff0a001a00f2ff0400f8ff36000c000c00fcffdcff,0e000e001400040000000000040014002800eaff1c000c00eeff2000e6ff0600,0000eeffdaff16001c00c8ff2400140026357e0ecc9b9e35486e629a00b3c06d
5946,5946,0,0a00fcffeeffeeff100010000c000c00daffdaffdeff2c000200f4ff2e00deff,0400f6ffdafffaffd4ff2e000a00fafff2ffe2fff8ff26003c002c00fcffecff,fcfffcfff6ff040010001000f4fff4fffaffdafffeff1c00300010001600f6ff,1000eeff0600f8fffaff0c006400f4ff266ef09a70b1146d020fa0b29e34320e
5947,5947,0,1a00fcff100010001000f2ff0c00ecff0c00faffeefffefff4ff1200feff0e00,1400f6fffafffaff20002e000a00eaff040004005400d8ff0c000c00dcff1c00,1e00fcff2200d8ffeeffeeff14002400daffdaff1c001c000000deff0600f6ff,deff20000600caffdaff0c0014001400200fb6b25e35da10029b0235f06d009b
5948,5948,0,ecfffcffdeff000000001000fcfffcff0c001c000c00e2fe1200e4ff0e002e00,f6ff0400dafffaffe2ff20005a000a00f2fff2ffe8ff26000c001c00fcfffcff,0e000e00e6ff040020002000140004000800ccff0c000c0000003000f6fff6ff,beff20000600caff1c000c00f4ff1400109ba434546ddc9b40b2686ea80fc4b2
5949,5949,0,fcfffcff2000deff0000e2ffdcff1c00faff0c00eeff1c00120040000e000e00,f6ff14000c00eaff3e00e2fffaff0a00f2ff040036002600faff0c00ecfffcff,0e00fcff1400f6ffeeff000004001400faff36001c00feff20000000f6fff6ff,00001000f8ff06003e00faff04001400acb1466ee81110b19234e20e309b6634
5950,5950,0,fcff1a00deff10001000e2fffcff1c000c00daffeeffeeff0200f4ffeeff0e00,f6ffd6ffeaff0c00f2ffe2fffaffeaffd2ffe2ff06002600faffeaffccffdcff,fcfffcfff6ff1400eeff1000f4fff4ff2800ccfffefffeff2000400016002600,1000deffe8ff64000c00daffe4ff1400e03336102c9cd034886e829b34b2006e
5951,5951,0,fcfffcff000000000000d2fffcff1c001c00faff2c00e2fe020040000e002e00,14000400faff0c000000f2ff0a005a002400d2ff0600d8fffaff0c00ecffecff,fcff0e00f6ff0400ceff2000140004000800faff0c00eeff2000eeff0600f6ff,1000eeffe8ffe8ffb8ff1c002400f4ff866e909b6cb0946da610bcb1b6334211
5952,5952,0,fcff0a00eeff0000100000000c00fcfffaff0c00feffeeff020002000e000e00,0400f6fffaff0c00e2ff2e000a00eaff0400f2ff2600e8fffaff0c00dcfffcff,0e00dcff04000400eeffeeff240004002800faff0c00feff10002000f6fff6ff,ceffeeff1600daffeaff1c00f4ffe4ff5611fcb080339e12829bb032406e909b
5953,5953,0,2a00fcff0000eeff000000000c001c00faff0c000c00eeff120012001e000e00,1400f6ff1c00fafff2ffd4ff0a001a00140014004600f8ff0c000c00fcffdcff,0e000e00f6ff140020000000f4ff1400fafffaff0c00e0ff0000000016000600,beff68000600f8ff1c00faffd4ffe4ffd09b8832a46d1c9c2cb1586e621134b1
5954,5954,0,fcfffcff1000000010001000fcffecff1c00faffeeffeefff4ff22000e000e00,f6ff0400faff1c0020004c001a000a001400e2ffe8ff16001c002c00fcfffcff,1e00dcfff6ff1400100010003400f4ff28000800feffeeff10002000f6ffe6ff,deffeeffcaff46002c00eaffb4ff0400fcb0866e2e1394af40339611129caa32
5955,5955,0,0a002a0020000000f2ff0000fcff1c00faff0c000c00d2fef4ff12000e003e00,f6ff14000c00fafff2ffe2ff0a000a000400e2ff0600f8ff0c00cafffcff3c00,0e002e001400f6ffeeff0000f4ff1400eaff2800feff0c0020000000c6ff1600,20001000daff1600faffeaff24003400183220120a9d5033886e349ccab0806e
5956,5956,0,1a002a00000010000000f2fffcffdcff1c001c001c00deff020002000e00eeff,140024000c003c002e00f2ffeafffaffe2ff04000600f8ff1c000c000c00fcff,fcffdcfff6ff14001000000014000400faffdaffeeff2a00100000000600f6ff,1000beff06000600faff2c0014000400966e3e9c24af2a6e9a12b8af94318212
5957,5957,0,2a001a0030001000f2ff20000c002c00faffeaff1c002c00120002001e000e00,d6ff1400faff0c00e2ffd4ff1a00faff1400040046001600eaff0c00bcfffcff,0e00fcff1400040000000000f4ff14003600faff1c00feff00002000e6ff0600,eeffdeff2400daffeaff1c00f4ffe4ffe0126cb0c0324e14e49c2032806efa9c
5958,5958,0,fcfffcff10000000e2ff10001c00ecfffaff0c00deffeeff02004000eeff2e00,e6fff6fffafffaffe2ff4c000a00fafff2ffe2ff0600d8fffaff2c00dcffccff,0e00ecff0400d8ffeeff1000140014002800eafffeffeeffeeff400016000600,deffeeffe8ff1600faff0c00f4ff24007e9c3e316a6e2a9d8cb0186f0e133ab0
5959,5959,0,2a00fcff100000000000f2fffcff1c00faffeaff0c00eeff3000f4ff0e000e00,f6ff32000c00faffc4ffd4ffeaff5a00f2ff0400f8fff8ff2c000c00fcff2c00,1e002e0014001400eeff0000240014000800280066001c00eeffdefff6ff0600,100020001600f8ff0c00daffc4ff240086afe66e1c15e4aedc309a12fa9c2431
5960,5960,0,ecff0a0000002000100000000c001c00faffeaffe2fed2fe120012003e000e00,0400d6ffeaffeaff2000d4ffeaffeaff1400f2ff260036001c000c00ecffdcff,2e00fcfff6ff22000000defff4fff4fffafffaffeeff0c002000eefff6fff6ff,0000cefff8ff16000c00eafff4ff0400de308013aa9d7c31d86e589eb0af906e
5961,5961,0,2a00fcff10001000e2ff0000ecfffcfffaff1c00e2fee2fef4ff02000e003e00,f6ff24001c00fafff2ffe2ffeaff0a00f2ff04002600f8ff2c002c00ccffbcff,dcff1e002200f6ff2000eefff4ff1400fafffaffeefffeff2000eefff6fff6ff,0000deffdaff4600fafffaff24001400f66eb29d98ad4a6e181478af9a30be13
5962,5962,0,fcffecff00000000f2ff4e00fcfffcfffaffdaffeeff0c00300040003e00eeff,1400f6ffeaffeaff0000d4ff0a00eafff2ffe2ff1600f8ff1c003c00ccff0c00,0e00ecfff6fff6ffeeff10001400e4ff0800dafffeffeeff100020001600f6ff,eeff00004600f8ffeaff1c001400c4ffc013f6aebc305c15549db82f126faa9d
5963,5963,0,fcff0a0010000000e2fff2fffcff0c000c000c001c00e2fe020002000e000e00,040014000c00faffd4ffe2ffdaff1a000400f2ff16002600fafffafffcff1c00,2e001e0014001400eeff100004001400faffeaff1c001c0000000000f6ffe6ff,deff68004600cafffaff0c00f4ff3400409ede2f3a6eca9db8ae086fd61488ae
5964,5964,0,2a000a0020001000000000000c00fcffcaffeaffeeffeeff12000200deffdeff,1400f6fffafffaff3e00d4ff4a00faff2400040006002600faff1c000c00dcff,ecfffcfff6ff0400eeff10000400e4fffaff0800feff1c00100000000600e6ff,eeffeeffe8ff16002c00eaffe4ff240056aed66e8a1668ad1c309816fa9d3a2f
5965,5965,0,2a002a000000deff0000f2ffecffecffdaff1c00defffefff4ff2200fefffeff,e6ff2400faff0c002000d4fffaffeaffe2ff360046003600caffeaffecff1c00,1e001e000400f6ffeeff0000040004000800faffeeff0c0000000000e6fff6ff,eeffdeff0600f8ff1c00daff14002400082f5c150a9e7c30d86e449d48ae326f
5966,5966,0,0a00fcff00001000200010000c000c00fafffaffeeff1c00e4ff12000e00feff,1400f6ff0c001c0020004c00eaffeafff2fff2ff360026002c00eafffcfffcff,2e001e00f6ff1400100000000400f4ff18002800fefffeff2000eeff1600f6ff,0000defff8ffe8fffaff0c00e4ffd4ff066f709ec8ac9a6e781618ae982eb615
5967,5967,0,1a00fcff0000eeff0000e2ffecff0c00faff1c00e2feeeffe4ff1200eefffeff,240024001c000c00d4ffe2fffaff1a00140004002600f8ffeaff0c00ecff0c00,1e002e00040004000000000014000400eaff360076000c001000000006000600,eeff10000600daffb8ff1c001400f4ffba1646ae962f0a17949e382f186f7a9e
5968,5968,0,ecff1a002000deffe2fff2ff0c000c00faffcaffe2fe2c0022004000deffeeff,d6ffd6fffaff0c0020004c000a000a00e2ffd2ff260036001c00faff0c00fcff,8cff0e00f6ff040010002000f4fff4ffdaffdaff0c001c0040002000f6ffd6ff,deff10000600e8ff0c001c00d4ffe4ff009f382e8a6ef89ef8ad586f3616b8ad
5969,5969,0,1a002a002000eeff0000f2ff0c00fcffdafffafffefffefff4fff4fffeffeeff,2400e6ff0c000c00f2ffe2ff1a00faff0400f2ff3600f8ff2c00faff0c002c00,fcff1e00220004000000100014000400ccfffaff1c001c0020001000d6ff0600,00001000e8fff8ff2c00eafff4ff24005aadf66eb81738ac042e88167a9ec82d
5970,5970,0,fcffbcffeeffdeff4e001000ecfffcffdaffcaffeeffeeff120012000e000e00,1400f6fffaffdafff2ffe2ffeafffafff2fff2ffd8ffe8ff0c000c000c00dcff,1e00fcff14000400200010000400e4ffccffdaffeeff1c00eeff10000600e6ff,1000deffcaff06001c00daff0400e4ff8c2dfa16e89e162f286fd89f58ad526f
5971,5971,0,1a00fcffeeffeeffc2ffd2ff1c000c00faff2c00eeffcefff4ff3000eeff1e00,04001400faffeaffe2ff2000eaff5a00140014000600e8ff1c000c00fcff0c00,1e00dcff1400e6ff1000deff04002400daffeafffeff0c0000001000f6ff2600,0000cefff8ff1600dafffaff24000400566f409fd8abaa6e7817b8ad282d2e17
5972,5972,0,fcff1a0000000000200010001c000c00daff0c00feff0c0002003000eeffeeff,e6ffd6ffeaff0c003e000000faffdafff2ff0400160006000c000c00dcff9cff,0e00fcff1400140020000000e4ff04000800dafffeff0c0000000000e6ffe6ff,deffeeff46000600eaff0c000400d4ff3018e8acb82ed818d89f242c626f129f
5973,5973,0,1a00fcff1000eefff2ff4e00fcff0c00fafffaff0c00feff02001200deffeeff,f6ffe6ff0c00eafff2ffe2ffdaffcaffd2fff2ffe8ff1600faffeaff0c00ecff,1e000e000400f6ff2000200014001400faffeaff1c00eeff2000eefff6ff0600,eeff0000f8ffbaff0c002c00d4ff0400909ffa2c9a6e769fa8ac286fde1760ac
5974,5974,0,0a000a00beff00000000e2ff0c000c000c00daffe2fee2fe020012000e000e00,f6fff6ffdaff0c00e2ff2e00eaffeafff2fff2ff16000600fafffaff0c00fcff,dcffdcff040022001000eeff04001400eaffdaffe0fffeff30002000f6ff0600,10001000f8fff8ff0c00eafff4ff440088ac466fa01978ab642cdc18b29f502c
5975,5975,0,0a001a0010001000f2ffe2ff0c000c001c000c000c000c000200f4fffeff0e00,14001400faff0c00d4ffd4ff0a000a00e2ff360036002600fafffaffdcfffcff,0e000e0004000400deffeeff14002400ccff1800fefffeff3000eefff6fff6ff,10001000caff46000c00c8ffe4ff2400f62bb018d69f882d086f8ca030ac826f
5976,5976,0,1a00ecff100010000000f2fffcffecffcaffcaff0c00eeff300002001e00feff,040014000c000c00f2fff2fffaffeaff0400f2ff460036000c00faffdcfffcff,dcff0e00f6ff040010000000340004002800eaffeeff1c0020003000f6ffe6ff,0000deffe8ff5400faff1c001400e4ff466f56a0b2aaca6e7c19d8ab802b6019
5977,5977,0,ecff1a0020000000f2ff0000fcffecfffaffdaff0c00e2fe020002000e00feff,f6ffd6ff1c00eaff2e00e2ffeaffeafff2ffe2ffd8ff26000c001c001c00ecff,1e000e0004000400eeff000024001400faffeaffeefffeff30000000f6ff1600,eeffeeff0600daff0c001c000400f4ff8019c4ab882d361aeca0042c926fe29f
5978,5978,0,fcfffcffeeff0000f2ff2000fcffecffcafffaff2c00e2fef4ff3000eeffeeff,1400e6ffeafffaff2e002000fafffaffe2fff2ff460016000c000c000c000c00,0e000e0004001400eeff1000f4ff0400acffccff0c00eeff2000100006000600,eeff00000600e8ff0c00faff1400140066a0862b0a6f26a0b8ab886f801940ab
5979,5979,0,2a001a00eeff0000e2ffd2ffecff0c001c000c000c000c00e4ff02000e00feff,e6ff24000c000c00f2fff2ff0a001a0014002400060046002c002c00ecff1c00,0e002e0022001400deffeefff4ff1400faff08000c00eeffeeff3000f6ff1600,20002000f8ff06001c00eaff14001400c4aa266f041be2a9542a501a94a0002b
5980,5980,0,2a000a00100010002000e2fffcfffcff0c001c00deffeeff0200f4ffeefffeff,f6ffe6ff0c001c00e2fff2ffeafffaff040014002600d8ff0c00eaffdcffdcff,9cfffcff14001400deffceff0400f4ffbcffacfffeff2a0020002000d6fff6ff,1000eeffe8ff54002c000c00e4ff140094299a1ac6a0882d886faca184aaa26f
5981,5981,0,0a00fcff00000000b2ff00000c000c00faff0c00deffeeff120040000e000e00,e6ff24000c00fafff2ff00000a00faffd2fff2ff260006001c00faffecfffcff,0e001e00f6ff04000000eeff24000400eafffafffeffeeff00002000f6ff0600,2000eeffe8ffdaffdaff2c001400f4ffbc6ff6a062a9da6e301bc6aa142ab01a
5982,5982,0,bcfffcffeeff00000000f2ff0c00fcff0c00faffe2feeeff02001200feffeeff,e6fff6fffaff1c0010002e000a00fafff2ff1400e8ff2600faff0c00ccffccff,fcff0e000400f6ff0000eeff040004001800eafffeff0c0000002000f6fff6ff,0000eefff8ffdaffc8ff0c000400d4ffea1a64aa882d741caca1b028926fe4a0
5983,5983,0,0a000a0030000000c2ffe2ff0c000c00faff0c00e2fefeff020012000e000e00,f6ff14001c00fafff2ffd4ff1a000a00f2ff2400f8ffb8fffaffeaff0c00ecff,0e000e001400f6ffeeff100024000400eafffaff1c000c00eeff300036000600,eeff00001600bafffafffafff4fff4ff56a12429fa6ef6a066aa586fd21b14aa
5984,5984,0,fcff0a00000010002000f2ffdcffecff1c00caffdeffeeff1200e4ff0e00feff,f6fff6ff0c00eafff2ffe2ff0a001a000400e2ff260036002c000c000c009cff,0e00dcfff6ff2200100000001400f4fffaffdafffefffeff1000100006000600,deff0000e8fff8ff1c00daffd4ff2400aaa9bc6f641cf2a86028721c44a15429
5985,5985,0,fcfffcff10000000e2ff10000c000c000c00faff1c00eefff4ffe4ffdeff1e00,e6ff1400faffdaffd4fff2ff2a001a00f2fff2ffe8ffe8ffeaff1c00ecfffcff,dcff0e00f6ff14000000000004004400fafffafffeffe0ff1000000006003600,2000eeffdaff16000c00faff2400240024287c1c86a1fc27786fbca1a4a9c26f
5986,5986,0,ecfffcffeeff200010001000fcff0c00daffbaffeeff0c00f4ff12002e00eeff,f6ffe6fffaffeaff3e000000faffeaffd2ffe2ff1600f8ff0c001c000c00ecff,ecff0e00040004000000200004000400eaff0800eeff0c002000100026001600,0000deff06000600faff0c002400f4ffcc6f86a1f2a82a6f621c72a95a28521c
5987,5987,0,0a00fcff0000eeffe2fff2ff0c001c000c00caffeeffcefff4ffe4fffeffeeff,140032001c00faffe2ffd4fffaff0a00d2ff04005400f8fffaff2c000c001c00,2e000e001400e6ff0000ceff0400040018002800feffeeffdeff20000600f6ff,deff10004600daffdaff2c001400d4ff6c1d3aa94c27441da0a2d028926fd4a1
5988,5988,0,fcfffcffeeff00000000e2ffecffdcffaaffbaffd2fee2fe220030002e00deff,e6fff6fffaff1c00e2ff3e00faff1a00e2ff1400260046001c000c00dcffdcff,fcff0e00f6ff04001000eeff1400a4ff2800daff0c000c00100030001600f6ff,eeff00000600cafffaff0c001400040040a2c427ca6e06a202a9886f6a1d04a9
5989,5989,0,ecfffcff0000eefff2fff2fffcff0c00fafffafffefffeff1200f4fffeff0e00,0400f6fffaffeafff2ffe2fffaff5a00040014001600e8ffeaff1c00fcff2c00,fcff0e0014000400ceff2000e4ff140008004600fefffeffeeff0000f6ffe6ff,eeff5800f8ff06001c00daff14002400baa8dc6f501ef4a7bc26021d74a2ca27
5990,5990,0,1a000a00000010000000f2fffcfffcfffafffafffeffe2fef4ff12003e002e00,1400d6fffaff3c003e0020000a00fafff2ffe2fff8ff36002c000c001c00dcff,1e00dcff0400f6ffdeff00000400f4ffeaffccffe0ffeeff10001000e6ff0600,10001000caff16001c00daff24001400ce265a1ee4a23c27a86f30a39aa8a26f
5991,5991,0,ecff1a0010000000f2ffd2ff0c001c00daffeaffeeffeeff0200f4fffeff0e00,04000400faff0c00200020000a001a00f2ff0400d8ffe8ff1c003c000c000c00,dcfffcff22002200deffdefff4ff3400daffeaff0c000c00deffeeff16003600,1000deffe8ff1600c8ffeaff14000400bc6fa0a274a70a6f821e02a9ca26ea1d
5992,5992,0,fcffecff0000000000000000fcfffcffdafffaffeeff0c0002005e00fefffeff,d6ff0400caff1c000000e2fffaffeaff2400c0ff540046002c001c00fcffecff,0e00dcfff6ff1400eeffdeff04000400faffbcffe0ffeeff0000defff6ffe6ff,eeff1000f8ffdaffc8ff1c00e4ff0400ea1e2aa8d025001f50a33c26c26f94a2
5993,5993,0,0a002a001000eeff0000e2ff0c00ecfffafffaff0c00eeff0200f4ff1e000e00,f6fff6ff0c00eaffd4fff2ffeaff6a00e2ff2400e8ff0600faff2c001c00fcff,0e00fcff0400e6ffdeffceff14001400eaff08000c00feffdeff200016000600,eeff0000f8fff8ff0c00faffd4ff240010a34e262a6fd4a242a8a86f7a1e1aa8
5994,5994,0,fcff2a00eeffceff0000f2ffecfffcffcaff0c00eeffeeff120002001e00feff,1400f6fffaffeafff2ffe2fffaff0a000400f2fff8fff8ff2c000c00fcffecff,dcfffcfff6ff04001000100014000400faffeaffeefffeff1000eefff6fff6ff,eeff1000e8ff06003e00eaffe4fff4ff74a7bc6f601fe4a66c25b21f50a3e825
5995,5995,0,dcff2a00000010000000f2ff0c002c00daffbaffe2fefefff4fff4ffeeff0e00,e6fff6fffaff0c0020002e000a001a00f2fff2ff26003600faffeaffacffecff,dcff0e00e6ff1400ceffceff04002400faff36002a00feff2000200016000600,2000eefff8ff06000c00dafff4ff04002025202044a30025d86ff2a3aaa7d26f
5996,5996,0,fcffbcffeeff0000100010001c00fcffcaffdaffeefffeff120012000e00deff,e6ffd6fffaff1c002e003e000a00eaffd2fff2fff8ff46000c002c000c00ecff,0e00fcff04000400eeff100024001400faffdaff1c000c00100010003600f6ff,3000eeff06001600eafffaff1400d4ff1c7080a326a64a6fb21f1ea7b825921f
5997,5997,0,fcff1a0000000000e2ff0000fcfffcffbafffaff0c00eefff4fff4fffeff1e00,f6ff14001c00faff0000e2ff1a001a00e2ff140036002600faff2c00fcffecff,fcff0e0004001400eeffeeffe4ff1400eaff08002a002a000000000036000600,deff000016000600eaff1c002400e4ffa02064a750246e2022a4ce24b26fc0a3
5998,5998,0,0a00fcff1000eeff00000000ecffecffcafffaffeeff1c00120030003e000e00,e6ffe6ffeaff1c00f2fff2fffaff0a00f2ffe2ffd8fff8ff0c002c00fcffecff,0e000e0004001400eeff1000f4ff140036005600eeffeeff200020002600d6ff,eeff20000600caff0c001c00f4fff4ffd0a3a0244a6fc4a33ea7c86f0421b8a6
5999,5999,0,ecfffcff10001000f2ff0000dcffecffdaff2c00feff2c00020002000e002e00,f6ffe6ff0c00eaffe2fff2fffaff1a00f2ff0400f8ff16000c001c000c000c00,fcfffcff14000400deffeefff4ff1400eaff36001c002a0030000000e6ff0600,10003000daffdaff0c00eaffb4ff2400a4a61c709c2196a66a23b62090a42024
6000,6000,0,fcfffcff0000eeff000010000c00fcffbaffdaff0c00e0ff2200f4ff3e002e00,f6ffd6ffeaffdaff2e00f2ff2a000a00e2ffd2ff060026000c000c00ecfffcff,2e009cffe6fff6ffeeffeeff1400140018002800fefffeff1000100016000600,30000000daff54001c00fafff4ff0400ec23a02148a43223886f2ea558a6d26f
6001,6001,0,0a001a000000eeff0000e2ffecffecfffafffaffeeffeeff02002200ceff3e00,040014000c000c00e2ffc4ff0a001a00f2ff1400060006000c000c009cffacff,2e002e0022000400eeff00000400f4ff2800daff1c00feff2000eefff6fff6ff,eeffdeff46001600eaffeaff2400e4ffdc6f8ea486a51a6f1a229ea6c0237421
6002,6002,0,1a00ecff00000000f2fff2ff0c00ecfffaffcaffeeffd0ff020040000e00eeff,04000400eaffeafff2ffe2ff0a000a00f2ffe2ffd8ffe8ff1c001c00dcffacff,1e001e0004001400eeffeeff1400e4ff4600eaffeeffd0ff000020001600d6ff,0000eefff8ffdaffb8ff1c001400d4ff902198a5e2221222dea5ea21c26fd8a4
6003,6003,0,0a00fcff30002000d2ff1000fcfffcff0c00faffe0ffe0fff4ffd4ffeefffeff,e6ff04000c00faffe2ff2e000a00faffd2fff2ff0600f8fffafffaffccffecff,fcfffcff1400f6ff0000000014003400daff2800eeffe0ffdeff00000600f6ff,beff10000600daffeaffeafff4fff4ffbea47a222a6fc8a44ea6a86fc421f8a5
6004,6004,0,2a001a00deffeeff0000f2ff2c00dcfffaff1c000c00f2fe1200f4fffefffeff,14001400fafffaff2e002e000a000a002400f2ff2600e8ff0c000c00ecfffcff,0e001e00e6ff0400200000002400340008003600feffe0ff100020000600f6ff,10000000daff16001c00eafff4ff140066a5cc6f322388a42a22ba2278a59422
6005,6005,0,fcff0a002000000020000000fcff1c000c00daffeefffeff12001200eeffdeff,f6fff6fffaff0c000000d4fffaff1a000400040006003600faff1c00ecffbcff,0e000e00f6fff6ff3000eeff24001400eafffaff0c00feff5000000016001600,00000000caff54003e00c8ffe4ffe4ffa021ba2256a58222a86faea548a5d26f
6006,6006,0,fcfffcff0000deffd2ff10001c00fcff0c00faffeeff0c00020002002e00feff,f6fff6fffaffeafff2ff2e005a00faff0400e2ff0600f8fffafffaffdcff0c00,0e000e0004001400eeffeeff54001400faff2800e0ffe0ff000000000600f6ff,1000befff8fff8fffaff0c000400d4ff1c70c8a5d8a4fa6e5a232ea5f4213023
6007,6007,0,fcff1a00eeff2000f2fff2ff0c001c00eafffaff02ff2a00020002000e00eeff,e6ff04001c00faffe2fff2ff0a00fafff2ff0400360036000c00eaff1c00fcff,fcff2e0004001400deffeeff0400f4ff4600faff0c00feff0000000006000600,000020000600f8ffeaff0c000400b4ff5a2346a57c219023aea6b621e26f08a6
6008,6008,0,fcfffcff1000defff2ff4e00ecfffcfffafffafff2fef2fee4ff0200eeffceff,14001400eafffaff2e002e000a000a00f2ffe2ff060006001c00faffdcffccff,3e001e00f6fff6ffceffeeff14002400fafffafffeffeeffdeff000016000600,deff00001600dafffaff2c001400040064a6e0202a6f46a64ea5986f0024d8a4
6009,6009,0,0a00fcffeeff0000f2fff2ff0c000c001c00faff0c00eeff1200f4ffeeff1e00,f6ff0400eaffeaff0000c4fffaff1a00f2fff2ff360006000c001c001c00fcff,dcffdcff2200f6ff1000defff4fff4ffeaff3600feff0c002000eefff6ff0600,eeff0000e8fff8ff2c00fafff4ff140010a4ec6f6024e8a32620fc2388a66421
6010,6010,0,dcffecff0000000020000000ecffecfffafffaffeefff2fe1200e4ff0e00feff,14001400fafffafff2fff2ff0a000a0014000400460016000c002c002c00fcff,1e000e0004000400deffeeff14000400ccffeafffeff0c00200010003600f6ff,6800ceffcaff06000c00daff040044006020b02436a61020d86f5ea750a4d26f
6011,6011,0,dcff0a0000000000f2fff2fffcfffcffdaffcafff2fed0ff1200f4ffdefffeff,240024000c00fafff2ffe2ffeaffdafff2fff2ff06003600faff1c00ccfffcff,fcff0e0004001400eeffeeff04001400faffdafffeff0c00eeffdeff06000600,4800cefff8fff8ffeafffaff340004001c7014a728a42a6f7c246ea47420f824
6012,6012,0,dcffecffeeff0000f2ff1000fcfffcfffaff0c00f2fee4fef4ff0200feff1e00,24001400faff0c00e2ff0000faff0a00f2ff0400060064000c001c00ecff1c00,fcfffcfff6fff6ffdeffeeff2400f4ff18001800feff0c00eeff00001600f6ff,0000eeff1600e8ffeaff1c00d4ffb4ff9025b0a3b01f20252ea7e21ec26fa8a6
6013,6013,0,fcfffcff20000000f2ff0000ecffdcff0c00dafff2fef2fe1200f4fffefffeff,d6fff6ff0c000c000000f2fffafffaffe2ff1400360016002c00daffdcfffcff,dcff0e00040004001000eeff04000400eaffeaff1c000c0010000000f6fff6ff,beff10004600caff0c000c001400040064a75a1f2a6fe4a60ea4886fb82500a4
6014,6014,0,ecfffcffceffeeffe2ff4e00fcff0c00fafffaff0c0002ff1200f4ffdeffeeff,04000400daffdaff10002e000a001a001400e2ffd8fff8ff1c001c00dcffdcff,fcff3e000400f6ffeeff000004002400faff0800eefffeff0000000006000600,eeff1000e8ffdaff1c000c00f4ff140020a3cc6f2c2618a3c21e8e2680a7621f
6015,6015,0,fcfffcff000010000000f2ff0c00fcffdaffdafffeffe0ff12003000cefffeff,04000400fafffaff100020000a00eaff0400f2ff060006002c00faff0c00dcff,0e000e00f6ff140000002000f4ff0400fafffaffeeffeeff0000eeff06001600,20001000daff54001c00daff040004000a1f0e2674a7d01ea66f7ea7d0a3d26f
6016,6016,0,fcffdcff10000000f2ffe2ff1c00fcff0c00dafffeffe0ff120002000e00eeff,f6fff6fffaffeafff2ff20000a000a003600f2ff060026000c000c003c00dcff,fcff0e0022000400eeff000024001400fafffafffefffeff0000000016001600,0000eeff16001600dafffaff2400e4ffcc6f6aa8d8a2ea6e8a2640a32a1e1826
6017,6017,0,0a00fcff0000100010000000ecffdcfffaff1c00f2feeefff4ffe4ffeeff0e00,e6ff04000c00faff00000000eafffaff04003600360026000c00faffecffdcff,0e009cff04001400eeffdeff14000400ccffccfffefffeffdeff300006000600,deff0000f8fff8ffc8fffaff0400d4ffde26e0a2921dcc2672a8c21ed26f70a7
6018,6018,0,0a001a00deff000000003000fcff1c000c00dafff2fe1c00f4ffc6ff2e00eeff,f6ff1400fafffaffe2ff3e00fafffaffe2ff0400f8ff16002c002c00ecfffcff,fcff0e000400f6ffeeffceff04000400daffccfffefffeff0000200016001600,ceff10004600dafffaff0c00c4fff4ffcaa89c1d4a6fe4a7e0a2766f8a2770a3
6019,6019,0,fcfffcffeeff100010000000dcff0c001c000c00f2feeeff30000200feff0e00,f6ffe6fffaff2c00f2ffe2ff0a005a00f2ff1400260054001c001c000c00ecff,dcff1e000400f6ff1000ceff0400f4ffdaff46000c001c0020000000f6ff1600,eeff5800f8ffdaff1c00eafff4ff040040a2cc6f8c2716a2a21d4a279aa87a1d
6020,6020,0,0a000a00100010000000d2ffecfffcfffaffeafff2fef2fe020002002e00eeff,14001400eaffeaffe2ff00000a00faffd2ffd2ff360046000c002c00ecfffcff,1e000e00040014001000100014000400faffeafffeffeeff20000000f6ff1600,1000ceffcaff46000c00c8ff0400f4ff0c1d242802a8341d866f12a954a2d26f
6021,6021,0,1a000a00100000000000e2ff0c000c00daff0c00e4fe0c00120012000e00eeff,e6ff0400eafffafff2fff2fffafffaffe2ff0400260046000c002c001c00ecff,fcff1e00140004000000000004000400eafffaff1c000c0030001000f6fff6ff,2000ceff160006001c00daff2400d4ffcc6ffaa8c6a12a6f3e28b0a2ea1c6a28
6022,6022,0,fcffecffeeff0000e2ff3000ecff0c001c000c00eefff2fe12002200feffeeff,04001400eafffafff2ff1000fafffafff2ffe2ffd8fff8ff1c002c00dcff9cff,0e000e00e6ff1400ceff0000240004002800daffeeff0c00eeff2000f6fff6ff,eeff00001600e8ffeaff0c001400f4ffd428b6a1741cec2772a9401b926f34a9
6023,6023,0,ecff2a0030001000f2ff0000ecffecff2c00daffeeffe0ff3000b6fffeff1e00,f6ffe6ffeafffaff0000f2ff0a00fafff2ff0400f8ff0600eafffaffccffecff,0e001e00f6ff0400eeffeefff4ff1400faffdaffeeff0c00000030002600f6ff,deff30001600cafffaff1c00040014005aa9181c2a6fd2a8dca1766faa2814a2
6024,6024,0,fcff1a001000000010001000ecff1c000c00faffe2feeeff02000200eeffeeff,f6ffe6fffaff0c00f2ff2e000a000a00f2fff2fff8ff2600eaff0c00ccff0c00,1e000e0014000400deffeeff140014001800faff0c000c0000000000f6ffe6ff,deff10000600f8ff0c00eaff0400040076a1dc6fec2856a1101bbe29a4a9221c
6025,6025,0,ecfffcff00000000f2ff1000fcff0c000c001c00feffdefff4ff0200eefffeff,04001400faff1c00f2ffd4ffeafffafff2ffd2fff8ff26000c000c002c00ecff,fcff9cff040022000000bcffe4ff0400faffdaffeeff0c003000200016000600,1000eeffdafff8ff3e00daff04002400ca1a642922a9c41b666f16aa44a1c26f
6026,6026,0,0a002a00eeff2000f2ff10000c001c002c00faffe2fedeff02000200fefffeff,f6ff04001c00fafff2ff1000faff0a000400e2ff3600f8ff0c002c00ecffecff,1e00fcffd8fff6ff000010002400f4ffeaffccfffefffeffceff000006000600,0000deffe8ff0600eafffaff3400f4ffac6f54aa26a1ca6ebe29d8a0921b8429
6027,6027,0,0a00fcffeeff2000f2ffe2fffcff0c00dafffaff1c00e2fe300012003e001e00,0400d6ff1c000c002000e2ff1a00faff360014002600f8fffaff1c00dcffdcff,1e001e0004001400ceffeeff14001400dafffaff0c00feff1000eeff26000600,eeff000016000600daff1c00140014001e2af6a0d41aca2956aa301bb26f64aa
6028,6028,0,ecff1a0020000000e2ff1000ecffecffdaff0c002c00ceff0200f4ffeeff0e00,14001400eafffaff2e00d4ff0a001a00e2fff2ff360006002c001c000c00ecff,3e00fcff0400f6ffdeff00000400f4ff080028000c00feffeeff10000600f6ff,eeff10001600caff0c001c00e4ffe4ffe4aa1a1aca6eb2a9e8a0666f242af4a0
6029,6029,0,fcff0a00ceff100000000000fcffecffcafffaff1c001c00020002002e003e00,04001400eaff0c00d4fff2fffaff0a001400e2ff260026001c001c000c00fcff,fcff1e00f6ff1400eeffdeffe4ff1400faff08000c00feff000000000600e6ff,ceff5800f8fff8ff1c00faffd4ff1400c6a0566fd22ad6a0101a222a10ab401a
6030,6030,0,fcff1a00eeffeefff2ff0000fcffecff1c00fafffefffefff4ff30001e00eeff,04001400eaff0c00e2ffe2ff0a001a001400f2ffd8ffe8fffaff1c001c000c00,1e000e00f6fff6ffdeffceff14000400fafffaffeeff0c00deffeeff06001600,00000000baffdafffaffeaffe4ff140030190e2b02aae019666f58abc4a0926f
6031,6031,0,fcfffcff100000001000e2fffcff1c001c00daffdeffeeff02001200eeffdeff,f6ff14000c00faff2000e2ff0a000a002400d2ff0600e8fffaff0c00fcff0c00,0e000e00f6ff040020000000f4ff0400faffeaff1c00feff2000eeffe6ff0600,1000defff8ff1600faffeaff3400d4ff566f74abe69f1a6f382c58a05019802b
6032,6032,0,0a000a00eeff0000f2ff1000fcfffcffcaffdafffeffe2fe02000200eeff0e00,140004001c000c00e2ffe2ffeafffaffe2ff040006000600eafffaffecff2c00,ecfffcff0400f6ffdeff0000040004001800faff1c001c00200020000600d6ff,0000eeff1600daffdaffeaff1400c4ffee2b56a0b018082e5aac4c18926fa0ab
6033,6033,0,0a00fcff1000eeff1000e2ff0c00fcffcafffaff0c000c00400012000e00deff,f6ffd6ff0c00faff2e002e00fafffafff2ffe2ff36002600eafffafffcffdcff,9cff1e00040004001000eeffd4ffd4fffaffdaffeeffeeff0000eefff6fff6ff,deff10001600f8ffeaff2c00f4ffe4ff04ac0019ca6ee2aab49f466fd02bf29f
6034,6034,0,fcff1a00deffeefff2ff10001c00fcffbaffcaffd2feeeff12001200feff0e00,1400e6ffdaffdafff2ff2000fafffafff2fff2fff8ff26000c000c00fcff1c00,1e002e00e6fff6ffeeffceff14000400eafffaff6600e0ffeeff200016001600,00000000dafff8ff0c00eaff04004400b09f566f882eb69f8c18282df0ab9018
6035,6035,0,0a000a00eeffceff10000000fcff2c000c001c002c00f2fe2200f4ff2e00eeff,14000400faff0c000000f2ff0a00fafff2ff1400c8ff06000c00fafffcffecff,0e000e000400f6ffdeffeeff04000400daffdaff1c000c000000200006001600,20000000060016000c00eaff040004003018f02ca0abc018266f7aac929f726f
6036,6036,0,1a00fcffeeff0000f2fff2ff0c00fcffdaffdaffdefffeff020030000e000e00,140014000c00eafff2ff2e000a000a0014000400e8ff0600eafffafffcffdcff,1e002e0032001400deffeefff4ff1400faffeaff1c001c000000eeff0600f6ff,4800ceff06001600faff1c000400f4ff266fc8ac569f9a6e382d149fde17362d
6037,6037,0,0a000a00000000001000f2fffcff0c00faffcafff2fee2fee4fff4ffeefffeff,0400e6ff0c000c00f2ff2e000a00eaff04000400360006000c002c00ecfffcff,1e00fcffe6fff6ffeeffeeff0400f4ffdaffdaffeefffeff200020001600f6ff,deffdeff16000600daff0c00e4ffd4ff622d809fba17462f0aad1c17526f70ac
6038,6038,0,ecff0a00eeff0000f2ff10000c00fcff0c00faff1c00eeff0200f4ff2e00feff,f6ff0400eaffeaff0000e2ff5a000a000400e2ffd8ff06001c00faffecfffcff,1e00dcfff6ffe6ffeeff100014000400080028001c00eeffeeff0000f6ff0600,deff10000600dafffaff1c00f4ff34002aadfa166a6ef0abb49ef66eca2d729f
6039,6039,0,ecff0a00eeffeeff30000000fcfffcffeafffaffcefffeff22004000feff0e00,0400f6ffdafffaffe2ff0000faff0a001400e2ffd8ff06001c002c001c00fcff,2e00fcff1400f6ffdeff0000d4ff0400080008000c00feffdeffeefff6fff6ff,000010001600f8ff1c00daffe4ff0400209f166f962ff89ebc15f82d28ad1e17
6040,6040,0,0a002a001000000000000000ecfffcff0c002c001c00e2fef4fff4ffeeffeeff,f6ff14000c00faff2e00e2ff0a001a00f2ff2400e8ff06000c000c00dcffecff,ecffecfff6fff6ff100000000400d4fffafffaffeeff0c000000000006000600,10000000f8ff1600daffeaff24004400ba161e2e30ac0a17286f3aaeda9e526f
6041,6041,0,fcffecffdeff0000000000000c00ecff0c000c00e2feeeff02000200eeffeeff,1400e6fffaff0c003e00e2fffaffdaffb0ffe2ff060026001c00faffecff9cff,0e000e00f6ff0400100020001400d4fffaffdafffeff0c002000eeff0600f6ff,0000defff8ff06000c000c002400f4fff66e26ae6a9e8a6e182f849e66166a2e
6042,6042,0,ecffdcffeeff0000f2ff00001c001c00fafffafffeff0c0002000200eeff1e00,140014000c00eaffd4ffd4ff0a00faff1400140016000600eafffaffdcfffcff,0e000e00f6fff6ffdeff0000f4ff24000800fafffeffeeffeeff100006000600,100000001600daffdaff3e000400b4ffbe2ea09e6a16163048ae4c14126f98ad
6043,6043,0,0a00fcff00000000f2ff1000fcff0c001c000c00e2feeeff020040000e00eeff,040004000c000c00f2ffd4ff1a001a00f2ff0400d8fff8fffaff0c00ecff1c00,fcff1e0004001400deff1000d4ff0400fafffaff0c00eeff2000100016004600,eeff20000600daff0c001c00d4ffd4ff66ae3c158a6e08ad349e286f502f6a9e
6044,6044,0,ecfffcffeeff100000000000ecfffcfffaff2c000c00eeff0200d4ff0e00feff,f6ff04000c000c00f2fff2ffeaff0a00f2ff1400360016000c00faffbcffdcff,dcff1e000400140010000000f4ff1400ccff0800feffeeff1000eefff6ffe6ff,10002000f8ff0600fafffaffd4ff4400509ef66e0c310a9e4c14b82fe8ad8615
6045,6045,0,0a000a000000eefff2ff1000ecffdcffdaffeaffeeffeeff020002000e00feff,14000400faffdaff2e0000000a000a000400e2fff8ff46002c000c00ecffdcff,1e009cfff6ffe6ffeeff000004001400daffeafffeff0c000000000016001600,1000deffdaff06000c00daffd4fff4ffdc141e3078ad0c15f86e88aeca9d226f
6046,6046,0,0a00ecffeeff000000000000fcff0c00fafffaffeeffceff02000200eeff3e00,e6ff14000c000c00e2ffe2fffaff0a00d2fff2ffd8ffe8ff2c00faff0c000c00,2e00fcfff6fff6ffdeffeefff4fff4ffdaffdaffeeff2a001000eefff6fff6ff,0000ceffe8ff1600faffeaff24000400c66ef6aeca9d6a6e6c30049dc6141030
6047,6047,0,0a00ecff000000000000f2ff0c00ecfffaff1c00eeff0c0002000200eeffdeff,240024000c00eafff2ffe2ff0a00daff0400f2fff8ff2600faffcaffdcfffcff,1e001e00e6ff0400deff000024001400faffeafffeff0c00100010001600f6ff,0000eeff16001600eaff1c00240004009e30a29d9c145c3128af1c14d26e00af
6048,6048,0,1a000a000000100000001000fcfffcfffaffeafffeffe2fee4ffe4ffeefffeff,f6ff04002c000c003e00f2ffeafffaff14000400260016000c00eaffccffecff,0e000e002200f6ff0000eeff04001400eaffccff1c000c0010003000f6ff1600,ceff68001600daff0c00eaff1400040056afe8136a6e16ae249d086fa030ca9d
6049,6049,0,ecfffcffeeff1000100020001c00fcfffafffaffeeff0c00e4fff4fffeffceff,24000400fafffaffe2ff2000eaffeaff04000400360054000c00eaffecffccff,fcffdcff04001400eeff00001400040028002800eeff0c001000300006002600,eeff10000600f8ff1c00faffe4ff4400829dc66e80328a9d8a121c31c0af2e14
6050,6050,0,2a000a00deff00001000e2fffcff1c00fafffaffe2fefeffe4fff4ff0e00feff,f6ffe6fffaff1c0000000000fafffaffe2ff1400f8fff8fffaff0c00fcfffcff,ecff0e00f6fff6ff1000deff1400140008000800e0ff0c002000000026001600,1000deffe8ff16002c00daff2400140050123e31d4ae5e13a86e8cb00a9de26e
6051,6051,0,fcff0a00ceffdefff2ffe2ff0c00fcfffafffaffe2fee2fec6ffc6ffeeff0e00,2400f6ff0c00eaffd4ff2e000a00faff0400f2ffe8ff16001c000c00ecffecff,0e002e0014000400deffeeff04002400faff18000c00e0ffeeff300006000600,2000befff8ff0600eaff0c0044000400966edcaffa9c3a6e2032a49cfe125a31
6052,6052,0,2a000a0010000000e2ff1000fcffecffcafffafff2fef2fe020002000e001e00,140014000c000c002e000000daffeaff04002400f8ff2600faffcaffecff0c00,dcff0e00f6ff220000001000140014000800eaffeeff0c00100000001600e6ff,deff00000600f8ffb8fffaff0400e4ffae31429dfe1210334cb03611706e20b0
6053,6053,0,2a001a0010000000f2ff3000ecff1c000c00caffeeff0c00e4fff4ff2e00feff,24000400dafffafff2ff20000a000a000400f2fff8ff46001c001c00dcfffcff,9cffdcff1400f6ff00000000140044002800fafffeffeeff000000002600f6ff,eeff00001600dafffaff2c000400f4ffbcb020122a6e04af749cb86e5a324a9d
6054,6054,0,0a00fcff100000002000e2ff0c000c00eaffcaffeeffe2fe120002002e001e00,14001400eaff0c000000f2ffeafffaffe2ff04001600f8fffaff1c00fcffecff,1e000e002200040000001000f4ff0400dafffafffeff0c003000eefff6ff0600,deff2000f8ffdaff1c00faffd4ff1400d09b866e4034ca9c36115033a0b0c211
6055,6055,0,2a00fcff00000000e2fff2ff1c000c00daff0c000c00deffd4ff02000e000e00,320014000c00eaffe2ffe2fffafffaffe2ff1400260006000c001c001c001c00,0e000e00f6ff14000000eeff14002400faffeaffe0ff1c00eeffceff16003600,10000000e8ff06001c00daffd4ff1400b6100833a4af6e12c86e3cb1b29c406e
6056,6056,0,1a00ecff0000000000000000ecff0c00fafffaff0c00feffe4fff4ff0e00feff,e6fff6ff0c000c004c000000eafffaffc0fff2ff540064002c000c00ecff0c00,1e00ecfff6ff14000000000004001400faffdaffeeff2a0000001000f6ffe6ff,0000ceffdaff1600fafffaff1400f4ff566e0cb12c9c1a6ed233829b22112633
6057,6057,0,0a001a0000000000f2ff00000c00fcffdaff2c00e2fedeffe4fff4fffeff0e00,04003200faff1c003e00e2ff0a00fafff2ff0400060036001c001c00ecffdcff,0e00ecfff6ffe6ffdeffceff24002400daffeaffeefffeff2000eeff16000600,000010001600daffc8ff2c000400e4ff7833b09b3a1140347cb16610206e5ab1
6058,6058,0,fcfffcff00000000000000000c00ecffdaffbaffe2fe1c001200e4fffeff1e00,f6ffd6fffaff0c00e2ff2e001a000a00e2ff0400f8fff8ff4c000c000c00dcff,0e002e00140004002000eeff0400f4ff2800faffeeffe0ff100020002600f6ff,deff10004600cafffaff0c00d4ff04005cb12610ea6d14b0829b686e1634129c
6059,6059,0,fcfffcff2000defff2ff0000ecfffcffdaffdaffeeffeeffe4ffe4ffeeffeeff,140014003c00faff2000e2ffeaff5a001400040026000600faff0c000c00ecff,ecff0e001400040000001000040014002800fafffeff0c002000eefff6ff0600,00001000dafff8ff0c00daffe4ff0400809b566ec0341c9c320fa2343ab23810
6060,6060,0,fcffdcff0000000000000000ecffecffcaffcaffceff2c0102000200ceff1e00,e6ff14001c001c00f2ffd4fffafffafff2ffd2ff160016000c001c00ecffdcff,fcff1e00f6ff32000000000004001400faffeaffeeff0c00eeffeeff0600f6ff,0000deffcaff06000c00daff0400f4ff800fd63422b1aa10486ed0b2409b106e
6061,6061,0,fcffecff10001000100010000c001c00cafffaff0c00eeff2200e4fffeffceff,f6ffe6fffaffeaffd4fff2ff1a000a000400f2ff160016001c000c001c00fcff,0e001e0014000400eeffdeff14001400faffdaffeefffeff2000200016004600,1000eeff1600f8ffdaffeaff2400e4ff466e56b2bc9bda6d6235229b580fbe34
6062,6062,0,fcfffcff000000000000f2ff0c000c00caff0c00eeffdefff4ff3000fefffeff,f6ffe6ffeaffeaffe2ff2e000a00faff04000400f8fff8ff0c002c00ecffdcff,0e00fcfff6fff6ff00001000e4ff0400faffdaffe0fffeff000020003600f6ff,eeffdefff8fff8ffeaff0c001400b4ff4635f09a34106c3620b3d20de06d8ab2
6063,6063,0,fcfffcffeeffceff00002000ecff1c00dafffaffe2fec2fe12000200deff2e00,f6ff04000c00eafff2ffd4fffaff1a00f2ff04006400f8ffbaff0c001c000c00,dcff0e000400220010000000f4ff14002800eaffeeff0c00deff0000e6ffe6ff,eeff10000600baffdaff2c000400f4ff96b25e0e246da2b1e29a386ede35409b
6064,6064,0,fcffecffeeff1000e2ff2000fcffdcffaafffaffceffeeff1200f4ff0e00beff,0400f6ffeaff0c000000e2ffdaffdafff2ffe2ff06003600fafffafffcffdcff,ecff0e00140004000000eeff0400f4ff08000800e0ff0c0040000000e6ffe6ff,10002000e8ffdaff2c00eaffe4ff4400c09a266ebc363c9b020e823636b3c80e
6065,6065,0,0a00ecff00002000100010000c000c00caffcaffeeff0c0002001200defffeff,14001400eaff0c00f2ffe2ffeaff1a000400f2ff1600f8ffcaffeaff0c00fcff,0e000e00f6ff0400deff00002400f4ffccff08000c00eeffeeffdefff6ffe6ff,eeff0000caff1600faffdaffe4ff0400920d223650b2540fe86d00b3a09ac06d
6066,6066,0,1a00ecffceff0000f2fff2ff0c000c00daff0c00d2fefeff120012000e00feff,e6fff6fffaff0c00c4ff3e000a00faff2400f2ff0600d8fffaffeafffcfffcff,1e000e00f6ff04000000200014000400ccfffaffeeff0c0000000000f6ffd6ff,1000cefff8ff1600eafffaff2400d4ff266e36b3ec9a346db236429ac20dae35
6067,6067,0,1a000a00eeff0000d2fff2fffcff0c00dafffaffeeffeeff3000e4ffeeff2e00,f6ff14002c001c00f2ffe2ff0a006a00f2ff0400060016000c001c00dcfffcff,0e00dcff04000400eeffeefff4ff0400daff1800feff0c002000eeff1600f6ff,eeff100006000600b8ff1c00e4ff0400e236709a760e9c3742b4720da06da6b3
6068,6068,0,fcfffcffeeffeefff2ff1000fcffdcfffaffeafffeff0c00020012002e00feff,f6ff14001c001c002e000000faff0a001400f2ffe8ff1600faff0c00ecff0c00,fcffdcffe6ff040010001000140014001800ccfffeffeeff2000eeff06000600,deff10001600caffdaff3e000400f4ff54b4020de46ce6b2429ae86dae36709a
6069,6069,0,ecffecff000000000000e2fffcfffcffeaff1c00e2feeeff0200f4ff0e00eeff,f6ffd6fffaff1c00d4ff20001a000a000400f2fff8ff2600faff0c000c00dcff,fcff0e000400f6ff1000deff0400f4fffafffaff0c00feff0000eefff6fff6ff,00001000f8ffe8ff1c00eaffe4ff0400409af66d0c38ac9a520c123766b4e00c
6070,6070,0,bcfffcff0000eeffe2ff0000ecffecff0c00daffe2fefeff1200e4fffeff2e00,14001400daffeaffe2ff00000a001a00d2fff2ff360036000c000c00ecfffcff,fcfffcff0400f6ff0000eeff14002400eaffeaffeeffeeffeeff20001600f6ff,2000eeffdafff8ff1c00daff0400f4ff2e0c02378eb5360e186e02b5109ad06d
6071,6071,0,ecff0a000000eeffe2fff2ffecfffcff1c002c00eeff5c00020012001e00eeff,e6ff14002c001c00f2fff2ffdafffaffe2fff2ff0600f8ff0c002c00fcfffcff,0e00dcfff6ff140000000000e4ff04000800ccffe0ff0c00100000000600f6ff,10000000f8ff16000c00eaff040024007a6da6b4469a946c5638229ae80b7637
6072,6072,0,fcfffcff00000000f2ff1000fcfffcffdaff0c00e2fedeff12001200feffdeff,1400e6fffaff0c00f2ffe2fffaff0a00e2ff1400e8ff06000c000c001c00ccff,fcff1e00040004002000000014001400faff08001c00eeff000000003600e6ff,10002000e8ffe8ffeaff1c000400c4ffb838b699c80a923912b5520a806dbeb4
6073,6073,0,fcfffcff000000000000f2ffecffecffdaffcaff0c00eefff4ff1200eefffeff,e6ff0400faffeaff0000f2ff0a000a000400f2ffd8ffe8ff1c000c00ecff0c00,0e001e000400f6ffeeffeeff04001400faffdafffefffeffeeff10000600e6ff,deff20004600f8ffeaff1c00d4ffd4ffa4b55e0b946c5eb61e99666d6838f099
6074,6074,0,1a000a000000eeffd2fff2fffcff1c00eafffaff0c00eeff0200f4fffeffeeff,240014001c000c00e2ffe2ff0a00faff1400f2fff8ff36001c000c000c00ecff,fcffdcff14000400100010001400f4ffeaff3600e0fffeff10002000e6ff0600,deff00001600e8ff0c00faffe4ff240066992a6d183aae99be09b639beb59c0a
6075,6075,0,fcff0a000000eeff000000000c003c00faff1c00eeffeeff12003000eeffeeff,d6ff24000c002c00e2ffe2fffafffafff2ff0400060006002c002c009cff0c00,0e001e00f6ff040000000000140014000800fafffefffeff1000100006000600,1000eeffdaff1600eaffdaff140044002e0bf8384ab7180a266da2b57099606d
6076,6076,0,fcffecff000000000000d2ff0c000c00fafffaff1c01eefff4ff3000eeff0e00,f6fff6fffaff1c002000f2ff0a000a003600f2fff8fff8ff1c000c001c00ecff,0e000e000400f6ff00000000e4ff24001800faffe0fffeff2000eeff0600f6ff,1000eefff8ff1600faffeaff240004001a6d90b66e99b46c5639de98ec092839
6077,6077,0,2a001a0000000000100000000c00fcffdaffdafffeffdefff4ffd4ff0e002e00,140004000c000c000000d4fffafffafff2ff1400d8ff54001c000c00ecff0c00,8cffdcff1400f6ffeeffeeff14001400faffdaffeeffeeff0000eeff26002600,eeffeeff5400daffdafffaff1400c4ffb8391699a208a83ad2b66e09106d8eb6
6078,6078,0,fcff2a001000eeffe2ffe2ff0c00fcffcaffdaffe2feceffe4ff0200fefffeff,04001400faff0c0020003e00fafffaffd2ff140016000600eaffeaff0c00dcff,0e001e0004000400deffeeff0400240008000800eefffeff10004000e6fff6ff,ceff5800f8ffcafffaff1c00f4ff0400f0b67409266caab7be98f66cc8392099
6079,6079,0,0a00dcff10001000f2ff1000ecffdcff2c000c00eefff2fe1200e4fffeff0e00,f6ff0400faff1c00e2ff1000fafffaffe2ff0400f8fff8ff1c001c00ccffecff,fcffdcff040004000000eeff140014000800eaffeefffeffeeffeefff6ff0600,deff3000f8fff8ff1c00fafff4ff040006990a6de63a5e997e081a3aaeb67c09
6080,6080,0,fcfffcff00000000f2ff2000dcffdcff1c000c00e2fe0c00e4ff1200feff2e00,14000400daff0c00e2ff00000a000a00f2ffe2ffc8ff1600fafffafffcffdcff,ecffdcffe6ff1400eeffdeff04000400eafffafffefffeff2000100016003600,3000eeffdaff16003e00eaffe4ff1400c408723adab7f207e66c28b8e098006d
6081,6081,0,fcff0a00eeffdeff00000000ecfffcfffaff0c00d2feeefff4ff40001e003e00,04000400eaff0c004c00f2ffeaff0a00e2fff2ff540006001c000c00fcffdcff,0e00dcff04000400eeffeefff4ff2400faff0800eeff0c002000200006001600,0000cefff8ff1600eaffeafff4ff1400ca6cd6b7d098166c1a3bbe989208483a
6082,6082,0,0a00fcffeeff0000f2ff1000fcfffcff0c00faffdeff0c00e4ffd4ff0e000e00,e6ff14000c00faffd4ffd4fffaff0a000400040006000600fafffafffcffdcff,0e00fcff14000400eeffeeffe4ff04000800fafffefffeff100000002600f6ff,000000001600daffc8ff0c003400e4ff123b6698f206c63b28b8ea06b06cd6b7
6083,6083,0,0a000a0020001000c2ff0000ecffecfffaffcaff2c000c00f4fff4ff1e00deff,f6ff2400eafffaff20002e000a000a000400f2ff06004600faff1c00ccffdcff,ecffdcff1400f6ffeeff100014001400eaffdaff0c00eeff00003000f6ff0600,eeff10000600dafffaff2c002400040026b89e07066ccab8da97b66c4a3b3e98
6084,6084,0,fcfffcff00000000f2ffc2ffecfffcfffaffdafffeffeefff4ff0200feff2e00,f6fff6ffeaff0c002e00e2fffafffafff2ffd2ffe8ff26000c000c00fcffacff,ecff0e00f6ff04001000deffe4ff24000800daffeeff0c00ceff00000600f6ff,00001000f8ffdaffeaff0c00e4ff34003698ca6cf63ce098ba065c3ce6b77207
6085,6085,0,fcffecffeeff10002000f2fffcffecffdaffcaffeeffeefff4ffd4ffeeff3e00,e6ffe6ffdafffafff2ffe2ffeafffafff2ff140016003600eafffafffcfffcff,fcff1e00f6ff04000000100014000400fafffaff0c001c0010000000d6ff0600,00001000f8fff8ff2c00eaffe4ffe4ffb406763c2ab9e405c66cc8b8fe97906c
6086,6086,0,2a001a00eeff1000f2ffe2ff0c000c00bafffaff1c00eeffd4ff30000e000e00,f6ff0400faff0c00f2ff2000fafffaff14001400060016000c00faffbcffdcff,fcff0e00f6ff1400eeff0000140004000800eafffefffeff2000eeff0600f6ff,0000deffdaff0600fafffafff4ffe4ff8a6ce6b83098966b9c3c7a9790061a3c
6087,6087,0,fcff0a000000ceff1000e2fffcff1c000c00faffeeffeeff2200f4ff0e00feff,e6ff1400faffeaff0000f2ffdaff0a000400140026002600faff0c00ccff1c00,fcffdcff04001400eeffeefff4fff4ffdaffeaffeefffeff2000eeff26001600,100000000600f8ffc8ff3e0044000400063df6978605263d58b97a06086cf8b8
6088,6088,0,fcff0a000000eeff00000000fcfffcfffafffaffeeff0c003000f4fffeff2e00,d6ff0400eafffaff2000f2ff0a000a000400f2ff160016000c00faffccffacff,0e00fcff1400f6ffdeff1000f4ff1400ccffdaff0c00feff00003000d6fff6ff,ceff20001600daffdaff0c000400040086b90406566bd8b96a97766c123dce97
6089,6089,0,fcffdcffeeffceff1000f2fffcffecfffafffaffeefffeffe4ff12001e00eeff,1400e6fffaff0c002000e2fffaff0a00f2ff0400060036000c00faffecff0c00,0e00dcff1400f6ffeeffdefff4fff4fffaffbcffe0fffeff00000000e6ff0600,eeff1000e8fff8ff0c000c00e4ff44008097886b363d10983c05ac3c68b9b005
6090,6090,0,fcff0a000000000020000000ecfffcfffaff0c00eeffeeff1200e4fffeff0e00,04002400eaffeaffe2ff20001a00eafff2ff1400f8ff16000c000c00ecffecff,0e001e000400140000000000e4ff0400daffdaff0c00eeffdeff200036000600,10002000daff06000c00daff14002400c804a63df6ba9604566c5cba9e97e86b
6091,6091,0,fcff3a0000001000e2ff1000fcffecfffafffaffeeff0c00220002001e000e00,0400f6ff0c000c00e2ff4c000a001a00240004000600f8ff0c00fafffcfffcff,fcffecfff6fff6ff1000eeff140004001800ccff0c001c00300000000600e6ff,2000ceffbafff8ffeafffaff24002400686bc6b9b097e66afc3d2a971005a23d
6092,6092,0,ecff0a00000010001000f2fffcfffcfffafffaffe2feeeff12000200deffeeff,f6fff6ffeaff3c000000e2fffaff0a00f2ff0400160046000c00eaffecff0c00,0e00fcfff6ff1400eeff0000f4ff0400280028000c00feff400030000600f6ff,1000ceff0600f8ffb8ff1c003400d4ff623e4097e603d23e8cbacc03d86b78ba
6093,6093,0,3a002a000000eefff2fff2ffdcfffcfffaff0c00c2feeefff4ff0200eeffdeff,f6fff6ffeafffafff2ff3e000a000a00f2ffe2ff36004600fafffaffecfffcff,dcff0e0004000400eeffeeff04000400eafffaff0c00eeff0000400006000600,deff20000600baffeaff1c0024000400e0ba6804c66a36bbda96266c123e2e97
6094,6094,0,0a002a000000000010000000fcff1c00caffdaffeeffc2fe020030001e00feff,e6fff6ff0c000c002e00e2fffaff1a001400f2ff26004600faff0c00dcfffcff,0e00fcff14000400deff0000040014002800eafffeff0c001000eeff06000600,00001000cafff8fffaffeaffe4ff44000097286bf23e9097fa020c3ff8ba1804
6095,6095,0,1a001a00000000002000e2ffecfffcffdaffdaffeeffeefff4ff0200deffceff,140004000c001c00f2ffd4fffaff0a0014001400260036003c00fafffcffdcff,fcffecfff6ff14000000eeff040004002800eaffeeffeeffeeff1000f6ff4600,58000000dafff8ff0c00faff2400e4ff3203d23ec6bb1603066c0cbb0e97986b
6096,6096,0,2a002a0000000000f2ff4e00fcfffcffeafffaffe2fe0c00f4ff0200eeffceff,f6fff6fffafffaff4c00f2ff2a00fafff2fff2ff160006000c000c00dcffdcff,0e000e000400220000000000e4ffd4ffdaffeaffeeffeeff10000000e6fff6ff,0000ceffdaff06000c00faff0400d4ff086ba0bb6097766afc3e8a964803823e
6097,6097,0,fcff2a0000000000100010001c001c00daffdafffeff0c00e4ff12000e00feff,0400f6ffdafffaff0000e2ffbaff0a0004001400160046000c001c00fcff3c00,ecff1e001400f6ffeeff300004001400eafffaffe0fffeffeeff000016000600,0000eeff0600e8ffb8fffaff1400c4ff323fe0968802823f2ebcea02486beabb
6098,6098,0,0a00fcff0000100010000000ecff0c00daff1c00e2fe2c0022001200fefffeff,f6ff1400dafffaff0000e2ff0a000a0014000400160006000c000c00dcffecff,1e009cff140004000000deff04001400eaff0800fefffeff10000000f6ff0600,deff10005400caff0c001c00e4fff4ffa0bb2202b66a36bc5a96b66b8a3fb696
6099,6099,0,fcff2a000000deff0000e2fffcff0c00faffcafffeffeefff4ffe4ff0e00feff,2400f6ff0c00eafff2ff2e00faff1a000400f2ff2600d8ff0c000c00dcffdcff,0e000e0014003200eeff0000f4ff0400daff0800eeffe0ff00002000c6fff6ff,00001000f8fff8ff2c00eafff4ff04009096f86a224010971a028c3f5abc5c02
6100,6100,0,fcff2a0010001000200020000c001c00faffbaff1c00e2fef4ffe4fffeffdeff,04000400faffeaff0000e2ffeafffaffe2ff040026004600fafffaffdcffdcff,ecfffcff1400f6ff1000100004001400fafffaffeefffeff1000200006002600,0000eeffdaff16001c00eaffe4fff4ff1801584064bdc201b66bdebc2696186b
6101,6101,0,ecff0a00000010000000f2ff3c002c000c00baffceff0c0022000200eeff0e00,f6ff14000c001c00f2ff0000faff0a0036004600260026003c00eaff1c00fcff,dcfffcfff6ff1400ceff00001400e4ff2800faffeeff0c000000eefff6ff1600,1000deff0600f8ff1c00fafff4ff1400986a44bd7296566a10419a953c016c40
6102,6102,0,fcfffcff10000000e2ff0000fcfffcfffaff1c00eeffe2fe02003000eeff0e00,140004001c00faff20001000faff0a00f2ff1400060046000c002c00ecffecff,1e001e00f6ff04000000eeff14002400fafffafffeff0c0000001000f6ff1600,eeff00001600daffeaff0c0004000400d84090964400b0403ebde600e86a32bd
6103,6103,0,2a002a000000eefff2ff00000c00fcfffafffaff0c000c0002001200deffceff,0400f6ff0c00faffe2ffe2ffeaff5a00d2ff0400460016000c00eaffdcff0c00,fcff1e00040004001000eeff04000400fafffaff0c000c0010003000f6ffe6ff,deff20000600e8fffaff1c00f4ffe4ff84bd6800366ad4bd9a95866b0c410696
6104,6104,0,fcff0a0010000000200000000c00fcffdaffdaffe2feeeff300012001e00feff,f6ff1400fafffaffe2ff2e00eafffaff0400f2ffe8ff46000c001c00fcff0c00,fcfffcfff6ff0400eeffeefff4ff1400eafffaff0c00feff0000200026001600,deff5800e8ffe8ff3e000c00d4ff2400b295486a8e41249636001442b2bd9c00
6105,6105,0,fcfffcff00000000f2ff1000fcff0c00daffdaffceffeefff4ff0200eefffeff,0400e6ff0c000c003e00f2ff1a000a00f2ff0400460026000c002c00dcffecff,fcff0e00f6fff6ff20000000f4ff0400faff0800feffe0ff0000deff26000600,1000eeffdafff8ff0c00faff1400040008008841b2beb6ffa66bcebdf6958c6a
6106,6106,0,2a001a000000eeff0000e2ff0c001c000c000c00ceffeeff400040000e00feff,040004001c00eaffe2ff2e000a005a00e2fff2ff0600e8ff0c00faff3c00fcff,fcfffcff140014000000eeff1400f4ffdaffdaff0c00feff00000000e6ff1600,2000eeffdafff8ff0c00daff24001400286a80be7296066a04421a95aaffbc41
6107,6107,0,0a000a0020002000f2fff2ffecff0c00faff0c00eeffe2fe30002200deff0e00,140014001c000c0000000000faff0a000400b0ff260006000c000c001c001c00,1e009cff14001400eeffdefff4fff4fffaffeafffeff1c002000defff6ff0600,eeffeeff16000600eaff2c00e4ffe4ffa841a295d6fe9442eebe50ff3c6a92be
6108,6108,0,0a001a0000000000100010000c00ecffdafffaffc2feceff3000f4ffeeffeeff,f6ffe6ffeafffaff2e00e2ff0a00fafff2fff2ff160026000c00fafffcff1c00,2e008cff0400f6ffeeff2000040004004600dafffeff0c00000000003600e6ff,eeff20006400dafffaff1c00d4ffe4ff10bfc0fe726970bf6a95c2697c424695
6109,6109,0,1a00fcffeeff1000f2fff2ff0c000c002c001c00e2fee2fef4fff4fffeffdeff,040014002c000c00e2ff20000a001a0014001400060016001c001c000c001c00,0e000e001400e6ff1000deff040014001800eafffeff0c00eeffdeff06001600,eeff2000e8ffbaff2c000c00d4ff240062958e694443d49590fe84425abfc2fe
6110,6110,0,0a002a001000eefff2ff10001c001c00faff1c00e2fee2fe02001200feffceff,e6ff14000c001c00f2ff0000fafffaff04001400e8fff8ff0c000c00dcff0c00,dcff0e000400f6ffdeffeefff4ff1400daffccfffeff0c000000eeff1600e6ff,2000eefff8fff8ff0c00daffe4ff140050fe1243f0bfe8fdc26942c066951c6a
6111,6111,0,0a000a000000000010001000ecfffcfffaff0c000c00e2fe02000200ceffeeff,f6fff6ffeafffaff0000f2ff0a001a00e2fff2ff540006000c000c00fcffecff,0e000e0014000400eeffdeff04000400daffdafffeffeeff20001000d6ff1600,2000deff060006000c00fafff4ffe4ff4c6916c0d49542695443ca94c2fd6843
6112,6112,0,ecfffcffeeff00001000f2ffecff0c00fafffaffe2fefeff020022002e00eeff,d6ff14000c000c00e2ff3e000a00faffe2ffd2ff540036000c000c00ccffdcff,0e00fcff040004000000000034001400daffeafffeffeeffeeffeeff06000600,eeffdeff0600daffeaff2c001400b4ff7243529588fd224402c080fcbc69fabf
6113,6113,0,fcfffcff1000000020001000dcffecff0c00faffe2feeeff020040000e000e00,04000400faffeafff2ff3e00faff0a0036001400060026000c00faff1c00ecff,fcff0e00f6ff1400eeff000014002400daffdaffeefffeff3000000016001600,eeff0000e8ffe8fffaff3e0024000400b6c044fd2269c0c08a947269d8431695
6114,6114,0,fcfffcffeeffeefff2ff1000ecff1c00daffdaffeeffe2fe02000200feffdeff,0400f6ff2c000c00f2ffe2ff0a00eaffe2ffe2ff460026000c004c000c00fcff,0e000e00040014002000eeff0400e4ffeafffafffefffeffdeffeefff6ff1600,ceff5800f8fff8ff0c000c00c4ff540064943c692244849580fce6447cc0e2fc
6115,6115,0,2a000a0000000000f2fff2ff0c001c000c000c00e2feeeff02000200deffeeff,04000400eaff1c0020003e00eafffafff2fff2ff0600f8ff0c00faffccffccff,1e00fcff0400220010001000d4ffe4ffdaffdaffeeffe0ff30001000c6ff0600,10000000caff16002c00fafff4ff2400c4fc924350c1eafc026942c026956c69
6116,6116,0,1a001a00deff10000000f2fffcffecffbafffaffe2fee2fe0200e4ffeeffdeff,0400d6ffeaff0c00e2ff2e000a000a00f2ff0400e8fff8ff0c00faffdcff1c00,1e000e0022000400eeff00001400d4ffeafffafffeff0c002000eeff36001600,5800cefff8ff06000c00faff3400d4fffc6836c15495b26876447a948afc4844
6117,6117,0,0a000a000000000010002000fcff0c00fafffaffe2feeeff3000f4ff0e00feff,f6ff14000c00faffd4ffe2fffaff1a0004001400f8fff8ff0c000c002c00ecff,ecff0e00f6ff140020002000f4ff1400faffdaffeeffd0ff0000deff0600f6ff,0000ceff0600e8ffc8ff1c002400c4ff0a452694aafbd24452c1f0fb2c694cc1
6118,6118,0,1a000a000000eeff000000001c00fcffdaffdaffe2fef2fe2200f4fffeffeeff,e6ff1400faffeaff3e00e2ff1a00faffc0ff040006002600faff1c00dcff1c00,0e00fcff04001400deffdeff0400f4ffeaff28000c000c00200020001600f6ff,ceff20005400dafffaff2c000400e4ff20c232fba268b0c10a94f2684045ae94
6119,6119,0,0a000a000000defff2fff2ffecfffcff0c00caffeefff2fef4ff3000defffeff,e6ff14001c001c00f2ffe2ff0a000a001400e2ffd8ff36000c000c00ecfffcff,fcff2e000400f6ffeeff0000e4ffe4fffaffeafffefffeff200020001600e6ff,ceff10000600e8ff2c00faffe4ff1400c693ac68c245f4944efa16450cc2aafb
6120,6120,0,0a002a0000002000f2ffe2ff0c000c000c00baffe2feceff12001200eeff0e00,f6ffe6ffeaff0c000000f2ffeaffeafff2ffe2fff8ff06002c001c000c00fcff,ecff2e00f6fff6ff1000eefff4ff0400eafffaffeefffeffeeff200016001600,eeffdeffbaff16001c00eafff4ff1400a2faca457ec2aafaf268a6c25e940c69
6121,6121,0,0a00fcffbeffeefff2ff10000c00ecff0c00dafffeffeeff12000200eeff0e00,e6ff14000c000c00f2ffe2ff0a00fafff2ff0400160026000c00dafffcff0c00,0e000e00f6fff6ffeeffdeff340024002800faffeeff0c0000001000f6ff1600,2000eeffbafff8ff0c00daff240004005c68c0c29494526886461a94fafae045
6122,6122,0,2a000a00eeffdeff0000f2ff0c000c00faff0c00eeffeeff020002000e000e00,e6ff04002c00faff0000f2ff0a000a001400d2ffe8ff1600fafffaffdcfffcff,dcff0e001400040000000000f4fff4fffafffaffeeffeeff3000eefff6fff6ff,eeffdeff0600e8ffdaff0c003400b4ffc646c6937afa4046a2c33af962687cc2
6123,6123,0,fcffecff200000001000f2ff0c00dcfffaffbafffeff0c000200f4fffeffeeff,f6ff1400eaffeaff2e00e2ff1a00faff0400f2fff8ffe8ff1c00faffecff1c00,0e001e0014002200eeffeefff4ffe4ff0800ccffeeffeeff00002000f6fff6ff,deff00001600e8fffaff3e00e4ffe4ff20c398f9606732c38893926890462e94
6124,6124,0,2a001a0000000000f2ff1000ecffdcff0c00faff0c00eeff120012000e00ceff,0400f6fffafffaff0000f2ff0a00faff0400f2ff160026002c00caffdcffecff,fcfffcfff6ff22000000deffd4fff4fffaff0800eefffeffeeffdefff6ffe6ff,ceff10001600e8ff0c00faff0400240076933c68ee46a494baf84447a8c378f9
6125,6125,0,0a000a00000000000000f2fffcfffcfffaffcaffdefffeff02003000ceff0e00,04000400eaff1c000000f2ff0a00faff2400f2fff8ff26003c00faff1c00fcff,1e001e00f6fff6ffdeff0000040004000800faffeefffeff000020002600e6ff,10000000dafff8fffafffaff4400240088f81647d2c366f9326834c4ee933268
6126,6126,0,2a00fcff1000deff00000000fcff0c00fafffaffceffdeff12000200fefffeff,040004000c000c00f2ff0000eafffaff1400e2ff3600f8fffafffaffacfffcff,0e003e00f6ff0400eeffeeff0400f4ffdaff36001c000c001000eeff06000600,1000eefff8ff16000c00eaff240004001c68e2c37494a06794476893b8f88247
6127,6127,0,ecfffcff00000000f2ff00000c00fcff0c00eaffeeffceff120022002e00feff,f6ff04001c001c00e2fff2fffafffafff2fff2ff4600f8ff0c000c00ccff1c00,0e002e00f6ff14002000100014000400faff08000c000c000000eefff6ffe6ff,eeffceff1600f8ffdaff2c002400e4ff0c486693b6f83e4750c5baf8d26708c4
6128,6128,0,1a002a00eeff2000100000000c00fcfffaffdaffeeffd2fe12001200eefffeff,f6ffd6ff2c000c002e0000001a000a00e2fff2ff160006002c002c000c000c00,1e001e00f6ff0400eeff100014000400ccffdaffe0ffeeff000000000600e6ff,eeff10000600f8ffeaff1c001400140030c4c6f73067e2c438939e670248de93
6129,6129,0,2a002a00200010000000e2ffecfffcffeaff0c00e2fee2fe02003000feff1e00,0400e6ff0c000c002e0020000a000a0014000400e8ff3600eaff1c000c00ccff,0e000e00f6ff04002000deff04000400fafffaffe0ffeeff20000000f6ff1600,000030000600e8ff0c000c0004002400369366674e48149456f7184800c5d6f7
6130,6130,0,1a003a00000000000000e2ffecff0c00fafffaffe2feeeff12001200eeffeeff,14001400faff1c00e2ff2e00faff0a000400f2ff460036000c00faffecffacff,0e000e00040004000000deff14001400eaff0800eeff0c002000deffe6fff6ff,10000000060006001c00daffe4ff540006f87c4822c5def77e6760c67e93b267
6131,6131,0,0a001a001000eeffe2fff2fffcfffcff1c00dafffeff0c0012001200feffeeff,f6ff1400fafffaff20002e00eafffaff0400e2ff16000600baff0c00dcff0c00,0e009cff220004000000000004001400eaffdafffeff0c00eeffeeff16000600,3000deffdaff4600eaff0c0024000400166748c5e493c066d8484893bef69248
6132,6132,0,2a000a00eeff0000f2fff2fffcfffcff1c000c00feffc2fe220012002e00feff,04000400eafffafff2ff10001a001a00f2ff0400f8ff26001c00caffecffccff,fcffdcff040004002000000014000400faff0800e0ffeeffeeffeeff16000600,0000eefff8ffe8ffeaff1c00140004002c49f69220f76e48c0c666f63267f0c5
6133,6133,0,0a000a00deffdeffe2ff00003c00fcff0c00aaffeeffe2fe120012000e00deff,04000400fafffafff2ff2e001a000a00f2fff2ff36001600fafffaffbcff0c00,0e000e00f6ffe6ff1000000014000400eafffaff1c001c000000eeff06000600,deff20001600baff0c001c00f4ffd4ff6cc670f6b266f0c5c8925e671c49f292
6134,6134,0,fcfffcff0000eeff10001000ecff0c000c00faffcefffeff12000200feffeeff,1400f6ffeafffaffe2ff2e000a000a000400f2ff060016000c00faff0c00fcff,1e00fcfff6fff6ff1000eeffd4fff4ffccfffaffeefffeff1000defff6ff3600,deff3000e8ffcaff0c000c00c4ff0400b692f666fe48a49336f69a4940c65ef6
6135,6135,0,0a002a00eeff00000000f2ffdcfffcffdafffaffe2feceff400022000e00eeff,1400e6fffafffafff2ff0000fafffaff1400040046000600faffcaffecff0c00,0e00fcfff6ff1400000010001400f4ffeaff2800e0ff0c00eeffeefff6ff1600,00001000daff16001c00eaffd4ff040044f59c4940c632f6ee66b0c602933267
6136,6136,0,0a002a000000deffe2fff2fffcfffcffdafffaffdeffe2fe12001200eeffeeff,e6ff04000c000c00e2ff00005a00faff1400f2fff8fff8ff0c00faff2c00ccff,fcff1e001400f6ff0000bcff040014005600faffeeffeeff20002000f6fff6ff,1000eeffdaff06000c000c001400f4ffb6662cc7e49392662e4ad8927ef5fa49
6137,6137,0,0a00fcff00000000e2fff2ff1c00fcffdaffcaffdeffeeff12003000eefffeff,f6ff04000c00eaffe2fff2ff1a00eaffd2ff140036001600eafffaffecff0c00,0e000e000400f6ffdeffceff04000400eaff08000c00feff2000000006000600,eeffeeff16000600faff2c00f4ffe4ff564a969252f5544a30c7e6f5c26618c7
6138,6138,0,ecff0a0010001000f2fff2fffcffecff0c001c00f2fee2fe02000200feff0e00,f6fff6fffaffdaffe2fff2ff0a00faffe2ff040016000600faff0c00ccff0c00,0e000e00f6ff0400deffdeff240024000800faffeefffeff1000eeff0600f6ff,deff20000600e8fffaff1c00e4ffe4ffbcc7f4f422667ec7c8922e667a4ad292
6139,6139,0,2a00fcff1000ceff000000001c00ecffdafffaffeeffeeffe4ff02000e00deff,14000400faff0c00d4ff20000a000a00f2ffe2ff16000600eaffeafffcffdcff,1e000e0014001400100000001400f4ffeaff08000c000c000000eeffe6fff6ff,ceff5800e8fff8ff2c00faffe4ff040056925666844a849346f48e4af2c70ef5
6140,6140,0,0a000a00eeffeeff00000000dcfffcfffaffdaffeeffc2fe02000200eeff2e00,f6ff04000c00eaff200000000a00faff0400e2fff8ff36002c002c00dcfffcff,0e00fcff040014000000100014000400fafffaffeeffeeff00000000f6ffe6ff,00000000bafff8ff0c00eaff0400340028f3464beec7c2f47e66d4c8d2924c66
6141,6141,0,1a000a00100000001000f2ff1c00ecfffafffaffeeffceff1200f4ff0e00ceff,3200f6ff1c00faff2e00f2fffafffaffe2fff2ff260054002c000c000c00fcff,3e00dcff0400f6ffceffeeff34000400bcfffaff0c000c001000eeffd6ff4600,1000beffcaff0600eaff1c000400e4ffba65b2c836935465ce4b6892b6f32e4b
6142,6142,0,1a000a000000defff2ff2000fcff1c000c002c00eeffc2fef4ff0200feff2e00,14001400faffeafff2ff10000a000a0014001400f8ff3600eaffcafffcfffcff,0e00fcff0400f6ff00000000f4ff0400eaffdaffeeff0c00deffeeff1600f6ff,eeff00001600f8fffaff1c002400e4fff84b769234f4e44a34c914f23c66fcc8
6143,6143,0,0a001a0010000000f2ff1000ecffdcff0c00caffe2fedeff30000200eeffdeff,0400f6ff1c000c00f2ff3e00faff0a00e2fff2ffd8ff0600faff0c00ecfffcff,ecff0e00f6fff6ffeeff10001400e4ff2800faff0c00eeff20002000e6ff1600,eeff20001600dafffaff0c001400f4ff62c9f8f2c4647cc83692fe65ce4b8292
6144,6144,0,ecff1a00100000003000f2fffcffecffdafffaffe2fe0c0030003000eeff1e00,04000400fafffafff2fff2ffeaffeaffe2fff2ff2600f8fffaff0c00fcffdcff,0e001e000400f6ffeeffdeff14000400eafffaff1c000c000000eeffd6ff0600,deff2000e8fff8ff1c00faffc4ff1400fc917a65044c2693b4f2be4c6cc9caf2
6145,6145,0,1a00fcffdeff0000f2ffe2fffcff0c00daffdaffe2fee2fe02000200defffeff,04001400eaffeaffd4ffe2ff0a000a00f2ff040006002600fafffafffcfffcff,1e00fcfff6ff0400eeff100034000400faffeaff0c00eeff1000000016000600,1000deffcafff8ff2c00daffc4ff340018f2bc4c0cc904f3de6574c982927065
6146,6146,0,1a001a0000000000f2ff0000ecff0c00faff1c00e2feeeff220002002e000e00,e6ffe6ffeaffeafff2ff2000fafffaffe2ff0400360016002c000c00fcfffcff,fcffecff04001400eeff1000240014001800eaffe0fffeff3000eefff6ff0600,0000eeffdaff1600faffeaff140034005a65c2c9e692c464ae4c2692a4f13e4c
6147,6147,0,fcffecffeeff1000e2ff0000fcff0c00eafffaffeeff1c0002001200eeff0e00,040004001c00eaff0000f2fffaff0a00e2fff2ff26003600caff2c00dcffecff,dcffecff14000400eeff100004000400daff1800eeff0c0010000000f6ffe6ff,0000eefff8ff0600c8ff1c002400e4ff3c4d4692d8ef344c88ca04f2e064ecc9
6148,6148,0,ecfffcffeeff0000f2ff2000fcfffcfffaffcaffe2feeeff400012002e00eeff,04001400eafffaff0000f2fffaff0a00f2ffd2ff0600f8fffaff1c001c00ccff,9cff0e000400f6ffeeffeeff04003400eaffdaff1c000c00eeff1000e6ff0600,deffeeff6400cafffaff6000d4fff4ffaccaeef0c464dcc92692c064e64cf291
6149,6149,0,1a002a00eeffeeff00000000ccfffcfffafffaff1c000c0022002200eeff0e00,040004000c00fafff2fff2fffafffaff040004002600f8ff0c000c00ecfffcff,1e001e00f6ffe6ff0000000004000400faff2800eeffd0ffeeff000016000600,0000eeff0600caff1c000c00040024008c91da64b24c0693b0f05e4d28cbbaf0
6150,6150,0,1a000a00100010002000f2ff0c000c000c000c00eeffe2fe300002002e00feff,1400f6fffaffeaffd4ffd4fffafffafff2fff2ff2600f8ff0c000c000c00fcff,dcffecff14000400deffeeff04002400eafffaffeeffeeff0000ceffe6ff2600,10005800caff06001c00daffe4ff04004cf09c4daccad0ee60642acc2292a064
6151,6151,0,fcfffcff000020000000f2fffcff1c00faffeaffd2feeeff02001200eeff0e00,140004001c00faff3e00e2fffaffdafff2ffe2fff8ffe8fffaff0c00dcffdcff,ecffdcfff6fff6ff2000000014002400ccff28000c00feff20001000f6ffe6ff,2000deffdaff0600faffdaffe4ff14008a64fecbf69284640e4e929150efba4d
6152,6152,0,fcfffcffeeffeefff2fff2ffdcfffcffeafffaffceffeeff02004000eeff0e00,f6ff0400faff0c00d4ff2000cafffaff0400e2ffc8ff1600eaffeafffcffecff,1e00fcff0400f6ff00000000040014002800daffeeff0c000000eefff6fff6ff,00000000f8ff1600eaff1c0004000400584e9c9180ee424d9acc1cef2864c8cb
6153,6153,0,fcffecff10001000f2fff2fffcffecfffaff0c00e2fee2fe120022001e000e00,040014000c00faff0000f2ff1a000a00e2fff2ff360026000c00eafffcffecff,ccfffcff04001400eeff4200140004000800fafffefffeffdeffeefff6ffe6ff,eeff1000f8ffcafffaff1c000400e4ff82cc36ef04649acb529110645a4ef291
6154,6154,0,fcfffcff0000000020001000dcff1c000c001c000c00f2fe120002000e00ceff,f6ff2400fafffafff2ffe2ffdaff0a00f2ff0400360036002c00caff0c001c00,ccff1e000400f6ff10000000140004000800eaffeeffeeffdeffeeffe6ff1600,eeff2000f8ffdafffafffaffe4ff14007c910664204e90923cefae4e58ccf0ee
6155,6155,0,fcff0a0010000000000010000c00dcff0c000c00e2feeeff02003000eefffeff,140024000c00eaffe2ff0000fafffaff04001400260046000c000c00ecffdcff,1e00fcff32000400eeff0000040014001800faff1c00feffdeff0000e6fff6ff,1000eeffcaff46001c00c8ffe4ff2400f6ee084fa2cce4ec6e639accc2910864
6156,6156,0,2a00fcffdeffeeff0000f2fffcfffcfffafffafff2feeeff12000200ceffdeff,f6ffe6ff0c00faff20003e000a00faff04000400c8ff16000c00fafffcffccff,ecff0e00f6ff14000000eeff2400f4ff0800dafffeff1c002000000016000600,1000ceffbaff54000c00daff14000400b66372cdc69276630e4f629188ee204f
6157,6157,0,1a002a00eeff0000f2fff2ff0c000c00faffeaff0c00feff2200e4fffeff0e00,04000400caff0c00f2ffe2fffafffaff36001400060006000c00eafffcffdcff,fcff0e00f6fff6ffeeff0000f4ff140008002800eefffeff0000eefff6fff6ff,10000000f8ffe8ffc8ff1c001400b4ff784f3c9184ed804ebacdacee686340cd
6158,6158,0,0a00fcff00001000f2fff2fffcfffcffeafffafffeffceff220012002e00feff,0400e6ff0c00faff0000e2fffafffafff2ffe2ff260064000c000c00dcfffcff,dcff0e002200f6ff0000100014001400eafffaffeeff0c00eeff0000f6fff6ff,deff00000600caffb8ffeaff240004007ecebaed466312cd7291ee62c04fc291
6159,6159,0,fcff1a00eeff0000000010000c00fcff8afffaffeefffeff4000e4fffeffdeff,14001400daff0c0000000000eaffeaffe2ff0400f8ff2600eaffeaffecff1c00,0e00fcff0400f6ff0000000024000400eaff0800fefffeffdeff0000f6fff6ff,deff300016001600faff0c00e4ff24005c91f462464f3092fced2e4ff0cd88ed
6160,6160,0,1a001a00100000000000e2ffecfffcfffafffaff0c00ceff12002200deffdeff,040004000c00daff2e00d4ff0a00faffb0ff0400f8ff16000c00eafffcff1c00,0e00dcff04000400100000000400f4ffdaffeaffd0ffeeff2000eefff6fff6ff,00002000dafff8ff1c00daffe4ff24006aed2e50b2cd34ec2e63facec2916863
6161,6161,0,ecfffcffeeff1000000000000c00fcff0c00daffeeffeeff12004000ceffdeff,14000400faffeaff20002000faff0a00f2ffd2ff06002600fafffafffcfffcff,ecffdcfff6ff04001000000014000400faff08001c00eeff000010000600e6ff,2000eeffdaff16000c00eaff240014008462aece3092c6629250229180ec3050
6162,6162,0,0a00fcff10000000f2ff10000c00ecfffaff0c000c00eeff120022000e00feff,14001400eaffeaffe2ffe2fffaff0a00f2ff1400360006000c00fafffcffdcff,1e000e00140014000000200014001400faffdaffeeff1c00eeff000036000600,0000eeff0600f8ffeaffeaff1400e4ff7e502c9136ebe64f1acf3cec9c62e8ce
6163,6163,0,2a00fcff0000100000002000fcffecff0c002c00e2fe0c0040002200deffeeff,d6fff6fffaffdaff2e00e2ffeaffeaff0400f2ff2600f8ffeaff0c00ccfffcff,0e001e00140004000000eeff04000400080008001c00feff1000eeff06001600,eeff00001600dafffaff0c000400c4ffd4cf5eeb5662aece1291ce62a0508291
6164,6164,0,0a002a000000eeff00001000fcff0c001c002c00d2fee2fe02001200eeff0e00,1400f6ff1c00faff2000e2ffdafffaff04000400f8ffe8ff1c00fafffcffdcff,fcff2e00f6ff0400deff00001400140028000800fefffeff200010000600f6ff,00001000f8ffe8ff1c000c00f4ff14000c912462b2524092fceb425188cf00ec
6165,6165,0,fcff1a001000000020001000fcfffcfffafffaffe2feeeff12001200feffdeff,14001400eafffafff2fff2ff0a000a00f2ffe2ff360054002c002c00ecfffcff,0e000e00f6ff2200deff00002400f4fffafffaffeeffeeff0000eeff06001600,10000000cafff8fffafffaff04002400ceea3e51eece36ea7e621ed042913c62
6166,6166,0,3a000a000000eeff1000e2fffcffecff0c00faff2c00e2fe30000200eefffeff,f6ff2400daffeaff0000f2ff1a001a00f2ff0400e8ff26001c000c00fcff2c00,dcff0e0004001400100010001400140028001800feffeeffeeffeeffe6ff0600,0000eefff8ff16001c001c002400e4ffb86164d02092e6614251029140eb8a51
6167,6167,0,fcff1a0000000000f2ff0000fcffdcfffaff1c00deffeeff30001200cefffeff,04001400eaffdaffd4ff00000a00faff04003600060006000c001c00fcffdcff,0e00ecfff6fff6ff0000eeff14000400180008000c000c00eeff30001600f6ff,0000eeff0600f8fffafffaff040004008e511c918ee9d2527ed0ccebfc6172d0
6168,6168,0,ecfffcffeeff0000f2fff2ff0c00fcffeaff0c000c000c00020012000e00feff,1400d6fffaff0c00e2ffe2ffeafffaffd2ff1400f8ff06000c000c00ecffccff,0e000e00140004001000100004002400ccffdafffeffeeffeeff3000f6ff0600,eeff30001600caffdaff4e00f4ffd4ffe4d07eead661fecfd2909a61fa513291
6169,6169,0,1a00fcffeeff10001000f2ff0c000c00faff1c001c000c00120030000e00feff,e6fff6fffafffaffe2ffd4ff0a00fafff2ff1400060036001c00caffecffecff,dcfffcff140014001000100004001400fafffaff1c001c000000eefff6fff6ff,deff1000e8ffcaff0c001c0004001400dc9018614253f0913ceb82519cd124ea
6170,6170,0,0a000a00ceff20001000d2fffcff0c00daffdafffefffefff4ff12000e000e00,e6ff0400eafffaffe2fff2ff0a00fafff2fff2ff360026000c00faffecfffcff,8cfffcfff6fff6ff0000eeff24001400eaff3600feffe0ffeeffeeff06003600,10003000caff06001c00faff0400f4ff84e958528ed0dee83a6152d2f8907c61
6171,6171,0,0a000a00deff00000000f2ff0c001c001c000c001c000c0040004000fefffeff,1400f6ffeaffdafff2fff2ffdaffeaff04000400460036000c00faffdcffccff,fcff0e002200f6ff0000eeff140004000800faffeeffeeff2000eeffe6ff0600,1000defff8ff5400fafffaff14000400286194d1c09130616652029174e97a52
6172,6172,0,fcff0a0000000000f2ff20000c000c00faff0c00feffeeff30000200deff0e00,f6ff0400fafffaff3e00f2ff1a00eafff2fff2ff160046000c003c002c000c00,fcfffcff1400220030001000f4ff1400eaffeaff0c000c00200000001600d6ff,0000eeff06001600eaff3e001400e4ff8852cc9010e8e25322d206e95c61bcd1
6173,6173,0,fcff0a00deff1000f2fff2ffecffdcffdaff0c00deffeeff02001200eeff0e00,e6ffe6ff0c00fafff2ffe2ff0a000a00140014002600f8ff0c00faffecffecff,ecfffcfff6ff1400eeff200014001400daff0800feffd0ff200010000600f6ff,ceff10004600daffeaff1c000400e4ff9ed262e8c260aad1f2902a616653a890
6174,6174,0,1a000a001000defff2ff2000fcfffcff0c000c00e2feeeff020012000e000e00,240024000c001c00e2ff3e00eaff0a00f2fff2ff36000600eaff0c00ecffccff,0e000e00f6fff6ff0000000004001400faff08000c00feffeeffdeff1600f6ff,eeff5800daffcaff0c000c00e4ff5400bc908860d254009206e9fc534cd2fae7
6175,6175,0,0a002a0020000000e2fff2ffccffecfffaff0c00eeffe2fef4ff2200eeffceff,e6ff04000c002c002e00e2fffafffafff2ff04001600e8fffaffcaffbcffecff,2e000e00f6ff22001000eeff04001400daff2800fefffeffeeffeeffe6fff6ff,0000eeffdaff46001c00c8fff4ff1400c2e76a53c0d260e78a60e2d2b890b260
6176,6176,0,fcff1a0010000000f2fff2ff0c001c00fafffaffe2fec2fe020050000e00feff,0400f6fffaff1c000000e2fffafffaffd2ff2400160006000c00faffdcff1c00,2e00fcff0400f6ff000020001400140036001800fefffeff00001000e6ff1600,eeffeeffdaff16000c00eaff0400f4ff486030d3d091d2604c544290dae7b653
6177,6177,0,74001a00100010001000f2fffcff0c00daffcaffdeff1c0040001200feffdeff,32001400dafffafff2ffe2ffeaffeafff2ffe2ff160046000c00faffccfffcff,0e000e0004001400deff1000240004000800dafffefffeff0000deff0600e6ff,eeffceff1600dafffaff1c000400e4ff32549c90c0e65055e4d388e75260ded3
6178,6178,0,2a001a001000eeff00000000ecfffcffeaff2c00deffceff22000200feffdeff,1400f6ff0c00faff2e002e00eaff0a000400d2ff46004600fafffaff0c00fcff,fcfffcff14000400eeffeeff04000400080008000c00eeffeeffeefff6ff1600,eeff1000f8ffdafffaff1c000400f4ffd0d30ce7dc5f60d58290b65f56548890
6179,6179,0,0a00fcff000000001000e2ffdcffecff0c00faffe2fee2fe30004000eeff2e00,14001400eafffafff2ffe2ffeaff0a0004000400f8ff36000c000c00ecff0c00,1e001e00220014001000000004000400eaff28000c000c00eeffeefff6ff0600,eeff10001600f8ff1c00faffe4ff1400ac9028606055c09138e67c545ed47ae7
6180,6180,0,fcff0a000000eeff0000f2ffecffecff1c00daffe2fefefff4ff02000e00eeff,24001400faff0c00f2ffe2ff0a00faff0400f2ff540064000c000c003c00acff,0e00fcff22001400000010001400f4fffaff28001c00feff00002000e6ff0600,10000000dafff8ff1c00c8ffc4ff340090e52655b0d5e2e5965f64d5c8908a5f
6181,6181,0,fcff0a00eeff2000f2fff2fffcffdcffcaffdaffeeffe2fe30000200eeff2e00,d6fff6ff0c00faff4c00f2fffafffaffe2fff2ff360036000c00eafffcff3c00,fcff0e0004001400eeffeeff040014003600faffe0ffeeffeeffeeffe6ff3600,0000deffdaff4600eafffaff14000400625f1cd5e091cc5f5c559290a8e5fe54
6182,6182,0,1a002a0000000000f2ffe2ffccff0c00faff0c00eeffdeff0200d4ff0e000e00,0400f6ffeaff0c000000d4ffeaffeafff2ff1400f8ff16000c000c00bcfffcff,0e001e0014001400eeff0000440024000800eafffefffeff0000defff6ff0600,eeffdeff0600f8ffc8ff2c002400c4ff66557c90e4e4f055a4d5bae42a5f46d5
6183,6183,0,0a000a000000000000001000fcffecff2c002c00eeff0c00220002002e00ceff,0400f6ff1c000c00f2fff2ff1a00fafff2ff04002600f8ff0c00fafffcfffcff,2e00dcff22001400eeffdeff14001400fafffaff2a00feffeeff1000f6ff1600,deff10001600daffdafffafff4ffe4ff28d650e5e45efcd65290865f7e559890
6184,6184,0,0a00fcffdeffeeff10000000ecff0c00caff0c000c00eeff02002200feff2e00,0400f6fffaff0c0020003e00eaff0a001400f2ff3600f8fffaff0c000c001c00,0e001e00f6ff1400eeffeeff14000400daff3600feff0c00ceffcefff6fff6ff,deff58000600e8ff1c000c00d4ff04007c90d25ebe56b0914ae47c5616d6d8e4
6185,6185,0,fcff1a001000000010001000fcfffcfffaff0c00feff0c00020002000e001e00,1400e6ffdaff0c003e00f2ff0a00eafff2ff14002600d8ff0c000c000c00fcff,0e00ecfff6fff6ff10000000140014000800faffeeff1c002000eeffe6ff0600,00001000daff06001c00eafff4ff2400aae3c6551cd724e4d65ec4d66890a25e
6186,6186,0,fcfffcffeeffeeff000010000c001c00cafffaffeefffefff4ff0200feff2e00,0400f6fffaff0c000000f2ff0a00faff1400f2fff8fff8ff0c000c00fcfffcff,0e00fcfff6fff6ffeeffeeff04001400fafffaffeeff0c000000eefff6ff1600,5800defff8fff8fffaff0c0044000400a25ef8d66091745ebc567290e0e30e56
6187,6187,0,2a002a00ceffeeff1000f2ff0c00fcff1c00faffeefffeff020012000e001e00,140014000c00faff2e00f2ffeafffaffe2ff2400f8ffe8ff0c000c00fcffecff,1e00fcff2200140000001000f4ff24000800fafffefffeffdeffbeff1600e6ff,eeffdeff06000600b8ff0c001400d4ffc2567c9064e3ee56d4d6cae3725ec6d6
6188,6188,0,0a001a001000eefff2ff20000c00fcffdafffafffeffceff0200e4ffeeff1e00,e6ff0400faffeaff2e001000fafffafff2fff2ff160016001c00eaff0c000c00,2e008cff04000400eeff0000f4fff4fffaff2800feffeeff00001000f6ffe6ff,ceff10006400cafffaff1c000400e4ff68d7eae2445e9cd85290265e7e568890
6189,6189,0,1a000a00eeff1000000010000c000c00faff0c00eeffeeff30004000feff0e00,0400e6ffdaff0c00f2ff2000eaff0a00f2ffd2fff8ff06001c002c00dcfffcff,ecffdcfff6ff04001000100004001400fafffaffeeffe0ffceff00000600d6ff,deff10000600e8ff0c001c00e4ff04004c90325eae578091d8e2dc564ed7a0e3
6190,6190,0,1a000a00eeffeeff1000f2fffcff2c000c000c00eeffdeff020002000e002e00,14001400dafffafff2fff2fffaffeaff1400f2ff360016000c00fafffcffccff,1e00dcff0400f6ffeeff000024000400460008000c00eeff0000eeff16000600,10000000baff16001c00daff040044005ae20257ecd8a6e2165e78d87890b25d
6191,6191,0,0a002a0000000000f2ffd2ff0c00ecff0c000c00deff0c00120012002e000e00,14000400fafffafff2ffe2ff0a000a00f2fff2ff260006000c00daffdcffdcff,fcfffcff1400f6ffeeffdeff040004001800faffe0fffeff20001000f6fff6ff,3000eeff16000600eaffeaff14001400c65d5ed87091b85d5c57de8fe4e20657
6192,6192,0,fcff2a001000000010001000fcff0c00daff0c001c00eeff02000200eeffeeff,040004000c00fafff2ff0000faff0a000400140026001600eaff0c00ccffccff,fcff0e000400140010001000040004002800daff0c00feffeeff00000600e6ff,eeffeeff1600f8ffdafffaff0400140072576c9066e20e58b8d844e1325d3ed8
6193,6193,0,1a001a000000defff2ff0000fcffdcfffafffaffdeffeeff300002000e002e00,04001400eafffafff2fff2ffeaffeaff04001400060036000c000c00ecff0c00,1e00dcfff6fff6ffeeffeeff040014000800dafffefffeffdeff300006002600,deffeeff4600e8fffaff3e00040004003ed95ee1085d4cd9ce8fe65d76574890
6194,6194,0,0a002a00eeffeeff10000000fcff0c00faff0c00eeffe2fe120030002e002e00,f6ff14000c00faffd4ff20000a00fafff2ffe2ff160046001c000c00fcfffcff,1e001e000400f6ff1000eeff0400040008000800feffd0ffeeffdefff6ffe6ff,deff2000e8ffbaff0c000c00f4ff24006c90265df458809104e1305850d904e2
6195,6195,0,fcfffcff10000000f2ff1000fcff0c00eaff0c00deffeeff220022003e002e00,14001400eafffaffe2ffc4fffafffaff14001400360036000c00cafffcfffcff,dcff1e0004001400eeffdeff0400f4ff0800faff0c00feff00000000f6fff6ff,300020000600f8ff1c00dafff4ff24007ee0285898da92e0265d68d94890b25c
6196,6196,0,fcfffcff10002000e2ff0000fcff0c00caff0c00deff0c0040001200eeffdeff,14000400eafffaff0000f2ff1a00dafff2ff1400260016000c001c00acffdcff,dcfffcfff6ff0400eeff0000f4ff0400ccfffaffeeff0c00eeffdeffd6fff6ff,0000deffdaff4600faff0c0004000400e65c08da6091385ddc57de8fc4e0d657
6197,6197,0,fcff1a001000100010000000fcfffcff1c00daffe2feeeff30000200feffeeff,140014000c00eaff2e00e2ff0a00faffd2fff2ff260026000c001c00ccffdcff,0e000e00f6ff0400000000001400f4ff2800daffeefffeffdeff100006000600,0000cefff8ff1600faff1c001400d4ff68584c9062e024596cdaa4e04a5c10da
6198,6198,0,0a00fcffeeff00000000e2fffcff0c000c00faff0c00eefff4fff4ff0e001e00,14000400eaffeaffe2ff2000daff5a00f2ff0400b8ff54002c000c00fcffecff,0e000e001400e6ffeeff000024001400eaffdaff0c00e0ffceff000016001600,deff10000600daffdafffaff3400d4ffcada0ee0885cc8da5290f65ba8583890
6199,6199,0,fcff0a002000defff2ff0000fcfffcff1c00faff0c002c00e4ff30002e00feff,14000400daffeaff2e000000daff0a000400f2ff260006000c002c00ccff0c00,1e000e00140014000000eeff0400040046000800fefffeffeeffeeff0600f6ff,eeff3000f8ffe8ff0c001c00d4ff04004c90a65c84594091c0df505860da84e0
6200,6200,0,fcfffcff00000000f2fff2fffcfffcff0c002c000c002c00f4ff0200eeff4e00,f6fff6ffeaff1c00e2ff2e00faffeaff040024000600f8ff1c001c00dcffacff,1e001e0022001400eeffeeff14000400faff2800feffe0ff0000eefff6fff6ff,3000eeffdaff64002c00eaff040034000ee00859f8db64df065c9edb5890da5b
6201,6201,0,0a000a0000001000f2fff2fffcff0c00faff1c00fefffeff02001200feff0e00,1400f6fffaff0c00e2ff3e00faff0a00f2ffd2ff460026000c000c00ecfffcff,0e00fcff14000400eeffeeff24001400faffdafffefffeffeeff100026000600,3000ceffdaff0600eafffaff3400f4ff125c4adb6091a85b9059ce8f22df1859
6202,6202,0,fcff0a00eeffeefff2ff0000dcff0c000c000c00eefffeff1200f4ffeeff0e00,14002400faffeaffe2ff0000eafffaffe2fff2ffd8ff3600faff0c00dcffdcff,0e001e001400f6ffdeffeeff140014001800faff0c00eeff20000000f6fff6ff,2000ceff0600e8fffaff1c000400f4ffa8593c9036de3a5ad0db50de6a5be2db
6203,6203,0,0a002a002000deffe2ff0000fcffecff0c002c00e2fefeff30000200eeff1e00,f6ffe6fffaff0c002e00f2ff0a000a0024002400260026000c00faff0c002c00,0e00fcff0400040010001000e4ff0400daffeaff1c00feff1000eeffe6fff6ff,deff30001600e8ffc8ff2c002400f4ffccdca8de685bb8dc3290745bc8593890
6204,6204,0,fcff2a0000001000f2ffe2ffbcffdcff2c000c00e2fedeff12001200feffeeff,f6ffe6ff0c003c0020001000eaff1a001400040036005400eaffeaffecffdcff,1e000e003200e6ff100000001400e4fffaffeaffe0ff0c000000200016000600,deff10001600f8ff1c002c00f4ff14006c90725bda5a609130de345adadc6ade
6205,6205,0,0a00fcffdeff00001000f2fffcffecff1c000c00feffe2fe12003000eefffeff,e6ffe6ffeafffaff2e00e2ff0a000a001400040006002600eaff0c00ecffecff,dcffdcffe6fff6ff0000deff1400f4fffaff0800feffe0ff0000eeff06001600,00000000caff06002c00eafff4ff04007cdd325ab6ddd6dd545bd0dc28900a5b
6206,6206,0,1a001a00ceffeeffe2ff2000fcff0c00fafffafffeffeeff02000200feff0e00,1400f6ffeafffafff2ffe2fffafffaff1400f2fff8ff06000c00fafffcff0c00,0e001e00f6fff6ff0000000024000400dafffafffeffeeffeeff2000f6ff0600,1000eeffe8ff06001c00eaff44001400625a4cddba90185b345a62909add085a
6207,6207,0,1a00fcff0000defff2ff10001c000c00faff2c00eeffeeff02000200eeff0e00,04001400eaffeaff2e00e2ff0a000a0014004600f8ffd8fffaffeafffcffecff,9cffdcff040004000000000004000400eaffccfffeffe0ff0000eeff0600f6ff,100000001600daffb8ffeaff3400f4ff745a5c9026dd285b30dd30de2e5a1add
6208,6208,0,1a00fcff00001000f2ffe2fffcfffcffdafffaffdeffdeff220002000e000e00,14001400faffeafff2fff2ffeafffaff0400f2ffe8ffe8ff0c000c00fcffccff,dcff1e00140014001000eeff04000400faffdaffe0fffeff000010000600f6ff,eeff10001600f8fffaff1c000400e4ff68de4cddda5ad6dd4290745a9e5a0890
6209,6209,0,0a00fcffceff0000d2ff2000fcffecfffaffdaffe2fe0c0012005000fefffeff,2400e6ffdafffafff2ff2e00eafffaff0400d2fff8ff06003c000c00dcfffcff,ccfffcfff6fff6ff00002000e4ff14001800faff1c00feffeeff1000f6ff0600,deff1000dafff8ff0c002c00f4ff14007c909859a85bea9020dcd45a4ade0add
6210,6210,0,0a002a00eeff0000e2ff0000dcffecffbaffbaff0c00e2fef4ff12000e00feff,04002400fafffaff2e0000001a001a0004001400e8ff0600fafffafffcffccff,2e001e0004000400eeffeeff04001400ccffeaff0c00eeffeeff0000e6ff1600,10000000bafff8ff1c00daff040044005adbe45a34df48dcc05940df4890085a
6211,6211,0,2a001a00deff00000000e2fffcfffcffcaffbafffeffd2fee4ff0200eeff3e00,0400f6fffafffaffe2ff20000a001a00f2ff140046001600faff0c00fcff2c00,ccfffcff04001400deffdeffe4ff04003600dafffefffeff00000000e6ff0600,2000eefff8ff06001c00faff04002400785938df4091da59945bae8ff2db7a5b
6212,6212,0,dcfffcff100020001000f2fffcffdcff0c00faffceffeeff0200f4ff2e00feff,14000400eaff0c00f2fff2ffeafffafff2fff2ff3600e8ff0c00faffdcffecff,1e00ecfff6ff14000000eefff4ff0400ccffccffeeff1c0010001000f6fff6ff,0000cefff8fff8ffeafffaff5400e4ff145b4c90c8db685c20dfecda585932df
6213,6213,0,1a000a001000eeff3000e2ffecffccfffaffcaff1c00e2fe220012003e00feff,f6ff0400daff0c00f2ff00001a000a00f2fff2ff4600e8ff0c00eaffccffdcff,ecffecff0400f6ff000010003400e4ff0800eaffd0fffeffdeff000036000600,aeff10000600caffeaff2c002400d4ff58df0adba459d2df4290b059fa5b3890
6214,6214,0,1a000a00deffdeff1000f2ffdcfffcff0c00faffe2fefeff40003000feff0e00,14001400faff0c00f2fff2fffaff0a00f2fff2ff260026001c00eaff1c00ecff,1e00fcff1400f6ff0000eeff04000400280028000c00eeff0000eefff6ff2600,deff2000e8ffdaff1c00faffe4ffe4ff6c90c858885c50917cda365c02e092db
6215,6215,0,fcff0a000000defff2ff0000dcffecfffaff0c00eeff0c0030001200ceffeeff,e6ffe6ffeaff0c00e2ffe2fffaff0a000400040046001600faff0c00ecff3c00,ecff1e00220014001000eeffe4ff0400daffdaff2a00feffeeffcefff6ffd6ff,10003000e8ff06001c00c8fff4ff540028da765c82e028dbb05834e01890f858
6216,6216,0,0a000a0000001000000010002c00ecffdaff1c00e2feeeffc6ff12001e00eeff,e6ffe6fffaff0c00f2ff00000a000a00d2ffd2ff260016000c003c001c001c00,fcfffcff220014001000defff4ff0400eaffbcff0c001c0020001000f6ffe6ff,00000000daff54001c00eaff0400040058586ee04091e458765c329030da7a5c
6217,6217,0,1a00fcff0000eeff0000f2fffcffdcff0c00faffe2fee2fed4fff4ffeefffeff,e6fff6ff0c00fafff2ffe2ff0a000a00f2ff0400160036000c000c00ccffdcff,9cff0e0004001400deff1000a4ff0400dafffafffeff0c00deff000006000600,1000deffe8ffe8fffaff0c0014000400d65c4c9068da085dc4e01cdad657f4e0
6218,6218,0,ecff0a000000eeffe2fff2ff0c00ccffeaffcafffefffeffe4ff0200feff0e00,3200f6ff0c00eaff0000e2ff1a000a00e2fff2ffd8fff8ff0c00faffdcfffcff,0e001e000400f6ffceff000004001400eaffccfffeff0c00deffdefff6ff1600,eeff10000600cafffaff1c00240004004ee16ed9d458f2e0de8fbc57e25c3890
6219,6219,0,0a000a0000000000000010000c001c00eaff1c00defffeff1200c6ff0e000e00,f6ff0400faff1c00e2fff2fffaff0a001400e2ff460046000c000c00ecffecff,0e00fcff04000400eeffeefff4fff4fffaffdafffeffeeff10000000f6ffe6ff,deff3000f8ffdafffafffaffe4ff04005c904858485d2091f8d8d65c64e160d9
6220,6220,0,1a000a000000100010001000dcfffcffdaffdaffe2fefeff220012000e000e00,f6fff6fffaffeaff2e000000fafffafff2fff2ffe8ff36000c00faff1c00dcff,1e000e000400f6ff2000000004001400eaff0800feffeeff00001000e6fff6ff,10000000daff16002c00daffe4ff24005ed8365df2e1a4d95058b8e25890b657
6221,6221,0,2a000a00eeffeefff2ff00000c00fcff0c00faffeeffe2fe120012001e000e00,0400f6fffaffeaff3e00e2ff4a000a001400e2fff8fff8fffaffeaff1c00fcff,0e000e00f6fff6ffdeff1000f4fff4ff1800faffeeff0c00000000000600f6ff,1000deffbaff0600faffdaff2400f4ff82579ee16091a458365d529010d9625d
6222,6222,0,0a000a000000eefff2fff2fffcff0c001c00daffe2feeeff120002000e000e00,14002400faff1c00d4ffe2ffeafffaff0400140016004600cafffaffecff2c00,fcff0e000400f6ffeeffeeff94ff0400280018001c000c00ceffceff1600f6ff,1000defff8ffe8ffdaff0c0044000400a65d7c90aed8c85d18e228d8365774e2
6223,6223,0,0a00fcff10002000f2ff0000dcffdcff0c000c00e2fee2fe22000200ceff3e00,f6ffd6fffafffaff2e00d4ffeaffeaffe2ff0400f8fff8fffafffaff0c000c00,0e00fcff320004000000ceff0400f4ffdafffafffeff0c00000010000600f6ff,eeff00001600daff1c002c0014000400aae23ed8d05734e3ee8f6c57a25d7890
6224,6224,0,fcff1a000000deff1000f2ff0c000c000c000c00e2feeeff3000f4ff0e000e00,f6ffe6fffafffaff3e00e2fffaffeaff040014001600f8fffaff0c00fcffecff,8cfffcff040014001000000014000400acffdaff1c00e0ffeeff20000600f6ff,ceff1000f8ff0600faff0c00240044008c90d256845e809164d7765e50e398d7
6225,6225,0,ecfffcffeeffeefff2fff2ffecff0c002c00dafffeffe2fe22001200defffeff,e6ff04000c00faff20002e00eaffeaff24001400060036000c00faff0c001c00,fcff2e000400040000000000040004001800daffeeff0c004000eefff6ff0600,10001000daff16003e00eafff4ff540068d7725ed4e38cd79c56c8e258904e56
6226,6226,0,0a00ecffeeff00000000f2fffcfffcffdaff1c00eeffeeff02004000feffeeff,04001400eaff0c002e00e2ff1a001a000400f2ff160026000c00faffdcffecff,0e002e000400f6ff0000100014000400eaffdafffeff1c0000002000d6ff1600,0000ceffcaff16000c00eaff0400140092568ae390916057965e6290a0d6825e
6227,6227,0,1a00ecff00001000f2ff2000fcfffcfffafffaffeeffe2fe220002002e00eeff,f6ffe6ff0c001c00e2ff1000faff0a000400f2ff16003600faff1c001c00ecff,0e00fcff0400140010000000f4fff4ff2800eaff1c000c003000deffe6ffe6ff,2000defff8fff8ffdaff1c002400f4ffc25e6c901cd7d45e42e534d70e5690e4
6228,6228,0,fcff2a00eeffeeff200010000c00ecffdafffaffe2fedefff4ff22000e00eeff,f6ff1400dafffaff4c000000faffeaff1400040016000600faff1c000c00fcff,0e00ccff04000400eeff200014001400daff18000c00feff30003000f6fff6ff,deffeefff8ffcafffaff0c0034000400f0e438d6c05684e482900855b25e5890
6229,6229,0,1a000a000000eeff5c00f2ff1c00fcff0c000c00e2feeeff12000200fefffeff,f6ff1400faff0c00d4ffd4ffeaff0a00f2fff2ff060026000c00faff1c002c00,0e00fcfff6fff6ff0000deff04002400eaffccfffeff0c00eeff0000e6fff6ff,000010001600e8ff0c00daff0400f4ff8c90b655445f809144d6a65e28e510d6
6230,6230,0,0a000a0010000000f2fff2ff0c000c001c00faff02ffe2fe0200f4fffeff0e00,e6ff14000c00eaff0000e2fffafffafff2fff2ff1600f8ffeafffafffcff3c00,fcff0e00f6ff04000000200014004400faff36000c001c0020000000d6ff1600,00000000caff16002c00eaff0400240038d6325f44e520d64c5522e678903e55
6231,6231,0,0a000a0000000000f2ffe2ffecff0c00fafffafffeff0c00220012000e00ceff,e6ff0400faff0c001000f2ffdaffdaff040036004600e8ff0c001c00dcfffcff,dcff0e00f6ff04000000100014000400080008000c001c00eeff20001600f6ff,2000defff8ff16000c000c0044000400565580e58091f055365f529060d51a5f
6232,6232,0,2a00fcff000000002000f2ffecffdcffcafffaffe2feeeff02001200feffceff,1400e6ff0c00eafff2ff4c00faff0a00f2ffe2ff06000600faff1c00ecffccff,1e009cff04001400eeffdeff440004000800daffeeff1c000000eefff6fff6ff,1000eeff1600f8fffaff0c00f4ff0400425f9c9060d5345f72e644d4de54d8e5
6233,6233,0,fcff2a0000000000e2fff2ffecff0c00daff0c00deff0c00020012003e00eeff,e6fff6ffeafffaff000000000a00faff140024002600d8fffaff0c00ecff0c00,fcff0e0004001400eeffdeff04002400faffeaffeeffeeff200040000600f6ff,ceff00001600cafffaff3e00240004007ce60cd5605580e672904c556a5f8890
6234,6234,0,fcff2a0000000000f2ff0000ecffecffdafffaffeeffeeff02001200feff1e00,140014000c000c00d4fff2ff0a000a00e2ff0400f8ff16001c000c00ecffecff,0e001e00f6ff040000001000040004001800eaff0c00feffeeff2000f6fff6ff,deff48000600f8ff2c001c00f4ff24006c90c6541460a09144d42a6078e6a0d4
6235,6235,0,fcff1a000000000020001000ccffecfffafffaffeeffeeff1200f4fffeffeeff,f6fff6fffaff0c000000f2ff0a00faff0400e2ff0600e8fffaffcaffdcffecff,0e001e001400f6ff0000eeff040014004600faffeeffeeff1000eeff06000600,00000000daff24001c00daffd4ff340030d3286050e7a0d4e85312e788902654
6236,6236,0,fcff0a00000000000000f2ff2c00ecff0c00daff0c00eeff0200f4ff0e00eeff,1400e6ff0c000c003e00d4fffaff1a000400f2ff540006000c00eaffdcfffcff,2e00dcff1400140010000000140014000800fafffeff1c001000200006000600,1000eeffe8ffe8fffafffaffd4ff140022547ce7c091f2547a60a29058d30a60
6237,6237,0,0a00fcff00000000f2ff1000ecffdcfffaff1c00deffeeff120040002e002e00,0400f6ff1c000c00e2ff2e00eafffaff2400040006001600eafffaff1c00dcff,1e00fcff140022000000deff040024000800eafffeff0c0010001000f6fff6ff,0000eeff0600e8ffb8ff1c00340004005860dc90e2d3a26066e802d3a653eae7
6238,6238,0,fcfffcff00000000f2ff1000dcffdcff1c000c00e2feeeff3000f4ff2e002e00,040014000c000c003e00e2ff1a000a00f2ff0400060036000c002c000c00dcff,9cfffcfff6ff040010000000f4fff4fffaffeaff0c000c00000010001600f6ff,eeff00001600f8ffeafffaff4400040012e830d3b254c0e7a29096529260d890
6239,6239,0,1a00fcff1000000000000000fcff1c00faff0c00d2feeeff12003000eefffeff,14001400faff0c00e2ff2000faff0a0014000400360006002c002c000c00dcff,0e001e002200040020000000f4ff0400daff0800feffe0ffeeff100006002600,deff5800e8ff06000c000c00d4ff2400ac90b253f060909122d3ca602ae838d3
6240,6240,0,1a001a000000000000000000fcff1c00eaffeaffe2feeeff02000200feff4e00,f6ff1400eafffaff0000d4fffaff0a00f2ff0400060026002c00fafffcfffcff,0e001e001400040000000000f4fff4ffdaffeaffeefffeff2000300006001600,20001000caff16001c00c8fff4ff24005ed2a86080e8b2d316530aeab8906653
6241,6241,0,0a000a00eeff0000e2fff2ffecff0c001c000c00eeffeeff400012000e000e00,f6fff6fffaff0c00f2fff2ff0a00faff040004004600f8ff1c000c00dcff2c00,ecffecff2200f6ff0000000004001400faff18000c000c000000200026003600,1000deffcaff1600faffdaff04001400d852c2e8b09122540a61c2905cd22c61
6242,6242,0,0a00fcff00001000e2fff2ffecffecff0c002c00ceffeefff4ff0200eeff0e00,f6fff6ffeaff0c00d4ff2e00faff0a00e2fff2ff26003600eaff0c00dcffccff,1e00dcff2200140020001000040004000800faffeeff1c00300020002600f6ff,eeffdeff1600daffeaff0c0034000400f860dc90e2d25061a6e91ed1265354e9
6243,6243,0,fcff2a00deffceff00000000fcffdcfffaffdaff0c00e2fe12003000eefffeff,f6ffe6ff0c000c00e2ff2e00fafffaffe2fff2ff160016000c00faffccffdcff,8cfffcfff6ff0400eeffeeff14001400faff0800fefffeffdeff2000f6ffe6ff,deff00001600f8fffaff1c001400e4ff74e964d132538ee8d290a6526c61b890
6244,6244,0,1a000a0000000000f2fff2ffecffdcfffaff0c00feffcefff4ffe4ffdeff0e00,1400f6ff0c00faffe2fff2fffaff0a0014000400f8ffc8ffeaff1c001c001c00,fcfffcff0400f6ff0000100004001400faff36000c001c000000000006001600,ceff2000f8ffe8ff0c001c00f4ff2400dc907852a06100921ed18a6124eafcd1
6245,6245,0,fcfffcffdeffeefff2ff0000ecfffcfffafffaffeeffeeff4000f4fffeffceff,14000400dafffaffe2ffe2ffeafffaff140014005400c8fffafffaff0c00dcff,ecffdcff140014001000200014000400ccfffaffeefffeff10000000f6ff1600,10002000f8fff8ff1c00eaffe4ff3400d4d08861aeea26d082510aea22914a52
6246,6246,0,1a000a00eeffeeffe2fff2ffecffecfffaffcaffeeff0c00300002003e00eeff,e6ff0400eaff1c002e002e00fafffaff1400e2ff260046000c00eaff1c00ecff,0e00fcff040004000000100004001400faffeafffeffeeffeeffeefff6ff1600,2000deffdaff7200eaffdafff4ff24006e517eea3092e252ba61f29062d0ac61
6247,6247,0,1a002a001000200000000000fcfffcff0c00daffdeffd2fe120022000e000e00,04000400fafffafff2ff2e001a00eaffe2fff2ffd8ff06000c000c005c000c00,1e001e00e6ff2200deff000004000400eaff2800fefffeff0000000006001600,3000deff0600f8ffeaff1c00340014002462dc900ecf4662daeafed0ba51a4ea
6248,6248,0,1a00fcffeeffdefff2ff0000ecfffcfffaff0c00eeffd2fe300040000e00eeff,0400e6ffeaff0c00000000005a000a00140004003600d8ff0c002c00ccff0c00,0e002e00f6ff040010000000f4ff1400fafffafffeffeeff200020000600e6ff,ceff00001600daffeaff1c001400f4ff4eeb14d07252feeac290b2500c622291
6249,6249,0,2a001a0010000000f2ff2000ecffecfffaff2c00eeffe2fe02001200defffeff,04000400faffeafff2fff2ff0a000a00f2ff0400540016000c001c000c000c00,fcfffcff14001400eeffdeff04002400dafffafffeff1c0000000000f6ffe6ff,deff00001600daff0c000c00f4ff3400fc90ee50f66220927acf3e62c0eb88cf
6250,6250,0,fcff1a00100030002000f2ffdcffecffbafffafff2fef2fe220002000e00feff,f6fff6ffeafffaff3e00e2ff1a00fafff2ff140006000600faffeaffecffdcff,dcff0e00f6ff14001000defff4ffd4ffeafffafffefffeffeeff0000f6fff6ff,10001000caff06001c00eafff4ff3400eece6462a4ebd2cd92503ced62913a51
6251,6251,0,1a000a00eeff0000f2fff2fffcffecffeaffdaff0c01eeff300002000e000e00,0400f6ffeafffaff0000f2fffaff0a00e2ffe2ff260006000c000c00ecffdcff,0e000e00f6ff0400eeffeeff04001400ccffdaff0c001c00eeff2000f6ff1600,4000deffcaff06000c00eaff04005400ce50aeebf091ae517e62029178cf9c62
6252,6252,0,0a000a00100000000000f2fffcff0c00faff0c001c00f2fef4ff1200cefffeff,040024000c00faff0000f2ffeaff1a000400f2fff8ff06000c00faff2c00ccff,0e000e00f6ff1400deff100014000400fafffaff0c001c003000eeff0600f6ff,3000eeff16000600daff0c000400d4ffb4622c9182cdf6621ced9ace80506eec
6253,6253,0,fcff0a0000000000f2fff2fffcfffcfffaffcafffeffeeff300012000e002e00,e6ff04000c000c00f2ffe2ff0a000a0004001400060006002c00fafffcfffcff,fcffccfff6ff14000000eeff04001400eafffaff0c00feff0000000026000600,ceff00004600f8fffaff2c00f4ffe4ff70ed6ecebe5104ed52916250f8624291
6254,6254,0,fcfffcff1000beff20002000fcffecffdaff0c000c00eeff2200f4ff0e00eeff,f6fff6ff0c000c00e2ff3e00eaff0a00d2ff04002600f8ff0c000c000c001c00,0e00fcfff6fff6ff1000eefff4fff4fffafffaff0c000c00eeff2000f6fff6ff,eeff00004600e8ff0c001c00f4ff24002c912e50366340926ace4e6356ed90ce
6255,6255,0,fcff0a000000cefff2fff2ffdcff0c000c00eaffd0ffe0fff4ff0200feff1e00,04001400fafffaffd4ff3e000a00eafff2ffd2ff0600e8ff0c000c00fcfffcff,0e000e00e6ff0400deffeeff04000400eafffaffeefffeff100000001600f6ff,10001000daffe8ff1c00daff04002400a2cd046364ed12cd6e4fdced7291e04f
6256,6256,0,0a003a0010000000e2ffe2fffcffdcfffafffaffeeff2a00f4ffe4fffeffdeff,14002400faffdaff2e0000000a000a00f2ff0400f8fff8fffafffaff1c00fcff,2e00fcff0400f6ffeeff2000140004002800fafffeff1c00eeffdeffe6ff0600,4800eeffdaff06000c00a8ff1400f4ff784fb0ed50929e502e63729160cd8863
6257,6257,0,0a00fcff0000000000000000fcfffcffcaffcaff0c00eeff1200f4ff0e001e00,e6fff6ff0c000c00e2ff2e00faffdafff2fff2ff360036000c000c000c00ecff,fcff2e00f6ff220010001000040004003600fafffeff0c000000deff1600f6ff,1000beff160016000c00faff0400040064634c91f2cbc663fcee0ace104ffaed
6258,6258,0,fcfffcffeeffceff0000f2ffecffecffcaffdaffd0ffeeff0200e4ff0e001e00,e6ff04000c00eaff20003e00eafffafff2ffe2ff160016000c00faffecffccff,ecff1e00040004002000300004001400faff1800feffeeff000020001600e6ff,deff00000600f8fffaff1c003400f4ffccee12cd5e5090eea291be4ea8637291
6259,6259,0,0a001a00eeffdefff2fff2ff0c000c000c00daffd0ffeefff4ff12000e00eeff,0400f6fffafffaffe2ff2e000a001a0004001400260006002c00faffecff1c00,0e002e00220004000000000004000400daffeaffeefffeffeeff100006000600,00002000daffe8ff1c000c00e4ff3400ac91d84e44647092dacc5e63a0efe0cc
6260,6260,0,bcff74000000eefff2fff2fffcfffcffdaff1c00eeff0c00f4fff4ff0e00eeff,24001400faff0c00e2ff3e00fafffaff14001400160036000c00faff0c00ecff,0e002e0004000400eeff00000400f4ffdaff2800e0fffeff1000defff6ffe6ff,10001000daffe8ff1c00eafff4ff34004ecc266430ef24cb4e4ebcefc291c04e
6261,6261,0,1a001a00eeff000020001000ecffecfffaffaaffeeffeeff020002002e00feff,14001400fafffaffe2ff3e000a000a00d2fff2ff360036001c000c00fcff0c00,0e009cff140022000000cefff4ff2400fafffafffeff0c002000defff6ff1600,1000cefff8ff06001c00daff04002400384e02f01693d84d6064629108ccd863
6262,6262,0,fcfffcffeeff0000f2ffe2fffcfffcfffafffaffd0ffeeff300022000e00deff,e6ff0400eafffaff20003e00fafffaff1400f2ff46005400faff2c00dcff2c00,0e00dcfff6ff040000001000140024002800eaffeeff0c00eeff200036000600,2000deffdaff0600faff0c0024000400ba64ac9132cbc46430f0cacb2a4e10f0
6263,6263,0,0a00fcffdeff0000f2ff1000fcffecff0c000c00eeff1c00f4ff3000fefffeff,04000400fafffaff2e00e2ff1a00faff04002400060016001c000c00ecffdcff,fcff0e0014000400ceff0000f4ff14000800faffe0ffe0ff1000200016000600,eeff00001600daffdafffaff2400040062f0becb524cf0efa291ee4da0641292
6264,6264,0,0a00fcff1000ceffe2fff2ffecff0c00faff1c000c00feff0200f4fffefffeff,1400e6fffaffeaff0000e2fffaff0a000400140006001600faff3c000c000c00,ecffdcff04002200eeff0000d4ff2400faffeafffefffeff0000ceffe6ff0600,eeff58000600daff0c00faffd4ffd4ffbc916c4db464b692bacbd0641af158cb
6265,6265,0,0a000a001000000000000000ecffecffeafffaffeeff1c00220030000e00feff,2400f6fffaff0c00e2ffe2ffdaffeaff0400f2ff360036001c000c000c00fcff,dcffdcff040022001000100014000400faffdafffeff0c002000300016000600,eeff1000daff16002c00faff040024007cca0a6590f0ccc98e4c00f11292204d
6266,6266,0,0a000a00eeff0000000000000c000c000c000c002a000c0002002200deff0e00,04000400faff0c002e004c00fafffafff2ffe2ff2600d8ff0c000c000c00fcff,0e00dcff0400f6ff0000000014000400faffdafffeff0c0040000000f6ff1600,0000eeffdaff16001c000c00f4ff24001c4d9ef12693b44b2065a2917cca3065
6267,6267,0,0a00fcffeeff1000f2ff10000c000c00fafffaffeeff1c000200f4fffefffeff,14001400fafffaff0000e2ff0a00faffe2ff1400460054002c00faffecff1c00,2e000e00f6ff14001000000014001400fafffaffeeff1c00deffeeff1600f6ff,3000eeff06000600eafffaff0400f4ff6a65dc911cc9546524f28acbd04cfaf1
6268,6268,0,ecff0a00eeffeeffe2ff1000fcfffcffeaffdafff2feeeff22000200feff0e00,04002400fafffaff0000e2fffaff0a0004000400360026000c003c00dcffdcff,8cff0e00f6ff14000000eeff14001400dafffaff0c00eeff0000000006000600,deff20000600dafffaff1c000400e4ff58f292c9644b7cf1d291de4b50653292
6269,6269,0,fcfffcffeeffeeff0000f2fffcffecffcaffdaffeeffeeff12002200eeffeeff,f6fff6fffafffaff10002e000a00eafff2ff1400060026002c000c00ecff0c00,dcffdcff14001400deffdeffd4ff2400ccff2800feff0c00000020000600e6ff,deff3000f8fff8ff2c001c00f4ff0400dc918c4c3465669394c910656af2bcc9
6270,6270,0,fcff1a000000eeff00001000dcffecfffaffdaffe0ffd0ff40001200eeffeeff,f6fff6ffeafffaff0000d4ff0a00faff04001400060036002c002c00acffccff,0e00fcfff6ff04001000000004001400faffccff0c000c0020000000f6ff1600,00000000caff16001c00eaff0400040022c98a65d2f2ccc8fe4b74f36292184c
6271,6271,0,fcfffcff000000001000f2ffecfffcffdaffeaffe0ffeefff4ffc6ff0e00feff,1400f6ff0c00daffe2ffe2fffaff1a0014000400260054000c000c000c001c00,2e001e00040014000000eefff4ff04000800fafffeff1c00eeff0000f6fff6ff,6800eeff060006000c00eaff04003400084c48f37493d44a0e664892fcc8b065
6272,6272,0,fcff2a001000eefff2ffe2ff0c000c00fafffaff0c000c002200f4ffdeffeeff,04000400eaff0c00e2fff2ff0a00eaff0400f2ff260036000c00eaffecfffcff,0e000e00220004000000eeff04000400ccff08001c00feff1000eeff0600f6ff,0000deff1600f8ffeaffeaffe4ffc4ff266686929ec7c46574f374c8484b96f3
6273,6273,0,fcff0a0000002000f2ffd2ffdcfffcffcaffdaff0c000c003000f4ffbeffdeff,1400f6ffeafffaff2e00f2fffafffafff2ff0400c8ff3600faff2c000c00dcff,1e009cff1400f6ff1000eeff0400f4ffdaffdafffeff0c002000300016000600,eeff000054000600faff2c002400e4ffe8f3a2c8544af2f25892ce4bf0656292
6274,6274,0,0a000a00100010001000f2ff0c00dcffaafffaffceffeeff02001200feffdeff,24001400fafffaffe2ff2000faff0a00e2ff0400d8ffd8ff1c001c002c00fcff,0e00ecffe6ff0400eeff100004002400eafffaffe0ffe0ffeeff000006001600,eeff1000f8ffbafffaff1c00e4ff44009692784b3266949364c8ce6626f4b2c8
6275,6275,0,fcff1a00eeff1000f2fff2ff0c001c00daffdaff0c00beff0200e4ff0e00feff,140014001c00fafff2ffe2fffaffeaff04001400f8ff06000c002c001c001c00,0e00ecfff6ff0400eeffeefff4ff0400faff08001c000c00deff0000f6ff1600,eeff7800f8ff16000c00eafff4ff04006cc78666c2f52ec75e4bf6f3c292ac4a
6276,6276,0,0a00fcffceff2000f2fff2fffcfffcfffafffafff2feeeff30002200feffeeff,140024000c001c00e2ff3e00eaff0a001400360016002600fafffafffcff1c00,0e001e000400040010000000e4ff0400daffdaff0c001c00eeffeefff6fff6ff,1000000006002400faffeaff24001400e64a34f5b4939e498e665892b2c76066
6277,6277,0,1a000a000000eefff2ff00000c000c00daffcaffeeffeeff300012000e00aeff,24001400fafffaffe2ff00000a00eafff2fff2ff160026002c001c00ecff0c00,2e008cfff6ff040000001000f4ff04001800eafffeff2a000000000006000600,1000eeff46001600faff2c000400e4ffc666b692aec6426626f624c82c4adef4
6278,6278,0,fcff0a000000eeffe2fff2fffcff0c00caffbafffeffe2fee4ff0200deffeeff,04001400eaffeaff2e00f2fffafffaff0400d2ff460016002c00faff1c002c00,fcff0e001400e6ff20001000f4ff14001800faff0c00eeffdeff100016000600,eeffeeff0600baffdaff3e002400040010f6dcc6304910f7b8923a496066e292
6279,6279,0,0a001a00deff0000f2fff2fffcff1c000c000c00eeffe2fee4ff30000e00eeff,04001400eaffeaffd4fff2ffeafffafff2ffd2fff8ff16002c00dafffcff2c00,fcff1e000400f6ffbcffeeff24001400faff36000c000c00deff100006001600,eeff58001600caff0c000c0014007400c6928c49e066949346c6be662ef6f8c6
6280,6280,0,0a001a00eeffeeff20000000ecff0c00caff0c00e2feeeff12001200feff0e00,140024001c000c002e000000eaff0a00e2ff0400060036000c00faffdcffecff,fcff0e00f6ff220000000000f4ff0400daffeafffeff0c00eeff1000f6ff0600,eeff2000f8ff06000c00daff040014008cc6066730f700c61849d6f6f2927c49
6281,6281,0,1a00fcff100010001000f2fffcfffcffdaff0c00e2fefeff020050000e00eeff,140014001c001c00f2ffe2ffeafffaffe2ffd2fff8ff16000c00faffecffecff,2e009cff14000400000010001400e4ffeaffeafffeffeeff1000eeff06000600,58000000f8ff16002c00faff0400f4ff1c4980f6e493a0480e671893e0c53267
6282,6282,0,fcfffcff10000000d2ffe2ff1c00fcfffaff1c000c00eeff02000200ceffeeff,040014001c000c00d4ffe2fffaff0a000400f2ff060016000c000c00fcffecff,fcfffcfff6fff6ffeeff1000f4fff4ffdaffdaffe0ff0c00000010002600e6ff,4800ceff0600f8ffc8ff1c00140004006667069322c5406746f7c8c46248e6f6
6283,6283,0,fcffdcff10000000000000000c00fcfffaffeaffeeffeefff4ff3000feffceff,14000400dafffaff000000000a000a00f2ffd2ff4600d8ff2c000c00fcffccff,0e000e0004000400100000001400f4ffdaffccff0c00eeffeeff000016000600,ceffdeff1600f8ffdaff1c000400140016f8b0c58e477ef8d892984882674e93
6284,6284,0,0a002a0000000000f2ffe2fffcff0c00fafffaffe2fefeff1200e4ff1e00eeff,f6ff04000c001c004c00d4fffaff0a00e2fff2ff260006000c001c00acfffcff,fcffecff0400140000000000f4ff0400eaff0800eeff0c0020000000e6fff6ff,ceff30000600e8ff0c00faffd4fff4ff36937c4840673494a8c49e67c6f7c0c5
6285,6285,0,dcff1a00000010000000e2ffecfffcfffaffcaff0c00eeff400022002e00feff,0400e6ff0c000c00e2ff2e00daffdaff0400d2ff540026000c001c000c00dcff,2e000e00f6ffe6ffeeffeeff14000400daffdafffeffeeff10002000d6ff0600,eeff0000e8ff16003e00faffe4ff140010c5cc67eef8c2c494470af88e932248
6286,6286,0,fcfffcffeeff0000e2ffe2fffcff0c00caffcaff1c00eefff4ff1200eeff0e00,f6fff6ff0c00eaffd4ff2e00faff1a00f2ff040016003600faffeafffcffecff,1e00fcfff6ff04000000000014000400eafffafffeffeeff100020002600e6ff,1000deffe8ff16000c00daffe4ff2400964798f8a4942e47de678893d0c4c267
6287,6287,0,fcfffcff00000000200000000c00dcffcaffcaffdeff2c00020012001e002e00,e6ff2400faff0c001000f2ffeaff0a00e2fff2ff36000600faffeafffcff0c00,0e000e001400f6ffeeffeeff240014003600faffeefffeff00000000f6fff6ff,1000eeff06001600eaff0c00040004002c686693c2c3a0672af928c4724788f8
6288,6288,0,1a00fcff10000000f2ff0000fcfffcfffaffaaffeeffe2fe1200f4ff3e00deff,f6ffd6fffaff0c00000000001a00eaff04000400260054000c00fafffcfffcff,fcff0e0004001400300000000400f4ffccffdaff76000c0000003000e6ffe6ff,deff100046001600daff1c001400e4ff38f9a0c48e46f6f95893b44602689e93
6289,6289,0,ecff1a002000eeff0000e2fffcfffcff0c00daffeeffeefff4ff0200eeffeeff,14000400fafffaffe2fff2fffafffafff2ff0400260036002c002c00fcffecff,fcff1e00f6ff0400deff100004001400eaffccffeeffe0ff1000eeffe6fff6ff,deff30000600daff1c002c00e4ff040096934647b0679494c6c2de6718f9b8c3
6290,6290,0,0a00fcffeeff000000000000fcffecfffafffaff2c00e2fe02000200eeff0e00,140014000c00faff20002e00daff1a00f2ff0400f8ff3600faff1c00dcfffcff,1e001e000400f6ffeeffeefff4ff14000800faffeeff1c00eeff4000f6ff0600,00002000e8ffe8fffafffaff04001400a0c25c68bafa32c334465eface93c246
6291,6291,0,1a000a00eeffdeff1000f2fffcffecffeafffafffefffefff4ff02000e001e00,0400e6fffaff0c00d4ff20000a001a0004000400360036000c00faffdcffdcff,1e000e000400220000000000f4ff1400080008006600feff20000000f6ffe6ff,1000deffcaff54001c00faff24002400f64652faa494d2459268da9348c37268
6292,6292,0,0a00dcff10000000f2fff2fffcfffcfffafffaffdeffceff0200e4ffdeffeeff,040014000c001c003e00e2ffeafffaff0400e2ff460036003c000c00dcfffcff,0e00ecff0400f6ffdeff0000f4ff0400180008001c00feff10001000e6ff0600,3000eeff06000600eaff0c002400e4ffac68b693e2c230689efa62c1c04538fa
6293,6293,0,0a001a0000001000e2ff10001c00fcfffafffafffefffeff120040000e000e00,e6ffe6ffeafffaffe2fff2ffcaff5a001400140006001600eaff0c00ecffccff,1e000e0014000400deffeeff14001400eaffeaff0c00feff0000100006001600,deffeeff1600f8ffeafffaff0400d4ff32fb60c2f2447afbfa935446cc68fe93
6294,6294,0,fcff1a002000eeff10002000ecff0c00faffeaffdeffeefff4ffd4ff0e000e00,04000400eaffeafff2ffe2ff1a001a00e2ff1400060006000c001c00ecffdcff,ecff2e00140014000000deff04001400eaff08000c00eeffeeff0000e6ffe6ff,deffeefff8ffe8ff2c00faffe4ff2400f6932a453068f49482c1d268c8fa5cc2
6295,6295,0,fcfffcff1000deff100010000c000c00faff0c00eefffeff0200f4ffdeffdeff,1400e6ff0c00eaff0000e2ff0a00eaff1400040016002600faffeaffacffecff,ecffdcff1400f6ffceffeeff0400f4ffdaff1800feffeeff00001000f6fff6ff,00002000caff06002c00eaffe4ff240056c1cc681afc70c1c4454efb4e94a045
6296,6296,0,0a00fcffdeff000000000000fcfffcfffafffaff0c00feff0200f4ff1e000e00,e6ff04001c00fafff2fff2ff0a000a001400f2ff06004600faffeafffcffdcff,0e00ecff040022001000100004001400fafffaffe0ff6600eeffeefff6ff0600,1000eefff8fff8ff0c00c8ff0400f4fffa4482fb1495524402695a94acc1ec68
6297,6297,0,0a00fcffeeffeeff000020001c00fcffcaffcaffceff0c0012003000feff2e00,140014001c000c00e2fff2ffeafffaff36000400f8ff2600eaff2c00ecfffcff,0e000e00040014000000000004000400fafffaff0c00feff3000000016000600,eeffbeff16001600dafffaff1400f4ff1c692694a0c0a06880fc02c148442afc
6298,6298,0,fcff0a00eeffeeff000000001c00dcffeaff0c000c00eeff0200e4ff1e000e00,04001400faffeaff2e00f2fffaff0a0004001400e8ff06001c001c00fcff2c00,0e002e000400f6ff0000eeff0400f4ffdaffeaffeefffeff0000deff0600f6ff,000000000600daff0c001c001400f4ff34fdd6c0324428fdaa9406446c698e94
6299,6299,0,2a001a00eeff1000f2fff2fffcffecffdaffeaff1c00defff4ff1200eeffdeff,040004001c001c00d4fff2ffdafffaffe2fff2ff06000600fafffafffcfffcff,fcff0e0004000400deff0000040094ff2800fafffeffeeff2000100006001600,deff00000600dafffaff0c00c4ff040046941644f268949562c0626942fdccc0
6300,6300,0,fcff2a00eeffeefff2ff0000dcff1c00faff0c00eeff2c00020012000e00feff,d6fff6fffaff1c0020004c000a000a00f2fff2ffd8ffe8ff0c000c003c003c00,fcffdcfff6ff04000000eeff0400f4ffeaff0800fefffeff10002000f6fff6ff,eeff1000cafff8ff1c00daffe4ff2400a6c07c6966fe20c0c643f0fdd694c843
6301,6301,0,ecfffcffeeff10000000e2ff0c000c00faffdaffdeffdeffe4ff4000feff5e00,e6fff6ff1c000c00f2ff2e000a001a00e2ffe2ff1600f8ffeafffafffcff2c00,1e00ecff04000400eeff000014000400faff2800feff0c00deff000006001600,10000000caff46001c00fafff4ff14004243b4fdb495f44282698a94babf5c69
6302,6302,0,fcff0a00eeff0000000010000c00ecfffafffafffeff0c00400002002e000e00,e6ff04000c001c00f2ff0000fafffaffe2ff0400360026002c00fafffcffdcff,ecff0e00f6ff1400eeffdefff4ff04003600faffd0ff1c002000eeff26002600,1000eefff8ff16000c000c00240014006c69949490bf326980fd1ebf6843f2fd
6303,6303,0,fcff1a001000eeffe2ff10000c00fcff0c000c001c00deff02000200eefffeff,d6ff1400eaff0c002e002e00eaff1a00c0ff0400060006001c000c00ecff2c00,0e001e00f6fff6ff10000000140024002800fafffefffeffdeff00001600f6ff,deffeeff2400f8ffeafffaff2400f4ffe0fe80bf944276fe0a952443dc69e694
6304,6304,0,ecff1a000000eeff00000000fcff1c00bafffaffdeffeeffd4ff0200eeff0e00,f6ff1400faff0c00e2ff2e00faff1a0004001400f8fff8ff0c00faff2c002c00,dcff1e0004000400000010001400f4ff08001800eeffe0ffeeff30000600f6ff,eeff10000600baff1c001c00e4ff44009295a24282690496bebe466aa2fe5abf
6305,6305,0,fcfffcffceffdefff2fff2ffdcffecffdaffdaff2c00deff020002000e00feff,e6ff24000c00faff2000e2ff0a001a00f2ff04003600f8ff0c00faffecfffcff,1e000e00f6ff0400eeff100014002400faff2800eeffeeffeeff0000f6ff0600,10001000dafff8ff2c00faff0400240010bf486ad6ff02bf4442f0fe66959c42
6306,6306,0,1a00fcffdeffeefff2ffd2fffcff1c00fafffafffeffdeff12001200eeffeeff,040004000c00eaff2e00e2ffeaff0a00e2ff0400e8ffe8ff0c000c00fcffecff,fcff1e00e6ff0400eeff10000400140008002800eeff1c00eeff3000e6ff0600,1000deffe8fff8fffaff0c0004001400a84160ff04961442266a4a95c2be2c6a
6307,6307,0,2a00fcff0000000020000000fcff1c000c00caffe2fe1c001200e4ff0e00deff,2400f6fffaffeaffd4fff2ffeafffaffe2ffd2ff160036000c001c000c00dcff,0e00dcfff6ff14001000defff4ff0400ccfffaff0c001c002000defff6fff6ff,4800ceff16001600daffeaff04000400286af49492bee66940ff8ebe1c427aff
6308,6308,0,0a00ecff2000eefff2ff10000c00ecffdafffaffeeff1c0030001200deff0e00,1400f6fffaff0c00e2ff2e000a00eaffe2ff04000600d8fffaff0c00ecff0c00,fcff1e0004000400eeff100004001400dafffaff0c00feff1000eeff16000600,deffeeff0600daffdaff1c001400f4ff380050bee44104004a9530413c6aa695
6309,6309,0,fcff2a00eeff0000e2fff2fffcfffcffcaff0c002c001c00c6fff4ffeeffeeff,140004000c000c00f2fff2fffaffcafff2fff2ff36000600faff1c000c00dcff,0e00dcff04001400100000000400f4ff0800faffe0ffeeff10001000d6fff6ff,eeff3000f8ffdafffaff0c000400f4ff3e963841866a5496bebd866a8c00f2bd
6310,6310,0,1a00fcffeeff10001000d2ff0c00ecfffaff2c00deff0c00f4fff4ffdefffeff,f6ff0400eaff3c002e00e2fffaffeafff2ffd2ff4600f8ff0c00fafffcffdcff,fcffecff0400f6ff0000200004000400daff4600e0ffeeffeeff2000e6ff0600,00001000f8ff16001c00faffe4ff140084bd686a0401c4bd0041e600c6953c41
6311,6311,0,0a000a00eeff2000f2ff0000ecfffcffeafffafffeffe2fe1200f4ffbeffdeff,0400f6ff1c000c00e2ff2000eaff0a00f2fff2ffd8ff0600eaff0c002c00fcff,0e00fcffe6fff6ff0000eeff04000400dafffafffeff7600000000000600f6ff,6800deffdaff16001c00eaff04001400a84008017296ce40c66a7a9562bdd86a
6312,6312,0,fcff1a000000deff1000e2ffecffecffdaff0c002c00eeffe4ffe4ffeefffeff,f6ff04000c001c00d4ff00000a00eaff0400f2ff1600e8fffaff0c000c001c00,1e00ecffe6fff6ff1000ceff14002400faffeafffeffeeff0000eefff6ff1600,2000eefff8ff0600c8ff1c00f4ff0400b86af295f4bc266a76015ebc92403c01
6313,6313,0,0a000a000000eeff2000f2ffdcfffcffbaffcaff0c00e2fe30004000beffdeff,140014000c000c000000e2ff0a000a0014000400160026000c000c00fcff0c00,0e000e0004000400eeff000014000400ccff28000c001c00100000000600f6ff,eeff00007200daffdaff0c000400d4ff120224bdfa3fe401da95c040e86af695
6314,6314,0,1a000a000000eefff2ffe2ffdcff2c00faffdaffeeff0c000200d4ffceff1e00,0400e6fffaff0c00e2ffe2ff0a00faff04001400b8ffd8fffafffaffecffecff,0e000e00f6ff32000000eeff1400f4ffdaffdaff0c00feffeeff1000f6ff1600,ceff10000600e8fffaff1c00b4ff140090961840866a92961ebcc66b5c028abc
6315,6315,0,fcfffcffeeff2000f2fff2ffdcff0c00faffdaffdeffeeff1200e4ffceffdeff,f6ff24001c00faff20002e00fafffafff2ff040006000600faff0c00ecff0c00,fcff0e001400f6ffeeff1000f4ff24002800dafffeffd0ff20001000f6ff4600,10001000dafff8ff3e00eafff4ff340090bbd86af602b4bc3c3f2a0256968a3f
6316,6316,0,2a00fcffdeff1000d2ffe2fffcffecff2c002c000c00eefff4ff0200eeffdeff,040004000c00faff200020000a00fafff2fff2ff160006000c00eaffecffecff,0e00fcffe6fff6ff10001000f4ff0400faff08000c001c00eeffeeffd6ff1600,20000000dafff8fffaffdaff24002400523f0203f096723fe66aba95fabb386b
6317,6317,0,fcff0a0000000000000000001c000c00faffdaff1c002c00e4ff0200fefffeff,1400f6ff1c000c000000d4ff0a00fafff2fff2ff160026000c00faff1c00fcff,2e000e000400f6ff0000100014000400ccffdaffeefffeff0000eefff6ff0600,2000ceff06001600dafffaff3400f4fff86ae096d6bba66a7a036cbb923e2803
6318,6318,0,0a00ecffceffeefff2ff10000c00fcffdaff0c000c00e2fee4ff0200deff2e00,f6fff6ffdafffafff2ff2e00eafffaff04001400260006000c00fafffcff0c00,2e00fcff22000400eeffeeff14001400eaffccff0c00feffeeff20002600f6ff,ceffeeff1600caffdaff1c00f4ffe4ff720370bb623ef603ca967c3e686b7696
6319,6319,0,0a000a0000000000f2ff10000c000c000c002c00c2feeeff12003000eeff0e00,04000400fafffaffd4ff2e00fafffaff0400e2ff260036000c00eaffdcff2c00,0e000e000400f6ff00002000e4ff0400ccfffafffeff0c00eeffeefff6ffd6ff,eeff10000600e8fffaff1c00f4ff0400e096823e066b7097bcbaf66bb8035abb
6320,6320,0,ecfffcff10000000e2ff00001c000c00daff0c00e2fee2fe12000200eeffceff,f6ff0400eaff0c00f2fff2fffaff0a00f2ff0400260026000c000c00dcfffcff,1e001e000400f6ffeeff000004001400faffeaff0c00d0ff1000eeff0600f6ff,10001000dafff8fffaffdaffe4ff4400d0ba586b860426bb5c3e6c04e696323e
6321,6321,0,0a000a00000020000000e2ff0c001c00faffdafff2fee2fe0200f4fffefffeff,f6fff6ff1c00fafff2fff2fffaff1a00f2fff2ff26003600fafffafffcfffcff,fcfffcff04000400deffdefff4fff4ffeafffaffeeff1c003000deffd6ff0600,2000defff8ff16003e00faff04002400a63d0805f097723e566cea9688ba986b
6322,6322,0,0a00fcff00000000f2ffe2ffecff1c00cafffaff2c00eeff1200f4fffefffeff,14001400eaff0c003e00f2ff0a000a00d2ffc0ff0600e8fffaffeaffdcffecff,1e00fcff1400040010001000240014002800fafffeff1c00deffeeff0600f6ff,1000cefff8ff1600daff0c001400f4ff786b309740ba566bbc0468b9923dd004
6323,6323,0,fcff1a00eeff0000000020000c000c00daffdaff0c00eeff0200e4ff0e00eeff,f6ff1400fafffaff3e00e2ff0a000a000400f2fff8ff0600eafffaffecff2c00,0e00fcff0400f6ffeeffeeff04000400daffbcff1c00feffdeffeeff0600f6ff,deff0000f8ffdaff0c001c005400d4ff780596b9263d86053a97ec3dc86b4e97
6324,6324,0,fcffecff0000eefff2fff2fffcffecffdaff1c00deffeeff220002000e00deff,0400f6ffdaff1c00f2ffe2fffaff1a00f2fff2ff260026000c000c000c00dcff,0e00acff0400f6ff0000eeff04000400280028000c00feffeeffdeff0600f6ff,eeff20001600caff0c003e00f4ff3400b097f63c866bf09798b9366cc00528ba
6325,6325,0,fcffecff00001000e2fff2fffcfffcffdafffaff0c00eeff40001200ceff1e00,040024000c00eaff2e00f2ffeaffeaffd2fff2ff260026001c00eafffcfffcff,2e003e0004000400eeff000004001400ccffdaffeeff0c002000eefff6ff2600,00003000f8fff8ff1c00fafff4ff240046b9986b5206c0b9dc3cbc057e97e23c
6326,6326,0,fcfffcffeeff0000f2fff2ff2c00ecffcaffdaffe2feeeff50000200aeffeeff,f6ffd6fffafffaffe2ff2000fafffaffe2ffe2ffd8ff5400caffcafffcffecff,1e001e00f6ff04001000000014000400080028000c000c00deffdeff06001600,20000000daff06001c00faff04000400663c94063098063dd66caa9778b9386c
6327,6327,0,0a00ecff00000000e2ff00000c000c00faffdaffeeff2c0002001200eeff0e00,f6ff14000c00fafff2ff0000faff1a00e2fff2fff8ffc8ffeafffaff0c000c00,1e000e0004000400deff200024001400faff4600e0ffeeff0000deff0600f6ff,0000cefff8ff1600eaff1c001400f4ff8a6cc09752b9a66bea0618b92a3c7006
6328,6328,0,fcfffcff1000eeffe2ffe2ff2c00fcffdafffafffeffdeff12002200eeffeeff,e6ff14000c00faffe2ff2e000a00faff14001400060006000c00eaff0c00fcff,1e000e0004000400deffdeff040044000800ccff1c000c002000eeff1600f6ff,000010001600caffdafffaff2400f4ff5407a6b8963b2207ca974a3b286cee97
6329,6329,0,1a00fcffeeffdefff2ff20000c001c00faffdaff0c00feff02003000ceffeeff,f6ff04000c00fafff2ff0000dafffaffd2ffe2ff2600f8ffbaffeaff0c00ccff,ecff1e00f6ff14000000eeff1400f4fffaff2800eefffeffeeff0000f6ff0600,deff10001600f8ff0c00faff040004003698a03b266cc098a4b7b66ca00736b8
6330,6330,0,fcffecff0000eeff20001000dcfffcffcaff0c00e2fe0c000200f4ffdefffeff,f6fff6ffcafffaff0000d4fffaff0a000400f2fff8fff8ff0c000c001c000c00,acff1e00f6ff0400deffeeff04001400eaffdafffeffeeff0000eeff06001600,eeffeeffdaff16002c001c00f4ff2400d6b7ba6cd2078ab83a3b4e0890984a3b
6331,6331,0,fcfffcff000000000000f2ffecffecff0c00fafffeffe2fe22004000feff0e00,2400f6ff0c00fafff2ffe2fffafffaff14001400060006000c00eaffecfffcff,0e001e00140004000000deff04002400080008001c00feffeeff0000f6ff1600,6800eeffbaff06001c00c8ff14001400423acc07f098963be66c2e98e6b7a06c
6332,6332,0,0a00fcff00001000100020000c000c00faffcaffe2fee2fe120002000e000e00,f6ff14000c00fafff2fff2fffaff0a000400f2fff8ff06000c00caffdcfffcff,2e000e001400f6ffeeffeefff4ff0400faffeaff0c000c001000eeff06000600,1000deff06000600daffeaff1400e4fffa6cc698eab7266c2e0824b7ae3a5008
6333,6333,0,ecfffcff00000000f2ff00000c000c00faffeaffeeffeefff4ff3000deff0e00,04001400eaff0c00f2ffe2fffafffaff140004001600f8ff1c001c00fcfffcff,9cff1e000400f6ffeeff10000400f4ff0800bcfffeff1c00eeff0000e6ff1600,0000eeff0600f8ffc8ff2c002400d4ff5c0870b7983a62087e98da3ab06cc098
6334,6334,0,0a001a00eeffeeff1000e2ff0c00fcfffafffaffeeffe2fe02000200ceff0e00,14001400faffeaff20002e00eaffeaff1400f2fff8ffe8ff0c00faff1c00ecff,0e000e0014000400deffeeff0400040008002800e0fffeffeeffdeff0600f6ff,deff10001600f8fffafffaff04000400c698323a366c109904b7266d820946b7
6335,6335,0,ecff1a00eeffeeffe2fff2ffecff1c00eaffeaffe2feeefff4ff30001e00eeff,14001400cafffaffd4ffd4fffafffaffd2ff2400e8ff36002c00fafffcff0c00,2e000e0014001400eeff0000f4ff24002800faff0c00feffeeff0000f6ff1600,10005800baff16002c00c8ff04001400f0b6ea6c60093ab76639ce08d098c839
6336,6336,0,1a000a00000010000000f2ff0c00fcffdaff0c000c00feffe4ff1200eefffeff,040024000c00eaff3e0000000a00faff140024000600e8ff2c00fafffcfffcff,fcfffcff14001400eeffeeff0400f4ffeaff18002a001c00200000000600f6ff,30001000baff16000c00eaff4400340038398c099e99283a466dfe983eb6306d
6337,6337,0,ecfffcff000000000000f2fffcffdcffcaff0c00feffe2fe12001200feffdeff,e6fff6ff0c00fafff2ffd4ffeafffaffe2ffd2ff160026000c00caff1c00fcff,ecffecffe6ff220010000000140014002800eaffeefffeffdeff00000600f6ff,0000eeffdaff1600fafffaff2400e4ff4a6d2699dab6c46cae09b2b6b838f209
6338,6338,0,fcfffcff00000000200010001c00fcffcaffdaffe2fedefff4ff3000eefffeff,f6ff1400faff0c000000f2ff1a000a0004000400e8ffd8ff0c000c000c000c00,fcff1e00f6ff040010000000f4ff2400faffeaff1c00feff2000200016000600,deff20001600e8ffeaff0c0024000400460a30b68239f0091e99f638206d5099
6339,6339,0,1a001a00eeffeeff0000f2fffcff0c001c00daffe2fee2fe220012000e002e00,14000400fafffaffd4ffe2fffaff1a00f2ff04003600e8ff2c001c00fcfffcff,2e00ccff0400f6ffeeff0000f4ff0400eafffaff1c000c00eeffeeff2600e6ff,00003000f8fff8ffeaff1c00040024005699a838a46c7e9952b5466d160beeb5
6340,6340,0,fcfffcff0000eeff3000d2ffecfffcff0c00daff0c002c000200f4fffeff0e00,04000400fafffaffe2ff1000eaffeaffd2fff2ff540006001c000c000c00dcff,0e001e00140014001000100014000400eaffeaffeeff0c0010001000e6ff0600,00001000daffdaff1c00eaffe4ff240094b55a6dc00a2eb64638920b50996838
6341,6341,0,1a001a0010001000f2fff2fffcffecffcaffeaffe2fee2fe1200f4ff0e00deff,f6ff0400eaff0c00f2ff00000a000a00e2ff0400360006000c00fafffcfffcff,dcfffcff0400e6ff0000200004001400faff0800eeff0c00000000000600f6ff,2000deffcaff0600faffeaff540014009237de0b1e9a9238766d3e994eb5206d
6342,6342,0,ecfffcff2000200000000000fcff0c003c00dafffeffe2fe02001200eeffeeff,14000400eaff0c00c4ff2000fafffaffe2ff0400e8ff16002c00faff0c00bcff,0e000e002200f6ff1000100004001400ccff2800feff0c0010001000e6ff1600,2000eefff8ff0600faff1c00540004007a6dc699feb5246df40b42b45637f60b
6343,6343,0,ecff0a0000002000e2fff2ffdcffecfffaffdaffe2fee2fef4ff02000e000e00,f6ff2400eafffaff00000000faff0a000400f2fff8ff2600faff2c00ecff0c00,dcfffcff0400f6ffdeffeeffd4ff1400080018001c000c00deffdefff6fff6ff,deff10001600dafffaff2c00340014004e0c14b52c38b80b6e995638806de099
6344,6344,0,fcff2a0010000000e2fff2ff0c00dcff0c00baffdeff1c0012002200eeffdeff,04000400fafffaffe2ff2000daffeafff2ff240006000600faff0c00fcfffcff,8cff1e00f6ff04002000eeff04000400080008000c001c00deffeeffd6ff0600,deff30001600dafffaff0c00f4ff1400509a1237146d1e9a82b4666d1e0deeb4
6345,6345,0,fcfffcffeeffeefff2fff2fffcfffcfffaff0c00e2feceff12000200feff0e00,14000400faffdaff2e00f2ff0a00faffe2ff0400260036001c000c00ecffdcff,1e002e00f6fff6ff0000eeff0400f4ff18002800feffe0ff00000000f6ff0600,eeff1000baff16001c00b8fff4ff4400e6b39a6d240fceb4d236520c409a0637
6346,6346,0,fcfffcffdeff0000f2ff0000fcffdcff0c000c00e2fe0c00120012000e000e00,1400d6ffeaffeaff2000e2fffaff0a001400f2ff060036001c000c00dcffccff,fcff1e001400f6ffeeffeeff0400f4fffaff08000c00feffeeffcefff6ffe6ff,2000eeffacff46001c00daff140004007236320d7e9aee36086ea29a10b4b06d
6347,6347,0,fcff1a0010001000f2fff2ffecffecffcaff0c00eeff0c00120002000e00feff,0400f6fffaffeaff2e00e2ff0a000a0004000400c8ff2600daff1c001c00ecff,0e000e0004000400eeffeefff4ff04001800faff1c000c0000002000f6fff6ff,1000defff8ff1600eaff0c00f4ffe4ff266e709a3eb4346d420d32b41e369e0d
6348,6348,0,fcfffcffeeff1000d2ffd2fffcff0c00eafffaffeeffdeff02000200ceffeeff,02000200eaffeaffe2ffe2fffaff0a00d2fff2ff36001600faffeaffecfffcff,0e000e0004000400eeffeeff14001400ccfffaff1c000c0020005000f6fff6ff,eeffeeff0600f8ffeaff1c003400f4ff6e0e46b3ee36760d429af235c06d609a
6349,6349,0,fcff0a00eeff100000002000fcffdcffcaff0c00deffd2fe1200d4ffeeff3e00,12000200daffeaffe2ff00001a000a000400e2ff260016000c00faff1c00fcff,0e000e00f6ff14001000000004000400faffeaffeeff0c00eeff000016000600,beff68000600daff1c000c0004000400c09a8635e46c4c9b30b3b66d120ea0b3
6350,6350,0,fcfffcff0000eefff2ff0000fcffecff1c00fafffeff0c00020012001e00deff,f4ff0200fafffaff3e00e2fffaffeaffe2ffe2ffe8ffe8ff0c002c00fcff0c00,fcff0e00f6ffe6ff10001000040004001800eaff1c00feffdeff2000d6ff0600,10002000e8fff8fffaffeaffe4ff5400c6b2266e1410b0b3f235e20ec09a3e35
6351,6351,0,0a00fcff0000cefff2fff2ff1c000c00faff0c00eefff2fe220002002e00feff,02001200faffeaffe2ffe2ff0a000a00e2ff04001600f8ff1c00faff0c00dcff,0e00fcff220014000000eefff4fff4ff3600faff2a001c000000cefff6ff0600,2000eeffcaff4600faffdaff040024000635500fac9b6e35486ee29ad4b2106e
6352,6352,0,0a000a00deff0000f2fff2ff1c000c000c00faffceffdeff1200f4ffeeffdeff,02001200fafffaff2000f2fffafffafff2ffe2ff16001600faffeaff0c00ecff,0e001e00140004001000eeff14000400eaffeaffeeff0c002000000006001600,1000deffdaff0600fafffaff3400e4ff466e209b60b1346d720f10b25634780f
6353,6353,0,ecfffcffeeff1000f2ff00000c00fcfffaffdaffcefffeff1200f4fffeff0e00,12000200eafffaffe2ffe2ffeaffeafff2ff14001600d8fffaff0c00fcff0c00,0e00dcff04001400eeffdeff34000400fafffafffefffeff10000000f6ff0600,deff00001600daffdaff2c002400e4ff161036b2c0343a11329b1235306e009b
6354,6354,0,ecff0a000000eeffc2ff00001c000c000c000c00ceffdefff4ff02000e00ceff,0200e4fffafffaffd4ff3e004a001a0004000400f8ff0600faff0c000c00fcff,fcff0e0004000400eeff000014000400fafffafffeffeeffeeff1000e6ff1600,000020000600cafffaff0c00e4ff1400709b3034946dac9bbcb1886e381024b2
6355,6355,0,fcffecff00000000f2fff2ff0c000c00faff0c00feffceffd4ff02002e00deff,e4ff1200fafffafff2ffe2fffaffeaffd2ffe2ff0600f8fffaff1c002c00fcff,ecff0e000400040030000000f4fff4ffdafffafffefffeff1000eefff6ff0600,10001000e8ffe8fffaffdaffe4ff24007cb1766ed81110b18234920f609b1634
6356,6356,0,fcff0a00deffdeff0000e2ff2c000c00daff0c00e2fee2fef4ff4000eeff0e00,f4fff4fffafffaff2e002e00eaff2a00f2ffd2ffd8ff06002c00eaff0c001c00,fcff0e00140022000000eeff04001400daffccfffefffeffdeffdefff6fff6ff,30000000caff24001c00daff14001400e832a6105a9cc033786e149c94b1306e
6357,6357,0,0a000a00eeff0000100000001c00fcfffaffcaffe2fe0c00020002002e000e00,e4fff4ffdafffafff2ffe2ff0a00faff0400f2ffe8ffe8ffeaff0c00fcff0c00,0e00ecffe6ff0400eeff000014002400dafffafffeffeeffeeff000006000600,eeffeeffe8ff6400daff0c002400f4ff766ea09b24b0746df610bcb10633c810
6358,6358,0,fcff1a00eeffdeff0000f2ff0c00ecfffaffdaff1c00eeffd4ff02000e00eeff,0200f4ff0c00eafff2fff2ff1a000a00f2fff2ffe8ffd8fffaff0c00fcfffcff,1e000e001400f6ff000000001400f4ffeaffccff1c00e0ff0000eefff6ff0600,eeff10001600daffdaff0c0024000400a611dcb040339e12349cc032706e809b
6359,6359,0,fcffecffeeff0000e2ff1000fcffecfffaffcaffeeffeeffe4ffc6ffeeff2e00,020002001c000c00f2fff2fffafffafff2ffd2ff1600f8ff1c00faff1c00fcff,fcff0e00220032001000eeff14000400daffeaff0c001c00eeffeeff0600f6ff,deff20004600f8fffaff0c0014000400109c48323a6e8a9cfcb0a86eb21134b1
6360,6360,0,fcfffcff000020004e0010000c00fcffdafffaffdeff1c00f4ff12000e000e00,02002200fafffaffe2ff2e00faff1a001400f2ff060036000c001c00dcfffcff,1e009cff140004001000100004002400ccff28001c000c00eeffeefff6ffe6ff,00003000f8ff06001c00faff040024005cb0d66e6e1394af10321a12a29c4a32
6361,6361,0,ecff1a00eeff00001000f2fffcffecffdafffaffeeffeeffd4ffd4fffeffeeff,1200e4ff0c00eaffe2fff2ff1a00fafff2fff2ff0600f8ff0c001c00fcffecff,0e000e000400040000003000140044001800daffe0fffeff3000100006000600,3000ceffdaff46001c00daff140014009e316012ea9c5032b86e449c4ab0b86e
6362,6362,0,fcfffcffceffeeff1000e2fffcff1c00faffcaff1c00e2fef4fff4ff1e00feff,120002000c001c0000000000fafffaff040014002600f8ffeaffeafffcffecff,0e002e001400f6ff0000deff04001400fafffaffeeffeeff0000eeff0600e6ff,2000deff16001600fafffaff2400c4ffa66e409ce4ae5a6e9a1298af6431c212
6363,6363,0,ecff0a00000000000000f2ff0c00fcffbaff0c00eeffdeffd4ffd4ff1e002e00,e4ff02001c000c00e2ff0000eaff1a00e2ff0400e8ff06000c000c001c00fcff,1e000e00140014000000eeff14001400faff08000c00feffdeff2000e6ff2600,000000002400daffeaffeaff1400d4ff9013a6af30325e14f49c2032806e1a9d
6364,6364,0,dcffecffeeffeeffe2ff0000ecffecffeaffdaff1c00eeffe4ffc6ffeeff1e00,e4ffe4ff0c001c00e2ff2000faff1a001400f2ff2600f8ff0c00fafffcfffcff,1e000e00f6fff6ff1000000004001400faff0800feffeeff10000000d6fff6ff,eeff10000600f8fffaff2c0004000400529dfe303a6e9a9d48afc86e4e130ab0
6365,6365,0,0a00fcffeeffeeff1000f2ffecfffcfffafffafffeffeeffc6ffd4ffeeff2e00,02001200fafffaffd4ff2000fafffaff0400f2fff8ffd8fffaff0c000c00dcff,fcff0e001400e6ffeeff000014001400fafffafffefffeff3000300016001600,eeff2000e8ff06000c00daffd4ff540056afe66e5c1556ae0c31da126a9de430
6366,6366,0,fcffecff00001000e2fff2ff0c000c00dafffaffe2fedeffe4ffe4ffdeff2e00,f4ff1200faff0c00e2ff2e00faff0a00f2ff1400360016000c00eaff0c00dcff,fcff0e002200f6ff0000eeff14002400daff0800feff0c00eeffdeff16002600,1000deffe8ff06001c00faff040054005e309013fa9d6c31f86e889eb8ae126f
6367,6367,0,1a000a001000deff0000f2ffecfffcfffaff0c00eeff0c00c6ff02000e00feff,120012001c001c00f2fff2ff0a00fafff2fff2ffe8ffe8ffeaff2c000c00dcff,0e000e000400220000000000d4ff0400daff36001c001c00eeff0000e6ff0600,10000000f8ff4600faffeaff4400f4ff066fb29dc8ad9a6e181548afaa2f5e14
6368,6368,0,fcfffcff10000000f2fff2ffecffdcfffafffaffdeff0c00c6ffd4ff0e002e00,0200f4fffaff0c002e00f2fffaffeaffd2ff040026002600fafffafffcff0c00,fcfffcff220004000000000024000400ccfffaff0c000c00eeffeeff06001600,ceff00004600f8ff0c002c004400e4ff0c15f6ae9c30dc15749d842e026fea9d
6369,6369,0,fcff0a001000defff2fff2ffecfffcff0c00fafffeff0c0002000200eefffeff,e4ff0200fafffaffe2fff2ff1a001a00e2fff2ff160006002c000c00ecfffcff,ecff1e000400f6ff00001000140014001800eaffe0ff0c00000000000600f6ff,ceff10000600baffeaff2c0024001400909e582f9a6e2a9ea8aef86e761568ae
6370,6370,0,fcff0a00000000001000f2ffdcff1c00faff1c00ceffeefff4ffe4ff0e000e00,f4fff4ffeaff0c002000e2ff0a00faff1400f2ff06001600eaff0c001c00fcff,fcff0e00140004000000100004002400daff0800fefffeffeeff000016000600,10002000e8ff16000c00eaff2400240076ae066f4a1628ad942ea8162a9e2a2f
6371,6371,0,ecffecff0000eeff2000d2ff0c00fcffeaff0c00eefffeffe4ff1200eefffeff,d4fff4ffeaff0c00f2ff2e00fafffaff0400e2ff160036002c000c00fcff1c00,ecff0e0014001400eeff100014000400fafffafffeffeeff0000defff6ffe6ff,1000deffe8ff16000c00eaff24003400a82e1816f89ef62fe86ef89ec8ad426f
6372,6372,0,fcfffcffeeffdefff2ff1000fcffecffeaffeaffeeffceffe4ffe4fffeff0e00,0200f4ffeaffeaffe2ff4c00fafffaff0400f2ff060036002c001c00ecfffcff,dcfffcfff6ff0400deff1000f4fff4ff28000800feffeeffeeff000006002600,2000eeff06001600eaff0c004400e4ff166fa09ec8acda6e981658ad282e4616
6373,6373,0,0a00fcff1000defff2ff0000fcfffcffcafffaffeeffceffc6fff4fffeff0e00,f4ff0200daffeaff2000f2ff0a000a000400f2ff3600f8fffafffafffcff1c00,2e00dcfff6ff04000000100004001400daffdaff0c00eeffeeff20002600f6ff,deff0000f8ffcaffeaff0c0054002400ea169aad462f4a17589fd82e426f8a9e
6374,6374,0,fcff0a000000eeffe2ffe2ff0c001c000c000c00e2feeeffe4ff0200eeff0e00,12001200faffeaffe2ffe2fffaff0a001400f2ff160006000c00fafffcff0c00,dcff1e00040004000000100014000400ccffccff0c000c00eeffeeff0600e6ff,deff48001600daff1c001c0004001400f09e282eca6e6a9ee8ad486fde1658ad
6375,6375,0,2a002a0000001000000000000c00fcfffaff0c000c00eefff4ffe4fffefffeff,f4fff4ffeaff1c00f2ffd4fffafffaff14001400f8ff36001c001c000c00ecff,2e002e00f6ff0400eeff0000f4ff0400bcff0800e0ffe0ffeeffeeffe6fff6ff,deff1000f8fff8ff1c00eafff4ff240008ad366f681838ac542df816ba9e882d
6376,6376,0,fcfffcff000000000000f2ffdcff0c00caffeaffeeffe2fef4ff0200eeffdeff,120012000c000c00f2ff10000a00faffe2ffe2ff360036000c002c00ecffecff,0e000e00f6ffe6ffeeffeeff0400f4ff0800ccffeeff0c000000deffd6ffe6ff,10000000e8fff8ff2c001c00f4ff34003c2d6a17669f982e886fd89fc8ac526f
6377,6377,0,1a001a001000eeff2000e2ffecffdcfffaffdafffeffe2feb6ffd4ffdeff0e00,020002000c00fafff2fff2ff0a001a001400f2ff5400e8ff2c000c000c00ecff,0e00fcfff6ffe6ff2000100014002400eaffeafffefffeffeeffeeff16000600,0000ceff0600f8ffeaff1c001400e4ff266f609f88abda6e2c18e8aca82cce17
6378,6378,0,fcff0a000000eefff2ffe2ff1c001c001c000c000c00eeffe4fff4ffdeffdeff,e4ffe4ffeaff0c00f2ff0000faff0a000400e2ff16005400eaff0c000c000c00,0e001e00f6fff6ffdeffeefff4ff1400eaff08000c000c00deff000036001600,000010001600caffdaff1c004400d4ffb01888acc82d70192ca0f42b926f729f
6379,6379,0,fcfffcff0000defff2ff2000fcffecff0c001c00ceffceff12001200defffeff,f4fff4ff0c00eaffd4ffe2fffaff1a0004001400e8ff06000c000c00ecfffcff,0e002e001400040020000000e4ff040018000800eefffeff200000000600f6ff,eeff30001600dafffaff1c001400f4ff36a0562cba6e769f58ac186fb01810ac
6380,6380,0,2a001a000000eeff000010000c00dcffbaff0c00eeffcefff4ffe4ffdeffeeff,1200e4ff1c00faff2e00e2fffaff0a000400d2ff16002600faffcafffcffecff,0e002e00140004000000000014001400daff18001c000c001000eeff2600f6ff,00000000e8ff06000c00daff2400340004ac766f661a42aa042c8c19c29fb02b
6381,6381,0,0a00fcff0000eeffe2ff00001c00ecffcaff0c00eeffeeff0200e4ffeeffeeff,2200f4ff1c00eaffe2ff2e00faff0a00f2fff2ff260006000c001c000c00fcff,dcfffcff14000400eeff0000e4fff4ffeafffaffeeffe0ff0000eefff6fff6ff,3000deffbaff4600fafffaffe4ff1400ce2af01826a0982d386f2ca080ab626f
6382,6382,0,1a00fcffdeffceffe2ff1000fcfffcfffaffdaffdeffe2fed4ffe4ff0e00deff,020002000c000c004c00f2ff0a00eaff1400f2ff06001600faff1c001c000c00,fcffecffe6ff14001000eeff0400e4ffeaff0800eefffeff0000eeff26001600,1000defff8ff0600dafffaff4400f4ffac6f86a002aa1a6f101ad6aa302b8019
6383,6383,0,1a000a00eeffdefff2fff2ff0c00fcffcaff0c00eeff0c00f4ffd4ffeeff0e00,120022000c00fafff2ffe2ffeaffeafff2ffe2ff260046000c002c00ccfffcff,1e000e00f6ffd8ff00000000240024002800eaff0c00feff100010002600f6ff,100000002400f8ffeaff0c002400e4ff1a1a94ab882dd41aeca0a42b826f84a0
6384,6384,0,fcff1a00eeff0000000000000c00ecfffaff0c00eefffeff020002000e00feff,e4ff1200faff3c00f2ff2e00eaffdafff2fff2ff26000600faff0c00fcffecff,0e001e001400f6ffdeff000014000400faffdaffeeffeeff000000002600f6ff,deff20001600dafffaff2c00d4ffe4ffa6a07e2afa6ed6a0d6aa586f301a30ab
6385,6385,0,fcfffcffeeffceffd2ff1000fcfffcfffafffaffeeffeeff1200f4fffeffeeff,0200f4ff0c00faff00000000eafffaff04000400060026001c000c00fcfffcff,0e000e000400e6ff0000000024001400eaff3600feffe0ffeeff3000f6ff2600,eeff2000f8ff46001c00faff0400440074aa766f541bc2a97029b01ae4a0642a
6386,6386,0,2a002a00ceffdeff00000000ecff0c00faff1c000c00feffe4ff2200feff1e00,1200f4ff0c00eaffd4ff20000a00faff0400f2ff640046000c000c00ecfffcff,fcff0e001400f6ffeeffeefff4ff1400eaff08000c00eeff0000eefff6ff1600,2000eeffcaff16002c000c00240024003429da1ae6a0882d686f40a244aaa26f
6387,6387,0,ecfffcff000010000000f2fffcfffcfffafffaffceffeefff4ffe4ffeeff0e00,f4ff0200faff0c00e2ff2e00faff0a00f2fff2ffe8ffd8ff0c00faff1c001c00,1e00fcff04000400deff10000400e4ffdaffdaffeeff0c002000eeff1600f6ff,3000eeffe8ff0600eafffaff4400f4ffcc6f26a172a96a6fc21b76aa4429c21b
6388,6388,0,fcff0a00100020000000f2fffcfffcffdaff0c001c00eeff1200f4ffeeff1e00,020002001c00faff3e0000004a00fafff2fff2ff260006001c000c00fcffdcff,0e008cff1400040010002000f4ff1400daffeaff1c000c0020000000f6fff6ff,eeff0000f8fff8ff0c003e003400f4ff281c8aa94c28441c20a24028c26f14a1
6389,6389,0,0a00fcffeeffeeff0000f2ffecffecfffafffaff0c000c00f4ff02000e001e00,02000200eafffafff2ffe2ffeaffcafff2ff040036001600faff0c000c00dcff,0e000e001400f6ff200000000400f4fffaffdafffeff0c00eeff1000f6ffe6ff,eeff1000f8ffe8ff0c002c00e4ff140046a1b428da6e76a116aa886f021ce4a9
6390,6390,0,0a00fcffeeff0000f2ff0000fcff0c00daff0c002c000c003000d4ff2e00deff,e4fff4ffeaffeaffe2fff2ff1a00eaff04000400360026000c001c00ecfffcff,0e000e001400f6ff3000eeff1400e4fffafffafffeffeeff20000000f6ff0600,eeff3000dafff8ff0c00eaffe4ff34004aa9bc6fe41ce2a82028e21c94a1aa28
6391,6391,0,fcff0a001000eeff00000000fcfffcfffaffcaff2c00e2fef4ff12001e002e00,f4fff4ffeafffaff000000000a001a00f2ffe2ff260006000c00faffecff1c00,1e00fcfff6ff04000000eeffe4ffd4ffeaffdafffeff0c001000defff6fff6ff,1000eeffcaff06000c00daffe4ff44000428fc1ce6a11c27c86f50a264a9c26f
6392,6392,0,fcfffcff100000000000d2fffcfffcfffaffdaff2c002c00f4ffd4ff0e000e00,d4ff1200fafffaff2000f2ffeaff0a00f2ff2400f8ff46002c001c00fcff0c00,fcff0e0004001400000000000400f4fffaffccffd0ff6600eeffceff16000600,2000deff060046000c00faff1400d4ffcc6f30a242a80a6f221d02a9ca273a1d
6393,6393,0,0a00fcff20002000e2ff0000fcffdcff0c00faffdeff1c01e4ff12002e000e00,f4fff4ffeaff0c00f2fff2ff0a00faff14001400060026000c002c001c001c00,0e002e001400f6ffeeff100014000400eaffdafffeff0c000000eeff16000600,deffeeff2400e8ffdaff3e00240004009c1ddaa89c26501e10a33028b26f64a2
6394,6394,0,0a001a0000000000f2fff2fffcffecff0c000c00eeffdeff020002000e000e00,12001200eaff0c00e2ffe2ff0a00faff0400f2ff4600f8ff0c001c00ccfffcff,fcfffcff1400140010001000f4ff1400daffeaff1c001c00deff0000e6ff0600,deff20004600cafffaff2c000400f4ff90a24e27ea6ec4a2d2a8786fca1deaa8
6395,6395,0,1a00ecff10000000f2fff2fffcfffcffdaffcaff0c00e2fe2200d4fffeff0e00,02000200faff0c00f2ff0000faff0a00f2fff2ff36002600faff0c000c00ecff,0e00dcff14001400eeffdefff4ff1400fafffafffefffeff10000000f6fff6ff,00003000f8ffe8ff1c00eaffe4ff34004aa8ac6fb01e12a8bc26421d94a23a27
6396,6396,0,1a00ecff0000defff2ff0000ecff0c00daffdaffe2feeeff2200f4ff0e000e00,f4ffd4ff0c000c00e2ffe2fffafffaffd2fff2ff460006001c000c00ecffdcff,0e00fcfff6ff0400000010000400f4ffeaff18000c001c00eeffdeff06000600,eeffeeffbaff24001c00fafff4ff24006e264a1ed4a25c26886f90a34aa8d26f
6397,6397,0,fcff2a00eeff1000e2fff2ff0c00fcffdaffdaffdefffeff3000e4ff0e00eeff,1200f4ff0c001c00e2ff20000a00faff1400f2ffe8ff1600eaff0c00dcff0c00,dcff0e00140022000000000014001400eaffccfffefffeff0000deff06000600,1000deffe8ff0600dafffaff44000400cc6f00a344a73a6ff21e62a838266a1e
6398,6398,0,0a00ecff00001000f2fff2fffcfffcffcafffaffceffeefff4ff12000e000e00,14001400faffeaff2e00f2fffafffaff04000400060026001c000c001c00dcff,dcffecff14000400000020000400f4ffdaffeaffeefffeffdeffeefff6fff6ff,0000defff8ff0600b8ff0c002400e4ff3a1fcaa73c26401f22a40e25c26f40a3
6399,6399,0,ecfffcffeeffdeff2000d2fffcff0c00daffdaff2c00eeff300012000e000e00,1400f6ff1c000c002000e2ffeaff0a0014000400f8ff26001c000c00fcfffcff,fcfffcff220004000000eefff4ff0400daff18001c000c001000eefff6fff6ff,ceff30001600dafffaff0c00e4fff4ff50a390253a6f44a36ea7686f821f3aa8
6400,6400,0,0a00ecff0000eeff0000e2ffdcfffcfffaffdaffeeff0c000200f4ff0e001e00,240024000c000c00e2ffd4fffafffaff14000400d8ff16001c000c00fcff0c00,0e00fcff04000400eeffdeff14000400bcffeaffeefffeff0000eefff6fff6ff,deff0000f8fff8ff1c00fafff4ff040054a71c70c01fd4a69e24362040a38825
6401,6401,0,0a00ecffeeff0000e2ff10001c00fcfffaffdaffeefffeffe4ff0200eeffceff,e6ff14000c000c00e2ff0000faff0a00f2ff0400e8fff8ffeaff0c000c001c00,dcfffcff04000400eeffeeff04000400080008000c00feff00001000f6ff0600,1000deffcaff1600faff0c0004004400e0248a1f54a3b024a86f12a430a7d26f
6402,6402,0,2a001a000000eeffe2ff10000c001c000c001c00eeffe2fef4ff02000e00eeff,14001400eaffeaff2e00d4ffeaff0a00e2ff0400f8ffc8ff0c001c000c00dcff,0e000e0014000400eeff000014000400dafffaff1c00feffeeff0000f6ffe6ff,0000deff06004600daff0c002400f4ff2c7090a326a64a6f9620eea64024b21f
6403,6403,0,1a002a0000001000f2ff1000dcffecfffaff1c000c00feffe4ff1200fefffeff,14000400eafffaffd4ff3e00faff1a0004001400f8ff16001c002c00fcfffcff,1e001e0004001400000010000400f4fffaffeaffeefffeff0000200006000600,deffceff4600f8ffeafffaff1400f4fff02074a6a023fe20fea46c24027010a4
6404,6404,0,fcff2a001000eeffe2ff1000fcff0c00daff0c000c000c002200e4fffefffeff,1400f6ffeafffaff2e00f2ff0a00eaffd2fff2ffd8ffc8ff0c00faffdcff0c00,0e000e000400f6ff0000100014001400faff28001c000c00000000000600d6ff,beff10001600caff1c002c00e4ffd4ff20a450244a6f38a48ea63c70842198a6
6405,6405,0,ecfffcff100010001000f2ff0c000c000c000c00eeffe2fee4ff22001e00feff,140024000c00faffd4fff2ff0a00faff14000400d8ffd8fffaff0c000c002c00,ecff0e000400f6ff1000defff4ffe4ffdaffeaff0c000c00200000000600f6ff,deff10000600f8ff2c000c00d4ff240074a62c706c21c6a54a23062190a4f023
6406,6406,0,0a00fcff100000000000d2ff0c00fcff0c000c00eeffdeff12000200fefffeff,0400f6ffcaffdaffe2fff2ffdaff0a00d2ff0400260026000c00faffdcfffcff,0e00fcff0400f6ffeeff000004000400460008000c000c002000eeffe6fff6ff,30000000daff46002c00eaff04002400da22402198a4f222c86fcea558a6e26f
6407,6407,0,0a00fcff10000000f2fff2fffcfffcffeaffdaffeeffeeff02001200feff2e00,24001400faff0c00e2ffe2fffafffaff0400d2ffd8ff36000c00faff0c00fcff,fcfffcff14000400eeffeeff14000400eaffccff0c00eeff100000002600e6ff,1000eeff06007200eafffaff04000400dc6f9ea476a54a6ffa21bea67023a421
6408,6408,0,ecfffcffeeff000010000000ecfffcffbafffaff0c00eeff02000200deffdeff,1400f6fffaff0c00e2fff2ffeaff0a0004001400d8ff0600eaff0c00dcffccff,0e001e00040014001000000004000400eaffeaffeeff0c0010000000f6fff6ff,deffeeff1600dafffaff3e002400f4ff8a2286a5422272223ea5a621027028a5
6409,6409,0,fcfffcffeeff100020000000fcffecfffaffdaffe2fee2fe0200e4ff2e00eeff,f6ff1400fafffaffe2fff2ffeafffaff04000400160006001c00faffecffecff,0e000e001400f6ff1000eeff2400f4ff080018000c00e0ff00000000e6fff6ff,eeff10000600dafffaff1c00f4ff4400bea41a222a6ff8a4cea5686fe022d8a5
6410,6410,0,1a00fcffeeff00002000f2fffcff0c000c001c000c00deff12000200eefffeff,14001400eaffdaffd4ff2e00eafffaff04001400060054000c00eafffcffecff,1e00fcff14002200eeffdeff14001400eaffeaff1c00feffeeffeeffe6ff0600,eeff1000f8ff06002c00fafff4ff140056a5cc6ff22278a4fa213a23a8a54422
6411,6411,0,fcff2a00eeff1000f2ffe2fffcff0c00faff0c00fefffeff02000200eeff0e00,e6ff1400faffeaff2e000000eaff0a00f2fff2ff06004600eaffeafffcfffcff,0e00fcfff6ff1400eeff20000400f4fffafffafffeff0c001000deffd6ffe6ff,2000eefff8ff24001c00eafff4ff44002021ea2246a59c21886ffea568a5f26f
6412,6412,0,fcff0a0000001000f2ff2000fcffecffdaff1c000c002c0030000200fefffeff,f6ff0400eafffaff0000e2fffaffdafff2ff1400060006000c000c000c00fcff,0e00fcff140014001000000014002400eaffdaffeeff1c001000eefff6ffe6ff,0000ceff06006400fafffaff2400d4ff1c70b8a578a4fa6efc23eea454214023
6413,6413,0,0a002a001000eefff2ffe2fffcffecffeafffafff2fe1c0002003000ceffeeff,0400d6ffdaffdaff20002e00faff0a0014001400060006001c00cafffcff1c00,1e000e00140014001000100014000400faff08001c000c00eeff100006001600,eeff00001600f8ffdaff0c002400e4ffda236ea40c21f023fea61621e26ff8a5
6414,6414,0,0a00ecff10001000e2ff0000fcff1c001c00eafffefff2fef4ff4000cefffeff,0400f6ffeafffaffe2ff2000dafffaff040004003600d8ff2c00fafffcff0c00,fcff0e0004000400100010001400140008000800feff0c0000001000d6ff1600,deff30000600e8fffaff3e00f4fff4ff94a640213a6fc6a52ea5c86f7024a0a4
6415,6415,0,ecfffcff1000100030000000dcfffcfffaffcaffdeffceffe4ff0200eeffeeff,f6ff14000c00faff0000f2fffafffaff1400f2ff2600f8ffeaffeaffccffdcff,0e00fcfff6ff14000000000004001400eaff0800fefffeff00002000f6fff6ff,deff2000f8ff06004e00faff14000400b0a31c70a024e8a38620fc2348a69a20
6416,6416,0,fcff1a000000200020000000ecfffcfffaffcafffeff1c0012000200feffeeff,e6ff04000c00faff3e00e2fffaffeafff2ffb0ff36000600fafffafffcffdcff,0e001e000400f6ffdeff100004001400360008001c000c00eeff2000e6ff0600,1000eeffdaff16003e000c00f4ff24004020002546a68c20986f7ea760a41270
6417,6417,0,fcfffcff0000000020001000fcfffcfffaffcaffe2feeeffe4ff30000e000e00,14002400eaffeaff2e00e2ffeafffaff0400e2ff16003600eaff0c001c00ecff,fcffdcff0400f6ffeeffeeff040014003600fafffefffeff2000000006000600,0000deffdaff0600dafffaff44001400dc6fd4a698a33a6fbe24aea4b21f1825
6418,6418,0,1a00fcff00000000f2ff1000fcff1c00faffbaffeefffeff02003000feffeeff,e6ff1400faff0c000000f2fffaff0a002400f2fff8ffe8ff0c001c00fcfffcff,1e00fcff0400f6ffdeffdeff2400f4fffaff2800eeff0c000000eeff06000600,eeff00000600daffdaff1c005400e4ff0e2620a3f01ee0258ea7c21e027010a7
6419,6419,0,fcff1a000000eeff0000d2ff0c00fcfffaff0c00feffeeff02000200fefffeff,f6ffe6ff0c00faff0000f2ffeafffaff0400240036001600eaffeaff0c001c00,1e002e0014000400ceffeeff34002400eaff0800eeff0c0010001000d6fff6ff,ceff10001600cafffaff1c000400240084a7ca1e0a6f44a70ea4886fa825c0a3
6420,6420,0,0a00fcff00000000f2ff0000ecff1c001c00faff0c00deffd4ffc6ffdeffceff,04000400eaffeaff3e00d4fffaffeaffd2ff0400160016001c00caffecff1c00,fcff2e0014001400eeff0000f4ff24001800faff0c00feffeeffdeff0600f6ff,eeff1000e8ffe8ff1c000c00e4ff3400f0a2cc6f5c26c8a2921ecc26b0a76a1e
6421,6421,0,2a00fcff00001000f2ffe2ff0c000c001c00daffc2feeeffe4ff1200eeff3e00,f6fff6ff0c00eaff10002000eafffaff1400f2ff16000600eaffeaff0c00ecff,ecff9cff0400f6ff10001000040014000800eaffeefffeff20001000d6ffe6ff,1000deffdaff54003e00fafff4ff14004a1ebe2694a7901e786f02a820a3d26f
6422,6422,0,2a00fcff000000000000f2fffcfffcffcaff0c000c000c000200e4ff0e000e00,f6ff1400eafffaffe2ff1000eaff1a00e2ff0400260026000c001c000c00fcff,dcff0e00e6ff04001000200014001400faffccff0c001c0010000000f6ff0600,40000000e8ff4600eafffaff54000400ec6f2aa8e8a27a6f0c2710a33a1e7826
6423,6423,0,fcff1a0000001000f2fff2ff0c00fcff0c00daffe2fe1c00120040002e00feff,0200d4ffeaff0c00f2fff2fffaffeaff0400f2ff3600e8ffeaffeafffcff0c00,0e00ecff22001400acffeeff0400140008000800feff0c000000eefff6ffd6ff,000010004600f8fffaff1c001400f4ff5e2770a2541dfc26a2a8621ee26f5aa8
6424,6424,0,dcfffcff0000000020001000dcfffcffdaff1c001c00eeff12005000deff1e00,220002000c000c00f2ffe2ffeaff0a00f2fff2ffe8ff06002c000c001c00fcff,ecfffcff1400f6ff10001000f4ff1400faffdaffeeffeeff00002000f6ffe6ff,ceff3000f8ffacfffaff3e0004001400caa84c1d1a6ff4a7d0a2886fba27a4a2
6425,6425,0,1a000a00eeffdeff00000000fcfffcfffafffafffeffeeff120002002e00feff,1200f4ffeaff0c00e2ff2e00faff0a000400140036000600faff0c00fcff1c00,1e009cfff6ff0400eeff100014000400daff08000c000c001000000006000600,eeff2000f8ffdaff1c00faffd4ff2400b6a1dc6fbc2716a2721c8c2724a9ea1c
6426,6426,0,0a00ecffceff3000f2ff20000c00fcfffaffdafffeff1c0012001200feff4e00,020002000c00daff0000e2ff4a00eafff2ffe2ff1600d8ff2c00eaff1c001c00,fcff0e0004000400eeff1000f4ff14002800faffe0ff1c001000eefff6ff1600,1000eefff8ff06000c00eaffe4fff4ff8c1c8428d2a8b41ca86f82a934a2c26f
6427,6427,0,fcff0a00eeff10000000f2ffdcffecff1c00faffceffeeff02004000fefffeff,020002000c001c00e2ff0000fafffaff0400e2ff16002600eafffafffcfffcff,0e00fcff040004001000deff0400040018000800eefffeffdeffdeffe6ff0600,2000deffe8ff46000c00eaff1400f4ffbc6f6aa986a13a6fd02870a2221c9a28
6428,6428,0,0a001a000000deff100010000c000c00daffcaff3c01e2fe300012000e00feff,12001200faffdaff10002e000a00faffe2ffe2ff260026000c00fafffcff0c00,0e00fcfff6ffd8ff1000100024000400bcffccff0c001c000000000016002600,deffdeff1600e8ffeaff1c002400d4ff242986a1441c9c2816aa001bc26f74a9
6429,6429,0,0a00fcff0000eeff0000e2fffcff0c000c00dafffefffeff12000200eeff0e00,0200f4fffaff0c00f2ffd4fffafffaff0400c0ff26003600fafffaff0c001c00,1e000e000400f6ffdeffeeff04001400eaff18000c000c00eeff10000600f6ff,beff00004600daffdaff1c00d4ff040064aab81b4a6f52a9bca1a86f7429c4a1
6430,6430,0,ecff1a00ceffeeffe2ff2000fcffecffdafffafffeff0c00f4fff4ff0e00eeff,12001200eaffeaff2e00f2ffeafffaff0400f2ff160026000c00faff1c001c00,2e00fcfff6ff04000000eeff14000400faffeaff1c00e0ff10001000f6ff4600,eeff2000e8fff8fffaffeafff4ff040026a1766f1a2906a1c01a5029b4a9b21b
6431,6431,0,fcff0a000000000000000000ecffecff1c000c000c001c0002002200feff2e00,22001200eafffaff20001000faff0a00f2ff3600260026001c000c00fcfffcff,7cff1e00f6ff1400000000000400f4ff2800fafffeff0c00eeff0000e6ff1600,1000eeffcaff16001c00fafff4ff44009a1afe29d2a9b41b386f16aaf4a0a26f
6432,6432,0,0a00fcffeeffeeff00002000fcff0c000c000c00feffdefff4fff4ff0e00feff,f4ffe4ffeafffaff3e00e2ffeaff0a001400f2ff160006000c00faffecfffcff,1e001e0004000400deff0000040014000800faff0c000c00100010003600f6ff,1000befff8ff4600fafffaff24002400666f54aa76a02a6fb02948a0861a042a
6433,6433,0,1a00fcffeeffceff00002000ecfffcfffaffcaff2c01eeff02000200feff2e00,f4ff2200faffdaffe2ff20000a00eaff04001400e8ff0600eaff0c00dcfffcff,0e00fcfff6ff040000000000240024002800dafffefffeff10002000f6ff1600,eeffeeff1600f8ffdaff0c001400d4ff5e2a96a0661a222ab6aa701aa26f94aa
6434,6434,0,0a002a00eeff000000000000ecff1c000c00daffceffeeffe4ffe4ff0e00eeff,12001200eaff0c000000f2ffdaff0a00f2fff2ff16001600fafffaff1c000c00,fcff2e00f6ff04000000deff14001400eaff2800e0ff0c001000eefff6ff0600,eeff0000f8ffe8fffafffaff04001400c4aa8019fa6e52aa68a0586ff02ac4a0
6435,6435,0,ecfffcff000000000000e2fffcfffcfffafffafffeff0c00f4ffe4ff1e000e00,02000200fafffaff0000f2ff1a00fafff2ff1400260006000c00eaffecfffcff,ecff3e002200f6ff0000eeff04000400eaffeaff1c00feff00000000f6ff0600,10002000daff06000c00fafff4ff240046a0766fd22a06a05c19942a30aba019
6436,6436,0,ecfffcffeeff100010000000fcfffcfffafffaffceffeefff4ff02002e000e00,2200f4ffeafffaff20002e001a00faff0400140026001600faff0c00ccffecff,fcffecff0400140020001000f4fff4ff0800faff0c00feff2000100026002600,2000deffdafff8ff0c00eaff04005400f0185e2bd2aa261a686fd8ab42a0c26f
6437,6437,0,fcfffcffeeff0000e2ffe2ff2c00ecffdaffeaffeeffeeff22003000feff0e00,02000200fafffaff2e00c4ff0a00eaffe2ff1400360054000c00faffecffdcff,1e00fcff0400f6ffdeff00001400f4ff36002800e0fffeff0000deff06000600,4800cefff8ff1600faff0c0024000400766f74ab26a0ea6ee82cc49fb018902b
6438,6438,0,ecff0a0010000000000020001c00fcffcaffdafffeffeeff1200f4fffefffeff,0200f4ff0c00faff2e00e2ff0a001a0004001400260006000c000c00bcff0c00,0e000e00040014001000deff0400e4fffaff08001c000c000000eeff16000600,eeffeeff4600f8ff0c000c003400d4ff8e2b36a09018382ee8ac6c17a26f70ab
6439,6439,0,0a00fcffeeffceff20000000ecfffcffcaffdafff2fee2fee4ff12002e003e00,1200e4fffaff0c000000f2ffeaff1a000400140036003600eaff0c00fcffecff,dcff1e00f6fff6ff0000100004001400faff0800eeffeeff0000eeffe6ffe6ff,deff10001600f8ffeaff0c000400140098ac2018ba6eb0ab449f486f982cc29f
6440,6440,0,2a000a001000000000000000fcff2c00fafffaff1c00e2fef4ff1200fefffeff,e4ff0200daff0c00d4ff20000a00eafff2fff2ff06003600eafffaffecfffcff,0e000e0004001400000000000400140028002800eeffeeff10003000d6fff6ff,ceff5800f8fff8ff1c00eaffe4ff1400a09f566f682e769f6c17082e50acae17
6441,6441,0,0a00fcffeeff00001000e2fffcff1c00faffdafff2fe1c00f4ff0200defffeff,02001200eaffdafff2ff00000a00faff1400f2ff36002600fafffafffcffccff,1e002e00f6ff14000000eeff04002400eaff28000c00feff00001000f6ff0600,1000eeffe8ff06001c00c8ffe4ff54002a174c2cc0ab3a18386fb8ac729f426f
6442,6442,0,fcff2a000000eeff100000000c00fcffdaffeaffe2fe3c00f4ffc6ff1e00feff,12002200daffdafff2ff0000eaff0a003600360026000600caff0c00ccffecff,1e00fcff1400d8ffeeff100014002400faff0800feff0c001000deff26001600,3000eeffe8ff4600fafffaff44001400066ff8ac189fca6e282e949e2e17f62c
6443,6443,0,1a00fcff1000000030001000fcffecffdafffaffeeff0c0002000200ceffeeff,12000200faffdaff20002e00faff1a001400040006002600faff0c000c00fcff,0e001e001400e6ff00000000f4ff1400fafffafffefffeffeeff0000f6ffe6ff,0000eeff1600f8ffeaff2c0044000400922d109f3a17762f28aeec16626fd8ac
6444,6444,0,fcfffcffdeff00002000f2ff0c000c00faff0c00e2feceff12002200eefffeff,12001200eaffeaffe2ffd4ffeaff0a00f2fff2fff8ff2600eaffeaffecfffcff,dcff0e001400f6ff00000000f4ff04002800eaffeeffeeffeeff0000e6ff0600,eeff30000600daffeaff1c000400e4ff4aadea16ea6e20aca49e186f5a2e029f
6445,6445,0,0a00fcffeeff1000f2ffe2fffcffecff2c001c000c001c00d4ff30000e00feff,e4ff0200eaffdaff2e002000eafffaff0400f2fff8ffd8ffeaff1c000c00acff,0e001e0004001400eeff200004001400faffdaff0c000c0000002000e6ff3600,eeff2000daff06002c00fafff4ff4400009ff66ef62ff89e5c15682ee8ac3616
6446,6446,0,0a001a001000eeff100000001c000c00daff0c00e2feeeff0200f4ff0e00feff,f4fff4fffaffcaffe2ffe2ffeaff0a00f2ff140026002600baffeaffdcffdcff,fcffecff040014001000deff14001400180008001c00feffdeffdeffe6ff0600,0000eefff8ff06001c00eafff4ff440018167e2ef8ac0c16286f98aeaa9e326f
6447,6447,0,1a000a00eeffeeff000000000c00ecfffaffbaff0c001c00120012000e000e00,1200f4ffdaff0c00d4fff2ffdaffeafff2ffe2ff36003600faffeafffcffdcff,ecffecffe6ff1400eeffdefff4ff1400faff0800fefffeff3000deff16001600,1000eeffdaff1600faff0c00e4fff4ff166f26aeea9dba6ec82fa49e4615d02e
6448,6448,0,0a00fcff000000002000f2ffecfffcffeaffdaff0c00eeff22002200eeffeeff,02001200fafffafff2ff0000faff0a0004001400e8ff0600cafffaffecff1c00,dcff0e00f6ff2200eeff3000f4fff4ff0800daff0c00feff0000000016000600,0000eeff1600f8ffc8ff0c004400b4ff2e2f609eec150c3118ae3c14426fa8ad
6449,6449,0,0a000a000000eeff000000002c000c000c00baffeeffdeff02000200eeffdeff,0200e4ffeaffeafff2ff0000fafffafff2ff0400060026000c000c00ecfffcff,1e00fcff04000400000000001400040008003600feffeeff000010001600e6ff,deff00000600daff0c003e00e4fff4ff86ae1c15aa6eb8ad649d186fc02f0a9e
6450,6450,0,0a00fcff200010001000f2fffcff1c00bafffaff0c00e2fef4ff2200eeff0e00,f4ff0200eaffdafff2ffd4ffeaffeaff040004000600f8ff0c00cafffcff0c00,1e000e001400e6ffeeffeeff14002400faff3600feff1c00000000002600f6ff,eeff20000600daff0c00faffd4ff1400c29de66e4c314a9e1c147c3028aed614
6451,6451,0,1a00fcffeeffeeff2000f2ffecff0c00daffdaffeeffeeffd4ff0200cefffeff,1200f4fffafffafff2ff0000eaffdaffe2ff04001600f8ffeafffafffcfffcff,0e000e0004001400eeff0000f4ff0400180028000c00eeffeeffeeff2600f6ff,1000eefff8ff16003e00c8ffd4ff14001814a82fb8adfc14d86ee8aeea9df26e
6452,6452,0,0a00fcffeeff1000f2ff1000ecff0c00faffdafffeffeeff02002200deffeeff,1200f4ff0c00eaffe2ff2e001a00eaffe2ff0400d8ff16000c00faff0c001c00,1e000e00140014001000defff4ff1400eaffbcfffeff0c001000deff06000600,1000deffdaff54000c000c005400f4ffd66e76afca9d5a6e5c31049dde138030
6453,6453,0,0a000a000000eeff000000000c000c000c00daff0c00eeff30005000fefffeff,e4ff1200eaffdaff0000f2ff1a000a001400f2ffe8ff1600faff0c000c00dcff,fcff0e000400e6ff000010002400f4fffafffafffefffeff0000100016001600,eeffdeff1600daffeaff0c000400e4ff6e30529d5e14303288afec13f26e00af
6454,6454,0,fcff1a001000000010000000ecff0c001c00faff1c00feff120030000e002e00,12000200fafffaffc4ff2e000a000a000400140016000600faff0c000c000c00,0e003e00140014000000deff04000400faffdafffefffeff0000eeff16000600,deff10000600daffeaff1c002400040076af30133a6e26ae849ce86e1a318a9d
6455,6455,0,fcfffcff1000000000001000ecffdcffdafffaff0c00eeff12004000feff0e00,1200f4ffdaffeaff0000e2fffafffaffe2ffd2ff16002600faff0c00fcffbcff,fcff2e00e6fff6ffceffeeff04001400eaffeafffeffeeff400000000600f6ff,deff1000e8ffe8ff2c00faffe4ff2400f29ca66ec0325a9dca123c31a0af7e13
6456,6456,0,ecfffcffceff100010000000fcff0c00daffdaff0c001c00120012000e000e00,d4fff4ffeaffeaffe2ff3e000a00fafff2fff2ffd8ff06000c00faffecff1c00,1e000e00220014002000eeff24001400eaffbcffeeffe0ff20002000f6ffe6ff,eeffeefff8fff8ff2c00dafff4ff440040128e3144afae13986e9cb03a9dc26e
6457,6457,0,2a00fcffeeff0000f2ff00000c00ecff2c00faff0c00eeff120002000e000e00,e4fff4ffeaff0c000000f2ff0a00faff0400f2ff060006001c000c00ecffbcff,1e000e001400f6ff0000000014001400180008000c00feff0000100006000600,2000eeffdaff06000c000c003400f4ff666e3cb01a9d4a6e5032549c52120a32
6458,6458,0,1a00fcff00000000e2fff2fffcff0c000c000c001c000c00e4fff4ffeeff2e00,1200f4ff0c00daff0000f2ff0a000a00f2fff2ff06003600eaffeafffcfffcff,dcff1e001400f6ff1000000014000400ccffccff0c00eeff0000200016003600,000000000600daffb8ff2c000400e4ff4832f29c6e123033dcb00611706e70b0
6459,6459,0,fcff2a00000010000000f2ff1c00fcff0c000c00eeff4c001200e4ffeeffeeff,f4fff4ff0c000c00f2fff2ffdafffaff04002400460036000c00faff1c001c00,0e001e00f6ff14000000deff0400140028000800eeffeeff2000defff6ffe6ff,ceff30001600caff0c000c00f4ff1400fcb006110a6e64af049cb86eba32729c
6460,6460,0,fcff1a00eeff00000000e2ffecff1c002c00dafffeffdeff22002200fefffeff,f4ff1200daffeaffe2ffd4fffafffaff04001400e8fff8ff0c00eaff0c00ecff,1e00fcff140004001000eeff1400140018002800eefffeff10000000f6fff6ff,0000eeff0600f8ff1c001c00f4ff0400d09b966ec0337a9cc610f233e0b04211
6461,6461,0,fcffbcff00000000f2ffe2ff0c000c00fafffaffe2feeefff4ff4000feffdeff,1200f4ffeafffaffe2ff2e00faff0a00140014003600e8ffcaff0c00ecff2c00,0e000e001400f6ffdeffeeffe4ff1400daff36001c00feff0000000006001600,0000deffcaff36002c00eafff4ff44009610083314b03e12c86e2cb1529cc26e
6462,6462,0,2a000a00100010000000f2ffccff0c00eaff0c00eeff0c00c6ff0200eeff0e00,020012000c00faff2e00f2ff0a00fafff2ff2400d8fff8ffeaff0c00fcffdcff,0e000e001400e6ffeeffeeff1400f4ff280008000c00eeffceff000006000600,5800deffe8ff5400fafffaff2400f4ff766e4cb12c9c0a6e6234229ba8106633
6463,6463,0,fcfffcffeeffeeff10002000ecffecffdaffeaff2c000c0002000200feff0e00,e4fff4ff0c000c004c00d4ff0a00eaffe2fff2ff060016000c00faffecfffcff,ecff0e001400f6ff0000defff4ff04002800eaffeeff0c001000100006000600,deffceff0600f8ffdaff2c001400d4ff9434909b5a11fe348cb13610306eaab1
6464,6464,0,1a001a00eeffeeff1000f2ffecfffcffcafffaffeefffeff120012000e00eeff,f4ffd4fffaffeaff2e00f2ff0a00eaff040004000600f8ffeaff1c00dcff0c00,fcff0e0004001400eeff10000400f4ffeaffdafffeffeeffeeff3000d6ff0600,ceff00001600daff1c000c000400240056b2900fea6d32b1529b586eae34b29b
6465,6465,0,0a00ecff000020000000f2ffbcffecfffafffaff0c00eeff120022000e000e00,e4ff1200eafffafff2ffc4ff0a000a00040014002600e8ffeafffaffdcffdcff,1e000e00f6ff0400eeffeeff04001400ccffeaff0c00eeffeeffdeff06002600,00000000caff06001c00faffa4ff2400209b466e7e354c9bc20ed2349ab2b80f
6466,6466,0,0a00fcff00002000100010002c001c00caff0c00eefffeff22001200defffeff,f4ff0200faffdafff2fff2fffaff0a00e2ff0400f8ff16000c00eaff0c00fcff,fcff0e000400f6ff2000deff0400d4ff08003600feff0c000000000006001600,1000deff160016001c00eafff4ff4400400ff63452b14410586e00b3309b206e
6467,6467,0,0a00fcffeeffeeff000000000c000c00faffdaffdeff2c014000f4ff0e00feff,1200f4ff0c00fafff2ffe2ffeaff0a0014002400060016000c000c000c00fcff,dcff1e00e6ff04001000100014000400360008000c00feff0000ceffe6fff6ff,0000ceffdaff36000c00eaff14001400266ec6b24c9bba6d0235e29a080ffe34
6468,6468,0,bcfffcffdeff100000001000fcff0c002c00fafffefffeff02001200deff2e00,f4ff0200eaff0c004c00f2ff1a000a00f2fff2ffe8ff36001c00faff1c00ecff,0e00fcff0400040000000000140004000800eaff0c000c000000eeff0600f6ff,deffeeff0600f8ffeaff1c0054002400b635e09a440f6c36f0b2320de06ddab2
6469,6469,0,fcfffcff1000cefff2ff2000ecff0c00faffdaff1c002c00f4ff12000e00feff,f4ffe4fffaffeaffe2ff2000fafffaff14002400460006000c00faffecfffcff,2e000e0004001400100030001400140018003600eeffeeff1000eeff16000600,deff10001600dafffaff1c003400040006b33e0eaa6de0b1a29a386ede35d09a
6470,6470,0,fcff0a000000eeff0000e2ffecff0c000c00caffeeffeefff4ffd4fffeff0e00,f4ffe4fffaffeafff2ff00001a00fafff2fff2ff36002600cafffafffcffecff,fcfffcff0400e6ffeeffeeff0400040008000800feffeeffeeff1000e6ff0600,eeff2000f8fff8ff0c00eaffb4ff3400b09a266eec361c9b520dc236c6b3320e
6471,6471,0,ecfffcff100000000000f2fffcff0c00fafffaff0c000c0002000200eeffeeff,1200f4ffeaff0c003e00e2ff4a000a000400360026003600faff0c00fcff1c00,9cff1e0004001400deffeeff44000400faffeafffeff2a0000002000f6ff2600,00000000060016003e00b8ffa4ff2400820d623686b2240f086e50b3a09ac06d
6472,6472,0,0a002a00deff1000e2ff10000c00fcffbafffaffeeffeeffe4ffe4fffeff2e00,f4ff0200caff0c00100020001a00eaff04000400e8ff36001c000c002c000c00,2e000e001400f6ff0000000014004400eaffccff0c000c000000eeff06001600,3000deffdafff8ff0c00faff1400d4ffba6d66b3dc9ac46cb236229a700d8e36
6473,6473,0,fcff1a000000defff2fff2ff0c00fcfffaff0c00eeff0c0002001200defffeff,0200f4ff0c00faff3e00c4ff2a000a00f2fff2ffe8ffe8ffcaff1c00dcff0c00,1e001e00f6ff0400000000002400140028001800eeff0c00eeffeefff6ff1600,000000004600e8fffafffaff140004002237309a360e5c3792b4d20c906d36b4
6474,6474,0,1a000a000000000020002000ecfffcffcaff0c00e2feeeff020012000e001e00,f4fff4ffeaffeaffe2fff2fffaff0a00f2fff2ffe8ffd8ff0c00eaff0c00ecff,0e00fcff04001400eeff00000400040018000800feff0c00eeff0000f6fff6ff,deff30001600daff0c000c00f4fff4ff74b4d20ca46c1eb5ce99766df636409a
6475,6475,0,0a001a00eeffeeff0000f2ffecffdcfffaff0c00ceffeeff020002000e003e00,f4fff4fffafffafff2ff2e00eafffaff040004000600e8ff0c000c001c00fcff,0e000e00f6ff0400eeff100024000400daffeafffeff2a000000200016000600,00001000daffdaff1c00faff04002400a6997a6d4239469a020c8237feb4480c
6476,6476,0,0a00fcffeeff000000002000ecfffcff0c00dafffeffeeff2200f4fffeff0e00,e4fff4ff0c00eaff3e00f2ffeaff0a00e2ff140036002600fafffaff0c00ecff,0e00ecff04001400deffeeff140024003600eaffeeff1c00eeff2000f6ff0600,0000eefff8ff06002c00faffd4ff04006e0b38381eb6a60de86da2b5109a806d
6477,6477,0,fcfffcffeeffeeffe2ff00000c00ecff0c00faffeeff2c00020040002e00feff,02000200faff0c00d4ff1000faffeaff040014001600f8ffeafffafffcfffcff,0e001e00f6ff04001000deff04000400280018000c00eeff0000eeff0600f6ff,1000deffdaff64000c000c00240024005a6d84b5ce99666c66387e99780b6838
6478,6478,0,0a000a001000eeffe2ff00001c00ecffdaff0c00eeffceffe4fff4ff0e002e00,f4ff12000c00faff00000000eafffaff1400f2ffd8ff16000c00eaff1c00ecff,0e00fcff04001400eeff0000b4ff1400fafffaff1c000c0010002000f6ff0600,eeff10000600f8fffaff1c000400f4ff88385699180a8239b2b5120a406d7eb5
6479,6479,0,0a002a001000000000001000ecfffcff1c00fafffeffeeff0200f4ffeeff0e00,f4ffe4ffeaff0c002e00e2ffeaff4a00f2ff24002600f8fffaff2c00ecff1c00,8cff0e00040014001000eeff0400240018003600fefffeff00002000e6fff6ff,ceffeeff5400caff0c002c00e4ffc4ff60b6fe0a266cbab63e99666d98386099
6480,6480,0,fcfffcff00000000f2ff1000dcfffcffdaffbaffceffceff1200e4ffeeff1e00,12001200cafffaff4c00d4ff0a00faff1400f2ff060026001c00fafffcffecff,1e002e00f6fff6ff1000100014000400ccffeaffeeffe0ffeeff3000f6ff1600,eeff1000bafff8ff1c00fafff4ff040006993a6d383a8e999e0996393eb61c0a
6481,6481,0,ecff0a00eeff1000e2ff1000ecfffcfffaff1c00eeffdeff02001200feff1e00,120012000c00eaff2000c4ffeaff0a00240014001600f8ff2c000c000c00fcff,0e001e000400e6ffeeffeeff040024002800fafffefffeffdeff000006001600,2000deffcaffe8fffaffdaff04005400e40908397ab7a208266da2b55099106d
6482,6482,0,fcfffcff00000000f2fff2ffdcff0c00dafffafff2fe0c00e4ffe4fffeffdeff,f4fff4fffafffaff3e00d4ff0a000a0014001400060006001c002c00ecff2c00,1e001e00f6ff1400deffeeff14002400180028000c00feffceff2000f6ff0600,0000eeffdaff0600fafffaff0400f4ff0a6de0b68e99946cb6395e988c099839
6483,6483,0,fcffecff0000eefff2ff2000ecffecfffafffaffe2fe0c00e4ff1200eefffeff,f4ff0200fafffaff0000e2ffeaffeaffe2fff2fff8ff26000c00faffdcff0c00,0e00fcff04001400200000002400140028002800e0ffe0ffdeff0000f6ffe6ff,0000eeff24000600c8ff1c002400b4ff9839e6984208b63af4b62e09106d8eb6
6484,6484,0,fcff0a001000defff2ff00001c00fcffdafffaff0c001c0040003000fefffeff,f4fff4ffeaff0c00d4ff3e00faffdaff0400e2ff460036002c001c00ecff1c00,0e000e000400f6ffeeffeeff240014002800faff0c00feff1000100016000600,deff00005400dafffaff0c00e4ff140060b77409766c9ab7ae98e66cf839d098
6485,6485,0,fcff0a00000010000000e2ff0c002c000c00baff0c001c002200f4ff0e00eeff,02001200daffeaffe2ff2e00eaffeaffe2fff2ff16002600faff0c000c000c00,2e004e00040014000000eeff0400f4ff080008000c000c0020000000f6ff1600,000000000600f8ff0c00daffd4ff24009698da6c463b20998e086a3a46b79208
6486,6486,0,2a000a00eeff00002000f2fffcff0c00daffcaffeeff1c00f4ff0200deff3e00,12000200faffeaffe2fff2ffeafffaff040004000600d8ff0c000c002c001c00,2e001e00040004001000deff1400f4ff08002800feff1c000000eefff6ffe6ff,10000000caff46001c00daff1400d4ff2408c23a4ab83207f66c48b84e98c06c
6487,6487,0,fcfffcff00000000f2fff2fffcff2c00faffbaff1c010c0012001200feffeeff,f4ff22001c000c002e003e00daffeaffd2ff24001600b8ff2c000c00fcffecff,fcff2e0004001400100010000400f4ff08000800feff0c00eeff00000600f6ff,0000cefff8ff1600faffeafff4ffe4ffaa6cd6b7e098e66b5a3b7e98d2071a3b
6488,6488,0,0a00fcff0000000000001000ecfffcffcaffbaff0c00deff02000200fefffeff,1200f4ffeaffeaff2e002e000a00faff0400f2ffd8ff0600faff2c001c00ecff,1e001e0004000400deff10002400140018000800feff1c0010000000e6fff6ff,eeff00002400e8fffaff2c000400f4ff223b46987206763c48b82a06906ce6b7
6489,6489,0,1a00ecff0000eeff100010000c001c00cafffafffeff2c00f4ff30002e00feff,e4ff1200fafffafff2fff2ff0a00eaff04000400060036000c00eafffcffdcff,2e00fcff140014000000100014000400daff46001c000c00eeffdeff1600e6ff,eeff10001600f8fffaff0c00d4ffd4ffc6b8e406866b3ab9ba97c66c7a3bfe97
6490,6490,0,fcfffcffeeff00000000f2ff0c000c000c00daffceffeeff30001200deff2e00,e4ff1200eafffaffe2fff2ffeafffaffe2ff1400060006000c000c00fcffecff,0e002e00040014001000eeff24000400faff2800eefffeff10000000e6ff1600,00001000daffe8fffafffaffa4ff1400b0979a6cd63c20989a068c3c18b95006
6491,6491,0,fcff0a0010001000f2ffe2ff0c00dcfffaffcaffeeffdeff02000200feffeeff,e4ffe4ffeaff0c00d4ffe2fffafffaff0400e2ff1600f8ff0c001c009cffecff,2e000e00f6ff04002000000004002400dafffafffeff0c0000001000f6fff6ff,00000000daff06001c00daff1400f4ff0406e63cd8b98605966c18b9be97286c
6492,6492,0,ecfffcff0000000020000000fcfffcffeafffaff2c000c001200f4ffceffeeff,120012000c00eaff3e000000eaff0a00360024004600f8ff0c000c00ecfffcff,0e000e000400f6ff100000001400140008001800fefffeffeeffdefff6ff0600,2000cefff8ff0600eafffaff2400d4ff986b66b9e097766b0c3d4a97d005e23c
6493,6493,0,fcffdcff0000200010001000ecffecffdaffcaff2c000c00e4ff3000feffeeff,f4fff4ffeaffeafff2ff10000a00faff0400f2ff1600e8ff0c000c00ecffecff,1e001e000400f6ffdeffeeff14002400faff2800fefffeffdeffeefff6ffd6ff,0000eeff0600daffeaff1c001400f4ff563d7097c604463d68b96c05f86b08ba
6494,6494,0,fcffecffceffeeff0000f2fffcffecffdafffaff0c00eefff4ff40000e00eeff,f4ffe4ffeaffdaff00000000eafffaff240024002600c8ff2c000c000c00dcff,0e001e0022000400deffeeff0400f4ff36002800eefffeffeeff00001600f6ff,eeff20005400dafffaff2c00f4fff4ff20ba4805266bb6ba2a97166c323d8e97
6495,6495,0,ecff2a00eeff0000f2ffd2ffdcffdcffcaffbaffdeffeeff220012000e00feff,f4ff0200eaff0c004c00e2ffeaff0a00e2fff2fff8fff8ff0c003c00fcff9cff,1e000e000400d8ffeeff100004000400daffdaffeeffeeff00001000e6fff6ff,eeff6800e8ffcaff2c00daffe4ff34007097a86b823e0098cc044c3d28ba5005
6496,6496,0,ecfffcff100000000000d2fffcfffcffdaffcaffeefffeff40001200eeff0e00,0200e4ffeafffaff1000e2fffaffeaffe2fff2ff2600e8fffaff2c00ecff1c00,1e000e00f6fff6ffeeffdeff1400d4ffeaff0800fefffeffeeffeeffd6ff0600,1000deffdaff16002c00b8ffe4ff34007804b63dd6ba8604266cccba4e97c86b
6497,6497,0,fcfffcff00000000f2ff20000c00fcff0c00daffdeff0c0012001200feff0e00,d4ff0200eafffaffd4fff2ff0a000a000400040046000600fafffaffdcff1c00,3e002e00f6fff6ff1000eeff240014001800dafffefffeffeeff0000f6fff6ff,3000deffdaff16000c000c0014001400386b50ba7097d66a8c3e0a972804e23d
6498,6498,0,ecfffcffdeffeeff10002000ecfffcfffafffaffe2fedeff30002200eeff1e00,e6ff1400faffeafff2ffe2fffaff0a0004001400060046002c00eaffecfffcff,0e000e00f6ff14000000eefff4fff4ffdaffeafffeff0c00aeff0000e6ffe6ff,eeffdeff1600f8ffc8ff1c001400e4ffe23e00976603c23e2cbb0a03c86b98ba
6499,6499,0,ecff0a00eeffeeff00001000fcfffcfffaffcaffeeffeefff4fff4fffefffeff,f6ff1400dafffafff2ff3e00eaffeaff040014000600e8ff2c000c00fcffbcff,1e002e001400f6ff0000200014001400daff1800fefffeff000000000600d6ff,000000001600e8ffeaff1c00e4fff4ff60bb0203066bf6bbaa96266cda3ed696
6500,6500,0,fcfffcffdeff0000f2fff2ffecfffcffcaffeaffeeffeeff30001200deff0e00,f6fff6ffeaffcafff2ffe2fffafffafff2ff0400460026000c00faffecff2c00,1e001e00f6ff04000000eeffe4ff340018002800e0ffeeff0000eeff06001600,00002000f8ffe8ff0c00faffe4ff2400f096186bd23e40972a039c3f28bb4803
6501,6501,0,1a00fcff0000eefff2fff2ffdcffdcffdafffaffeeffe2fe30004000ceff2e00,0400f6fffafffaffe2ff2e00eafffafff2ff1400d8ff0600dafffafffcff0c00,fcfffcff140022000000100004001400eaff0800feff0c002000100006000600,0000deffcafff8ff4e00faffd4ff24009202f23ee6bb9802d66b3cbba696786b
6502,6502,0,fcff0a000000100000001000ecffecfffaff0c00e2fe0c00120022002e002e00,f6ffe6ffcafffaff00000000eaff0a00140014000600f8ff1c000c00dcfffcff,fcfffcff1400f6ffdeffeefff4ff040018002800eeffeeff100000001600d6ff,3000eefff8ff1600dafffaff0400e4ff186bb0bb0097866a9c3fba959c023a3f
6503,6503,0,fcfffcffeeff00000000f2ffecffdcfffaff1c00feffeefff4ff50000e00feff,e6ff2400eaff0c002000d4fffaffeaff1400240006000600eaff0c000c00ecff,fcff0e000400f6ffeeffeeff04000400eaff0800fefffeff20000000f6ffe6ff,ceff0000e8fff8fffaff1c003400b4ff1840f096f201b23f4ebcda02486bdabb
6504,6504,0,ecfffcff2000000000002000dcfffcfffaffbaffeeff1c00020012002e001e00,0400e6ff0c00faffe2ffe2ffeaff0a001400f2fff8ffe8ff2c000c00ecffdcff,1e002e0014000400eeffdefff4fff4ff2800eaff8400eeffeeff00001600d6ff,ceff48001600e8fffaff0c00f4ffe4ff20bc7801866ac4bc5a96866bda3f6696
6505,6505,0,fcff0a0000001000f2ff0000ecfffcffdafffafffefffeff400002002e00feff,04001400eafffaffe2ff3e00eaff0a00f2ff14004600f8ff1c000c00ecff0c00,fcfffcff04001400eeff000004001400daffeafffeff0c000000100006000600,eeff4800f8ffdaff1c00fafff4ff24005e96c86a9040009736013040d2bcfc01
6506,6506,0,fcff0a00000000002000f2ffecfffcff0c00daffe2feceff02001200feff1e00,040004000c00faff0000f2ff0a00faff2400240046003600eaff0c001c00dcff,0e000e00e6fff6ff10000000f4ff04000800eaffeeffeeff0000eeffe6fff6ff,0000deffdaff06002c00a8ff140064000801e84074bdf200a66b2ebd4696f86a
6507,6507,0,0a00fcff0000ceff10001000fcffecffeafffaff0c00eefff4ff02000e002e00,140014000c000c0020003e00faff0a0004000400160016000c00caffecffecff,0e000e00e6ff14001000deff1400e4ff28003600eeffeeffeeff2000d6ff0600,3000deffdaff4600faffeaff2400f4ff886a94bd6296466ac0406a950c01dc40
6508,6508,0,1a00fcffeeff0000f2fff2fffcffecff1c00baff0c000c0012000200defffeff,04000400daffeaff2e002000eaff0a0024002400f8ff06000c00fafffcff1c00,1e00fcfff6fff6ff0000deff1400f4fffaff36000c00feff1000000016000600,00000000f8ffe8ff1c000c001400e4ff08413e9654004e415ebd7600e86a92bd
6509,6509,0,0a002a00deffdeff3000f2ffecfffcffdaffdafffeffe2fe300022002e000e00,e6ffe6ffeafffaff0000f2ff0a000a00f2ff040036004600fafffaffecff0c00,1e000e000400f6ff10000000140004000800eaff0c001c000000eefff6ff1600,eeff10004600f8ffeaff3e001400e4ff50be0800e66944be6a95a66abc41c695
6510,6510,0,fcff1a00000000000000f2ffecffecfffafffaffeeff0c0022001200feff1e00,04000400faff0c004c00f2ff0a000a00f2fff2ff060006000c00eaffdcffccff,2e001e001400f6ff0000eeff04000400fafffaffeeff0c001000000006001600,100030001600daff1c00faffc4ff2400c295386a4442149660ff544202bedaff
6511,6511,0,fcfffcffdeffeefff2ffd2fffcfffcff0c00baff2c00eeff02003000beffeeff,f6fff6ffeaffeafff2ff2000faff1a0004002400160026000c00eaffecffecff,fcfffcff0400140000000000f4ff1400eaff2800fefffeffeeffeefff6ff4600,eeff0000daff46001c00daffd4ff240010ff324242bf26ff366aaebd76953c6a
6512,6512,0,0a00fcff00000000e2ff20001c00dcff1c001c000c00e2fe020002002e002e00,e6ff2400fafffaff2e002e000a000a00f2ff0400460026000c000c00fcffecff,fcffdcff04001400eeff000024000400faffdafffeff0c002000eeff1600c6ff,0000ceffbaff4600faffeaff0400f4ffae69d0bed495c669a442fa940afffc41
6513,6513,0,fcff0a001000eefff2ff0000fcffecfffafffaffdeffdeff120002002e000e00,d6ff0400fafffaff3e00f2ff1a000a000400e2fff8ffd8ff0c00faffecffdcff,0e000e0014001400eeff200014000400daff0800feffe0ff00000000e6ff0600,eeffeeff4600e8ffdaff0c003400a4ffc242929556fea442cebe20ff2c6a92be
6514,6514,0,1a00fcff0000cefff2ffe2fffcff0c00daff0c00deffdefff4ff22000e00eeff,f6fff6ff0c00eaffe2ff2000fafffaffe2ff240006003600eafffaffccffdcff,2e000e0004000400000010000400f4ffeaffeafffeffeeffeeffeefff6ffe6ff,ceff10004600cafffaff1c00f4ffe4ff90bf60feb66990bf1a95a26918436695
6515,6515,0,2a000a000000000000000000fcfffcffdafffaffeeffeeff02002200feff3e00,e6ff1400fafffaff3e00e2ffeaff1a0004000400e8fff8ff0c000c00acffccff,0e000e000400f6ff0000eeff0400f4ff0800daff0c00feff1000ceff1600e6ff,eeff20001600daff0c00faff94fff4ff8494ae697443e495d0fdb4424abfe2fd
6516,6516,0,fcfffcffeeffeefff2ff2000fcfffcfffaff0c00eeffeefff4fff4ffeeffdeff,e6ffe6ff0c00faffd4ff2e001a000a00d2fff2ff260016001c000c00ccffdcff,ecfffcff140014000000eeff2400e4fffaff0800e0fffeff0000200016001600,1000eeffcaff16002c00eaff0400040054fd524310c098fdb26992c04695cc69
6517,6517,0,fcffecff00000000000030000c00fcffdaffdaff0c00feffe4ff12000e00eeff,1400e6ff0c000c00f2ff00001a00eafff2ff0400360016000c000c000c00ecff,0e00fcfff6fff6ff0000000004001400faffeaff1c00e0ff1000eeffe6ff1600,2000deffe8ff4600faff1c000400e4ff7c6966c07495c268f643fa9452fda843
6518,6518,0,fcffecff0000ceffe2ff0000fcff0c000c00daffeeffeeff400012002e000e00,f6ffe6fffafffafff2ff2000faff0a00f2ff04001600f8ff2c00faffecff0c00,0e000e00f6ff0400eeff10000400f4ff280008001c00e0ff00000000f6ff0600,0000deff0600f8fffaff0c001400f4ff72437494dafc4244c2c080fcac691ac0
6519,6519,0,0a00fcff0000eeffe2ff1000fcffecffdaffeaff4c002c00020002004e003e00,f6ffe6fffaff0c000000e2ffeaff1a00f2ff1400f8ff26000c002c00ecfffcff,fcff1e0014001400100000001400f4ff08001800eefffeffdeff20000600e6ff,eeff30004600bafffaff1c000400d4ffa6c004fd026930c18a9472694844ae94
6520,6520,0,1a001a00000000001000f2fffcfffcffeaff1c00eeff0c0040000200feff2e00,f6ff0400eaff1c003e00e2ffeaff0a000400e2fff8ff3600eafffaffdcffecff,0e001e00040004000000bcff44000400faffeafffeffe0ffeeff0000f6fff6ff,eeff2000f8ffe8ff3e000c00a4ff040026941c69d244249570fcb644ccc0c2fc
6521,6521,0,1a00bcff00000000f2fff2ffecfffcff1c000c00deffe2fe22000200feff0e00,f6ffe6ffeaffeaff20002000fafffaff04001400160036002c002c00ecffccff,1e002e00f6ff14001000eeff040004002800ccffe0ffeeffeeffeeff0600f6ff,10000000f8fff8ff2c00fafff4ff1400c0fbda4450c10afc7269b2c06e945c69
6522,6522,0,fcfffcffeeffeefff2fff2ffecffecff0c000c00e2fefefff4ff12002e000e00,140014000c00faffd4ffd4ffeaff0a00040014001600d8ff0c002c00ccff0c00,2e000e0014002200eeff0000f4ff240028002800feff0c000000eefff6ff1600,5800deffdaff16000c001c0024002400dc6886c13495a26836450a948afb4045
6523,6523,0,0a000a000000eefff2ff1000ecfffcfffafffaff0c00eeff50002200eefffeff,1400e6ffdafffafff2fff2ff0a001a00e2fff2ffd8ff06000c00eaff0c00dcff,0e002e0014000400200010000400d4ff18003600fefffeffdeff00001600f6ff,eeffceff060006000c000c001400b4ff4a45d6932afb124592c100fcfc68ecc1
6524,6524,0,dcff0a000000100010000000ecff0c00dafffafffeff0c0040000200feffeeff,f6fff6ffeaff0c000000f2ffeaff0a00f2ff14002600f8ff0c001c00ecffacff,0e002e00f6ff0400200010000400f4ffccfffaffeefffeff30001000f6fff6ff,beff00000600e8fffaff3e00f4ff040040c2c2fac26830c2fa93e268f0454e94
6525,6525,0,1a00fcffdeffeeff10000000dcfffcfffaffdaffeeffeeff020030000e000e00,f6ffe6fffaffdaff3e00e2fffafffaff04002400f8ffe8ff1c00faffdcff0c00,0e001e00f6fff6ffeeff1000140004002800fafffefffeff1000000016001600,eeff20000600e8ff0c000c00d4ff240096938c68a245a4945efa1645bcc288fa
6526,6526,0,fcfffcff000000005c00f2fffcfffcffcafffaffeeff0c0012001200deff0e00,0400f6fffaff0c002e0020000a000a000400040046000600faff0c000c00ecff,fcff1e0014002200eeffeeff140034003600eaffeefffeffeeff0000d6ff1600,2000eefff8ff06001c00eaff0400140058f976461ec3f6f96268e4c34e949268
6527,6527,0,fcff0a00deffeeff0000f2ff1c000c00cafffaff0c00eeff12004000feff1e00,f6fff6ff0c000c00e2ff10000a001a00140036001600f8ff2c00fafffcfffcff,2e002e00f6ff14000000eeff2400f4ff080008000c00feffeeffdeff16001600,2000deffe8ff5400faff0c002400f4ff5c6800c3f494ec67f446fa93d8f94046
6528,6528,0,fcfffcff0000000000002000fcff0c00daffdaff0c00eeff30001200feffeeff,f6ff0400eaff1c003e00f2fffafffaff0400f2ff16005400faff0c00fcffccff,fcff0e00f6fff6ff00000000f4ff04000800eaff0c00eeff00003000f6ffe6ff,1000deff0600f8fffafffaff2400e4ffe646a693d6f98e4634c4eaf8626848c3
6529,6529,0,fcffecff200000004e002000dcff0c000c00caffdeffeeff02001200eeffeeff,e6ff0400faffeaffe2fff2ff0a00faff1400f2ff060006003c001c00ecffecff,0e000e001400f6ff10001000f4ff040036002800eeffe0ff2000eeff06000600,deff10001600cafffaff2c00e4ffd4ffa0c318f9806782c3389322687247de93
6530,6530,0,dcfffcff10000000f2ffe2fffcfffcfffafffaff0c00eeff1200e4ffceff0e00,f6ff0400daff0c00f2ff20005a00fafff2ff040006001600fafffafffcffbcff,1e001e00f6ff04000000eeff04000400eafffaff0c00feffeeffeeff0600f6ff,eeff1000e8ffcaff1c00daff0400040056934c684e4734945af8384818c4c8f8
6531,6531,0,ecff0a00ceffeeff100000001c00fcff2c00dafffeffeeff40001200fefffeff,140004001c000c003e00e2ffeafffaff0400140026000600fafffaffecff2c00,1e000e00040004000000eeffe4fff4ff080008000c00eeff0000ceffb6fff6ff,10000000daff16002c00faff0400240006f80c4822c4e6f8ce6764c4ae93f267
6532,6532,0,ecffdcff1000eeff000030000c001c000c00faffdeffeeff22003000feff1e00,04001400fafffaff0000e2ff1a00caff0400140036002600faff0c00acffdcff,1e00ecff0400220000000000140014000800faffe0ff2a00eeff0000e6fff6ff,1000deffdaff1600faffeaff1400e4ff866730c474942067c447489316f82248
6533,6533,0,fcff0a0000001000e2ff10000c00ecfffaffeaff1c00eeff12000200feff1e00,14002400eaffdafff2ff00000a00fafff2ffe2ff160036001c000c00dcffccff,2e000e0004000400eeff000004001400eaff0800e0fffeffeeff000006000600,0000eefff8fff8ffdaff2c003400d4ff5c48269330f8ce47d0c5baf8926738c4
6534,6534,0,fcfffcff1000eeff000000002c00fcffdaffdaffeeffeeff0200e4fffefffeff,1400e6fffaff0c00f2ff3e000a001a0014001400160026003c00fafffcffecff,1e000e0014001400eeff000014001400eaff1800eeffeeffeeffeefff6fff6ff,deff1000f8ffdafffaff1c001400f4ff68c560f72067c2c458935e6752485e93
6535,6535,0,0a002a00eeffdeff0000e2ffecff0c002c00daff1c00eeff220002000e000e00,f6ff2400faffdaffe2ffe2fffafffafff2ffd2ff260006000c00faffdcffdcff,fcff0e00040014000000300004002400faffdafffeff0c0010000000e6fff6ff,eeff3000dafff8ff1c000c00e4ff1400f69266677e48c493d6f66848c0c5b6f7
6536,6536,0,fcfffcff00002000e2fff2ff0c00fcfffafffaffe2feceff02004000feffeeff,f6fff6fffaffeaffe2fff2ffeafffaff1400e2ff060036000c002c00dcffecff,1e00fcff04001400100010001400f4ffeaff1800e0ff1c00eeff0000d6ff3600,0000eeffcaff54003e00eafff4ff240000f79c48c0c500f72e6700c74e939267
6537,6537,0,fcffecffdeffeeff0000e2fffcffecfffaff0c00eefffeff120002000e000e00,040004000c00dafff2ff3e00eaffdafff2ff0400060026000c001c00ecffccff,1e000e0004000400eeff0000040024000800eafffeffe0ffdeff2000e6ffe6ff,6800eeffcaff6400eafffaff3400340006675cc6e4932067084928936ef62c49
6538,6538,0,fcff1a00eeffeeff000020001c00fcffcaffcaffdeffeeffd4ff0200feff2e00,f6ff04000c00faffe2ff2000fafffafff2ff040006000600baffeaffdcfffcff,1e00dcfff6ff1400100000000400040008002800feff0c00eeffeefff6ff0600,1000deff06000600eaff1c000400d4ff6c49b692a0f60e49a0c616f6526720c6
6539,6539,0,0a000a000000eeff0000f2ffecff1c00caffcaffeeffeeff300002000e000e00,f6ff0400eaff0c0000000000faff1a001400f2fff8ff36000c000c00fcfffcff,0e002e00f6fff6ffeeff000004001400eaffeafffefffeffeeffeeff06000600,eeff10004600daffeaff1c0004000400ecc620f6a26650c688921e678a491293
6540,6540,0,1a001a00000000002000f2ffecff0c00fafffaff0c00eeff12002200feff2e00,1400f6ffeafffaff20002e001a00eaff0400140026002600eaff0c00fcffdcff,0e000e001400140000000000040004002800fafffeffeeffeeff0000e6fff6ff,deff2000e8ffe8ff1c00eaffd4ff14007692c666e449849346f5ba4948c79ef5
6541,6541,0,fcfffcff00000000e2ff00000c000c00daffdaffeeff0c00300040002e00feff,1400d6ffeafffaff0000e2ff2a00faff04001400d8ff0600faffeaff2c000c00,2e000e00f6fff6ffdeff000004001400faffeaffeefffeffeeffeeff06001600,10001000caff06002c00eafff4ff140004f5bc499ec792f5be6600c7d2920267
6542,6542,0,0a00ecffeeffeefff2ffd2ff0c000c00daff0c002c00feff12003000feff2e00,240004000c00faff3e00f2ffeafffafff2ffd2ffe8ff1600eafffaffecffdcff,1e009cff140014000000eefff4ff1400eaffccfffeffeeff3000ceffe6ff0600,0000deffdaff0600fafffaff1400e4ff866662c8749352668e4a3692cef4fa49
6543,6543,0,fcfffcff0000eeffe2ff2000ecfffcfffaffdaffeefffeff1200e4fffefffeff,f6ff14001c00eafff2ffd4fffaff0a00e2fff2ffe8ff06000c00faffdcfffcff,0e001e000400f6ffeeff10000400f4ff0800eaff1c000c00deffdeffe6fff6ff,1000eeff16000600c8ff0c000400e4ff464b9692d2f4344a64c896f4b266e2c7
6544,6544,0,fcff1a0000000000000000002c00ecff0c00eaff0c00feff2200f4fffeffdeff,1400f6fffafffaffe2ffe2fffaffeaff1400f2ff1600f8fffafffaffdcffecff,0e001e000400f6ff1000100014000400bcff2800fefffeff000000000600e6ff,deff00000600dafffaff3e000400e4ff22c884f4b4657ec7b892de653e4b7292
6545,6545,0,fcff0a00eeffeeff20001000dcff1c00fafffaffeeffeeff020002001e000e00,14000400eafffaffe2ff2e004a00eaff0400140006000600faff0c002c00ecff,0e00fcff040004001000eeff1400e4ff18001800e0ffeeff3000eeffe6ffd6ff,deff0000f8ffcaff2c000c000400140046922666d44a7493d6f3ae4a72c8b6f3
6546,6546,0,ecfffcffeeff0000e2ffd2fffcfffcfffafffaffeeff0c0002001200feff0e00,e6fff6ff0c000c004c00e2ff0a00faffe2ff14000600f8fffafffaff0c00fcff,2e000e00e6fff6ffeeffeeff04002400dafffaffeeff0c0020000000d6ff1600,00000000daff06001c00faff04004400e8f2d84b9cc824f41e6654c972921c66
6547,6547,0,0a00ecff100000000000e2ffecffdcffeafffaffdeffeeffe4ff22000e00feff,1400f6ffeaffeaffe2ffe2ffeaffeaff04000400f8ff36001c000c00ecffecff,2e009cffd8fff6ffdeffdefff4ff24001800bcfffefffeff0000eeff0600d6ff,2000deffe8ff46000c00daff0400d4ff266602c984936465de4b369246f3fe4b
6548,6548,0,fcffecff000000000000f2fffcffecff0c00caffeeffeeff220012000e002e00,f6fff6ffeafffaff0000e2ffeaffeafff2fff2fff8ff54002c000c00fcfffcff,9cff1e001400e6ffeeffeeff140014002800fafffeffeeff20000000f6fff6ff,eeffeeff4600daffeaff1c001400d4ff484c469264f3744b84c9a0f180655cc9
6549,6549,0,1a001a00eeff0000f2ff00000c001c001c000c000c00e2fe1200e4ff2e003e00,f6fff6fffaffeaff2e00f2fffaff0a00f2ffe2ff06000600caff0c00dcfffcff,0e001e00f6fff6ffdeffeeff14001400ccfffaffe0ffe0ffdeff0000e6fff6ff,eeff00006400caffdaff2c000400340082c928f2a465acc82692fe653e4c5292
6550,6550,0,2a000a00100000002000e2ff0c000c000c001c00eeffe0ff12000200eeff3e00,0400f6ff0c00faffd4fff2ff0a000a00040004001600f8ff0c001c00dcffdcff,0e000e000400040000000000f4ff04000800faffeefffeffdeffeefff6ff0600,eeff2000f8ffdaff0c001c00f4ff2400dc916a65344c1693d0f1ce4c3ccaa4f2
6551,6551,0,1a000a00200010000000e2fffcfffcffdafffafff2fe0c0012000200feff0e00,e6ff3200faffeaff00000000fafffaff1400f2ff16000600faffcafffcfffcff,0e001e00f6fff6ff0000deff14002400080028001c00feff2000deff0600f6ff,20000000e8ff06001c00eaff04002400bcf0ec4cfcc938f02e6538ca32922065
6552,6552,0,0a00ecff100000000000e2ffecffecfffaff2c00f2fef2fe40003000eeffeeff,04001400eaffeaffe2ff0000faff1a0004000400060006001c001c000c00dcff,1e000e0004001400eeff200004001400dafffaffeefffeffdeff000006000600,4800defff8fff8fffafffaff140004000a657ccaf692a4642e4da29114f1164d
6553,6553,0,fcfffcff00000000f2ffe2ff0c00dcfffafffaffeefff2fef4ff0200eefffeff,2400f6ffdaff1c0020000000faff0a00f2ffe2ff0600f8ff0c001c00fcff3c00,fcfffcff040004000000deff1400e4ff3600eaffeeffeeff0000eeff3600f6ff,100000000600f8ffeaff0c000400f4ff7c4dcc91a8efa24c28cb50f10065acca
6554,6554,0,fcfffcff00000000100000000c000c00dafffaffd4fed0ff02001200eeff1e00,040004001c000c00f2ffe2fffaff0a0014000400f8fff8ff0c00faffecffccff,fcff0e001400f6ffeeff000044000400080018000c000c00deff0000f6ff0600,eeff30002400daffeaff1c00f4ffe4ffeecb8cf07464bccaa2918064aa4d0292
6555,6555,0,1a002a0000002000f2ff0000fcff0c00dafffafff2feeeffe4ff4000eeff0e00,04001400fafffafff2fff2fffafffaff1400f2ff46004600fafffafffcff0c00,4e008cff040004000000deff24002400ccfffaff0c00feffeeff00000600f6ff,deff30000600caffeaffeaffd4ff04009c91aa64424d809220f04e4da8cbbaf0
6556,6556,0,fcff0a00eeff20001000e2ffecffecfffaff0c00fefff2fe30000200fefffeff,f6fff6fffaffdaff20003e00faffeafff2ffe2ffe8ffd8fffafffafffcff0c00,1e002e00f6ffe6ff00001000040004000800faffeeffeeff1000000006000600,10001000f8fff8ff1c000c00d4ff0400dcef484e3acb28ef20648acce291a064
6557,6557,0,fcff0a00100000000000e2fffcfffcffbafffaffeeff0c000200f4ffeeff1e00,e6ff04000c00faffe2ffe2ffeaff0a0014001400260074001c000c000c00ecff,2e00fcfff6ff32000000000004000400180008001c00eeff2000deff1600d6ff,2000ceffdaff1600faff1c000400e4ff266472cc809204649e4eb29150ef3a4e
6558,6558,0,1a00ecff1000100020001000ecfffcff0c00dafff2fef2fef4ff30003e00feff,0400f6ffeaff0c0010003e001a000a00f2ff04001600f8fffaff0c00fcff1c00,fcff0e0004000400ceff0000240004004600eaff0c00eeffeeffeeff0600f6ff,eeffeeff06000600faff0c003400b4ffe84e7c91a0eeb24deacceceee863a0cc
6559,6559,0,fcff1a001000eeffe2ff10000c000c00faff0c00d4fefeff3000c6ff0e000e00,d6fff6fffafffaff2e00d4fffaff0a00f2ff04000600c8ffcafffaffdcffccff,3e000e001400f6ff2000eefff4ff0400eaff08000c00feffdeffeeff06002600,000010005400bafffaff2c00e4ff040012cd56ef3464e2cb42915064c04ed291
6560,6560,0,1a00fcffeeff10000000e2ffdcffecffcafffafff2fef2fef4ff30000e003e00,f6fff6ffeafffaff4c00f2ff0a000a00f2ff1400e8ffd8ffcaffcaff1c00ecff,0e00acfff6fff6ff0000ceff04000400dafffafffeff0c00ceffdeff26002600,deff20000600daff0c002c00e4fff4ff9c913463b84ed6925cee5e4f00cd68ee
6561,6561,0,fcff0a0010000000e2ff00000c000c00baffbafffeffeeff02000200deffdeff,0400f6ff1c001c001000e2ff0a000a00f2ff2400460054000c000c000c000c00,0e00fcff04000400deff00002400f4ff18001800eefffeff0000defff6ff0600,10001000daff06003e00daff2400240026ee984fd2ccc4ecd0632acdb2919863
6562,6562,0,1a000a000000eeff1000e2fffcfffcffbaffcaffe0ffeefff4ff02001e002e00,14000400faff0c00e2ffe2fffaffeaffe2ff1400f8ff2600faff1c00fcfffcff,1e000e00f6ff0400000000000400040008000800fefffeff00000000f6fff6ff,3000eefff8ff1600fafffaff140004003463b2cd609216633e4f229168ed804f
6563,6563,0,ecfffcff00001000d2ffe2ff0c00fcffdafffafff2fefeff12000200deff0e00,04000400faffeafff2ff00000a001a00f2ff0400f8ff2600faffeafffcfffcff,0e000e001400f6ff0000eefff4ff14000800dafffeff2a000000eeffe6ffe6ff,0000000016000600eaff0c001400e4ffa84f6c9114ecf84e1ace3cee786390cd
6564,6564,0,ecffecff0000eeffe2fff2ff0c001c00eafffaff0c002a0012000200eeff0e00,14000400eafffaffe2ff2000faffeaff040014002600e8ffcaffeaffccffecff,0e000e0004000400eeffdeff040004000800faff0c000c002000eefff6ff1600,deff10001600dafffaff1c00d4ffe4ff7ece6aed266332cd22911e63e04fa291
6565,6565,0,fcffdcffeeff100000000000fcff1c00faffcafff2fed0ff0200e4ff0e000e00,d6ffe6ffeaffeaff00000000fafffaff0400e2ffe8ff0600faff0c00fcffecff,fcff1e00040022001000eeff1400f4fffaffeaff0c000c0010000000f6fff6ff,eeff2000f8fff8fffafffaffe4ff24001c919462664f30924ced3e4f70ced8ec
6566,6566,0,fcfffcff1000100010001000fcff1c00fafffafffeff02ff02003000feff3e00,f6fff6ffeaffeaff2e0000001a000a00040014001600c8ff1c001c001c00ecff,fcff0e00040004002000eeffd4ff04000800eafffeff0c00eeff3000e6ff0600,30001000daff16002c00eaff140034001cec4e5030ceb4ebbe625acf6291bc62
6567,6567,0,0a00ecffdeff00000000f2ffecfffcfffafffaffd4fef2fec6ff0200feff3e00,14001400faff0c000000e2ff0a00eaff04002400f8ff0600eafffafffcff1c00,0e009cff140004000000eeff04000400080008001c000c000000deff0600f6ff,6800eeffdaff46000c00daff0400040044623ecf0092d6627250329160ec8050
6568,6568,0,dcfffcff0000eeff10001000fcffecfffaffdafff2feeefff4ff02000e000e00,04001400eaff0c00f2ff2e001a000a00e2ff040016003600eaff3c00ecfffcff,fcff0e00f6ff14000000000004001400daffeaff1c00feffdeffeeff0600e6ff,0000deff46000600daff0c000400e4ffde502c9186ea1452bacf3cec5c6278cf
6569,6569,0,1a00fcff00000000f2ff0000fcffecfffaff0c00eefffeff5000f4fffeffeeff,f6fff6fffaff0c00e2fff2ffeaffeaff0400e2ff260006000c002c00fcfffcff,dcff0e00f6ff04000000100014000400daff18000c00eeff200040000600f6ff,deff00005400e8ff0c002c00e4ffb4ff64d0eeea26626ecf1291be626a516291
6570,6570,0,fcff1a00100000001000e2ffdcffecff0c000c00eefff2fe400040000e002e00,f6fff6ff1c00faff3e0000000a00faff0400f2ffe8ff16000c000c00ccffdcff,2e000e0004002200eeff0000e4ff1400daff08000c00feff1000eeff0600f6ff,00001000daffcaff2c00fafff4fff4ffec902462c2523092aceb4a5222d030eb
6571,6571,0,fcfffcffdeff1000f2ff0000ecff0c00faff1c00e0ffeeff02003000fefffeff,e6fff6fffafffaff2e00d4ff1a000a00f2ff040036000600eaffeaff0c00ecff,2e001e001400f6ffeeffceff04002400daffeafffefffeff00000000f6fff6ff,30001000e8ffe8ff1c00daffd4ff14007eea7e51aecfaee90e624ed04291ec61
6572,6572,0,fcffecff1000000010001000fcfffcff1c00caffd0ffeeff12002200feff0e00,0400f6ffeaff0c00f2ffd4ffeafffaff04001400460026000c00faffdcffdcff,dcfffcfff6ff2200deffceff04000400faffdafffefffeff00000000f6ff0600,1000deffe8ff54000c00fafff4ff04003861e4d0409206623251b29074eaca51
6573,6573,0,fcfffcff0000deff000000000c00ccfffafffaffe0ffeeff22002200feffeeff,f6ffd6ff0c00eaffd4ff3e00faff0a0014000400260036000c000c00ecff0c00,fcffecff040014000000eeff04000400fafffaff0c00feff00001000f6fff6ff,0000deff46000600b8ff1c00e4ff04006852dc9080e842532ed16ceb9c61b2d0
6574,6574,0,0a00fcffeeff000000000000fcfffcfffaffdaffe2feeefff4ff40000e000e00,14001400eafffaffe2ffe2fffaffeaffd2fff2ff160006000c00eaffccffdcff,0e00ecff040014000000200014000400faff2800eefffeff000000000600f6ff,000010001600baffeaff3e000400e4ff84d194e970619ed0c290ea605a52f890
6575,6575,0,1a002a00eeffdeff00000000fcff0c00caff0c00eeffeeff0200f4ff0e002e00,f6ff0400dafffaffe2ffe2ff0a00eaff36001400e8fff8ffeaff1c00ccffecff,0e000e00f6ff1400deff000004001400eaff3600feffeeff0000defff6fff6ff,eeff5800f8ffbaff0c001c00c4ff0400ec9048617253a09146e9b2517cd164e9
6576,6576,0,1a00fcffeeff00001000f2ff1c000c00eaff0c00feffe2fed4ff02000e000e00,f6ffd6fffaffeafff2ff3e00eafffaff14000400e8ff16000c00faffccffacff,fcff0e001400140000000000f4ff0400daff0800eeff0c000000cefff6fff6ff,0000deffcaff54002c00eafff4ff1400c2e888525ad18ee82a61f2d2d8901c61
6577,6577,0,fcffecff0000100020002000ecff1c000c00faffd2fefeff120002002e000e00,0400f6fffafffaff2000f2ff0a00eaff1400040046003600eafffaff0c00ecff,fcfffcff04000400deff000004000400faff0800eeff0c0010000000e6ffe6ff,1000deffdaff06000c00faff4400f4ffd8607ed2d091f0603a53a290cae8ca52
6578,6578,0,fcffecff0000eefff2ff1000fcff0c00dafffaff1c00feff020002000e003e00,f6ffe6ffdaffdaff5c00f2ff1a00faff14001400160016000c00eafffcff0c00,ecfffcff14001400deff0000140004003600eaffe0ffeeffceffdeff16003600,eeffeeff0600e8ffeaff2c001400e4ff4a53ac9020e7a254d2d268e70c618cd2
6579,6579,0,0a002a00eeff0000f2ffe2ff1c00fcff0c003c00eeffeeffb6ff02001e000e00,04001400faff1c0020002000faff0a001400f2ff74000600eaff0c003c00fcff,fcfffcff0400e6ffeeffeeff14001400eaff0800eefffeffceff200016000600,ceff58001600caffc8ff1c00e4ffe4ffe0d202e8b260bad1b290ea607653e890
6580,6580,0,0a00fcff300010000000e2ff0c000c00fafffaff0c00feffe4ff3000eefffeff,f6ff14002c00faff2e00e2fffaff0a002400040026002600eaff0c00fcff3c00,0e000e001400f6ffeeffeeff0400e4ffdaffeafffefffeff0000eefff6ff1600,eeff1000f8fff8ff2c00fafff4ff1400ac906860f254d09158e73c54ccd22ae8
6581,6581,0,2a00fcffeeff2000100000001c001c000c00faff2c000c0022001200deff0e00,d6ffe6ff0c00faffc4ff2000eafffaffe2fff2ff46002600faff0c00dcffecff,8cfffcff1400f6ff00000000240004001800faffe0fffeffeeff20001600e6ff,0000eeffdaff16002c00faff0400f4ff0ce79654d0d490e68a60e2d2c8903260
6582,6582,0,1a00fcff0000200010000000fcfffcffeafffaffeefffeff3000e4ff2e003e00,1400f6fffaffeaffe2ff2e000a000a00f2ffe2ff26004600faff1c000c00fcff,dcfffcff040014000000200014002400eaff2800eeffe0ffeeffeeff36002600,2000eeffdafff8ffeaffeaff340004002860a0d380910c60bc5492905ae73654
6583,6583,0,fcfffcffeeffdefff2ff10002c001c001c001c001c000c00e4ff12000e000e00,1400e6ff0c00faff2e0000000a00faffe2ff2400e8fff8fffaff0c00dcfffcff,0e00fcff22000400100000000400f4fffaffdafffeffeeff0000eefff6ff0600,000000001600caffdaff0c002400c4ff96547c90b2e5125514d4d8e6da5ffed3
6584,6584,0,0a000a001000eeff0000f2ffecffecffcaffdaff3c01feff120012002e000e00,d6ff14000c000c00d4ff2000faffeafff2ffe2fff8ff0600eaffeaffdcffdcff,0e00ecff220014001000000004000400eaffeaff0c00eeff10000000f6fff6ff,aeff20001600daff0c004e0004000400f0d33ce6bc5fd0d59290b65f7654b890
6585,6585,0,0a00ecffdeffdeff20000000ecffecff0c00faff2c002c0012001200feffdeff,0400e6ff0c000c000000d4fffaffdaff36001400160046001c00eafffcff0c00,0e00fcff140004001000200004001400eafffafffefffeff10001000e6ffd6ff,deff2000f8ffe8ff0c000c00c4fff4ff9c90525f8055c0915ae5fc54f6d438e6
6586,6586,0,0a00ecff000020000000f2fffcfffcff0c00dafff2fee2fec6ff02000e001e00,d6ffe6fffaffeaffd4ff3e00faff0a00d2ff1400160006000c000c00dcffbcff,0e00fcff04001400deff000024001400eaff4600eeffeeff00000000f6ff0600,20001000dafff8ff1c00eaff2400040090e52655e0d554e5565f94d5d8908a5f
6587,6587,0,0a000a0000001000e2ff10000c00ecfffafffaffdeff2c00f4fff4ff0e00ceff,f6fff6fffaff0c00e2ffe2ff0a000a00f2ff140016002600cafffaffecff0c00,0e00fcff2200f6ffeeffdefff4ff140028003600e0ffeeffeeffceff26001600,2000ceffdaff16000c00faff24003400f25e7cd58091345fcc55529058e51e55
6588,6588,0,fcff0a0000002000c2ffe2ffdcfffcffdaff2c000c001c0012001200feffdeff,f6ff14001c00faff0000e2ffeaffeaffe2ff0400260006000c001c00ccff1c00,fcff0e00140014000000000004000400faff1800eeffeeff20000000f6fff6ff,eeffeeff1600f8fffafffaff4400e4ffd6556c90b4e45e56d4d51ae4da5eb6d5
6589,6589,0,0a000a000000eefff2ff0000ecfffcffdaffcaffdeffcefff4ff0200eeffeeff,1400f6ff0c000c003e00d4ffeaffeafff2ffe2ffe8fff8ff1c00faffdcff1c00,1e00fcff04001400eeff1000240014002800eaffeeffe0ff100010001600f6ff,ceff00005400daff0c0060001400d4ffc8d6a0e4845eced67290965fee558890
6590,6590,0,fcff1a00000000002000e2fffcff1c00faff1c00e2feeeff40001200deff2e00,04001400faffeafff2fff2ff0a00eaff04001400260016000c000c00fcff1c00,fcff0e00f6ffe6ff1000100014001400bcff0800e0ffeeffeeff0000f6ff3600,eeff58000600baff1c002c00e4ff04008c90d25ebe5690911ae40c5746d660e4
6591,6591,0,1a00fcffeeff0000f2ffe2ff0c001c00caffcaff1c00e2fef4fff4ff0e001e00,1400f6ff0c00faff2e00e2ff1a000a00f2fff2ffe8fff8ff1c00faff0c00ecff,dcff0e00220004000000ceff1400f4ff2800eafffeff0c00deffeeff0600f6ff,10000000dafff8ff1c00eaff140054004ae34256ccd7a4e3465eb4d67890625e
6592,6592,0,fcfffcff1000100000000000ccfffcff1c00fafffeff0c0012000200eeff0e00,0400f6ffeaffeafff2ffd4ff0a000a00f2fff2ff0600d8ff1c000c00ecffdcff,0e000e00040014000000defff4fff4ff1800eaffeeff0c00deff2000f6ffe6ff,2000eeffcaff64001c00eafff4ff0400625e48d79091745e8c566290b0e31e56
6593,6593,0,ecfffcff0000200030000000fcffecffcaffdafffeff0c00f4ff12001e00feff,e6ffe6ff1c000c00e2ff4c000a001a001400f2ff260006001c000c00ecffccff,1e009cff2200040020002000240004001800ccfffefffeff000000000600f6ff,0000ceff1600f8fffaff1c0014000400a2566c9004e33e5764d768e3225ec6d6
6594,6594,0,fcff0a00000000001000f2ff1c001c00fafffafffeffe2fe120012000e00feff,24000400faff1c0020002e00faff1a00f2ffe2ff06000600faff0c000c00dcff,fcff0e001400e6ffdeffdeff04001400fafffaffeeffeeffdeff0000e6ff1600,deff10000600daffeaff1c0024000400ced79ae2045e9cd85290165ebe565890
6595,6595,0,1a001a0000000000e2ffd2ffdcff1c002c00daffdeff2c00e4fff4fffeff0e00,140014000c00eaff3e00f2ff1a000a00e2ff1400f8ff2600baff0c00ecfffcff,1e00fcff04001400eeff10000400d4ffdaffeaffe0ffeeffdeffeeffe6ff0600,deff6800f8ffdafffafffaff0400f4ff6c90a65df0576091c8e2bc562ed8c4e2
6596,6596,0,fcff1a00100010000000f2fffcffdcff0c001c00ceffceff1200e4ffceffeeff,d6fff6fffaff0c003e00f2ff1a00faff0400e2ff5400f8ff0c002c00ecffecff,fcfffcff14001400eeffeeff040024000800fafffeffeeff1000eeff0600e6ff,10000000e8ff06001c00dafff4ff34000ae252576cd910e2c65dc8d85890c25d
6597,6597,0,fcffecffeeff000010002000fcff0c00cafffaffeeffe2fe5000e4ffdeffeeff,f6ff14000c000c000000d4ff0a00fafff2ff04004600e8ff2c002c00fcffecff,fcfffcff04000400eeff0000240004000800faffd0fffeff3000100016000600,2000ceffe8ffe8ff2c001c00f4ff2400465daed88091985d50583290e4e12657
6598,6598,0,fcff1a00100000000000e2ff1c000c00faffbaffeeffe2fe22001200fefffeff,f6ff2400eaffeafff2fff2fffaff0a00140014002600e8ff0c00eaffecffecff,2e007cfff6fff6ffdeff100014001400faff0800feffe0ff0000eeff06001600,1000000046001600daff0c0044000400d8576c90f2e0945858d9c4e0225d90d9
6599,6599,0,fcfffcff00000000e2ff0000fcff0c00faffdaffeeffeeff0200f4ff1e002e00,1400f6ff0c001c00d4ff2000faff0a001400f2ff26006400fafffaffccfffcff,8cff0e001400220010001000040004000800eaff0c00feffeeff0000f6ffe6ff,ceff20001600e8ffc8ff1c001400e4ff0ed9aee0185d9cd95290465da6573890
6600,6600,0,0a00fcffeeff0000f2ff0000fcfffcffcaffeaff0c00eeff02000200cefffeff,d6fff6fffafffaffe2fff2ffeafffaffe2ffd2ff260036001c002c00dcffecff,fcff0e00320004000000eeff2400e4ff0800fafffefffeff00000000e6ffe6ff,eeff58001600f8ff1c00faff0400f4ff5c90065de458709144e1e05840d964e1
6601,6601,0,fcfffcff00001000f2ff1000ecfffcfffafffafffeffeeff30001200eeffeeff,040004000c001c00e2ff3e00faff0a001400e2ff060006001c000c00ecffecff,2e001e000400f6ff1000eeff1400240008000800eefffeff00001000f6ff1600,eeff0000caff16003e00faffe4ff2400aee0e857a8da92e0065df8d84890d25c
6602,6602,0,1a00fcffeeffeefff2ffd2ff0c00ecffcaffcafffeffe0fff4ff0200feff0e00,e6ff1400faffeaffd4ff3e00fafffaff04001400d8ffd8ff0c001c001c00ecff,0e000e00e6ff0400eeff10002400140008001800eeffe0ff0000000016002600,3000eeffdaff16002c00faff24002400d65c38da0a91885c1059429084e07858
6603,6603,0,0a00fcffeeffeefff2ffe2ff0c000c00faff0c001c00f2fee4ff02000e00feff,04000400daffeaff3e00e2ff0a000a00e2ff1400360046001c000c00ecff0c00,dcff0e001400f6ffdeff000014001400faff28002a00feffeeff0000f6ff0600,1000ceff0600f8ffeaff1c002400140098584c90a4df5459bcdac0df2a5c90da
6604,6604,0,0a002a000000eeff2000f2fffcffecffcafffaffeeffe0ff020002000e00feff,f6ff04001c001c00e2ffc4ffeaff0a000400f2ff540016002c00fafffcffdcff,0e002e001400f6ff20001000040014002800eaff0c000c00eeff000016001600,eeff00004600e8ffdaff0c000400f4ff8adacedf285ca8db4290a65cf8585890
6605,6605,0,1a00fcffeeffdefff2ffe2ff1c00fcffeafffafff2fed0ff120022000e00eeff,0400f6fffafffaff2e0000000a001a00f2ff0400260016001c002c00fcffecff,fcfffcffe6fff6ff1000100004001400eaff18000c00eeff00000000f6fff6ff,deff5800e8ffcaff2c001c00e4ff14004c90e25b4a5a0a9130df3059e0da72df
6606,6606,0,0a001a00deff10001000e2fffcff2c00fafffafff2fef2fe0200d4ff2e000e00,14000400fafffaff2e00d4fffafffaff04000400f8ffc8ff1c000c001c002c00,dcff1e000400e6ffdeff000014002400daff0800feffeeffeeffeefff6ff1600,10000000e8ff16001c00faffd4ff4400b8de4859e8dbb4def65b90dc5890ca5b
6607,6607,0,1a00fcff2000eefff2fff2ff1c00ecff0c00fafff2fef2fe120002001e00feff,14001400fafffafff2ffd4ff0a000a00e2ff1400f8ffb8ff0c000c00ecff0c00,1e001e0004001400100000000400040028000800feffe0ff2000ceffe6fff6ff,20001000f8ff16001c00daff44001400a25baadb0a91885b9059ae8f6ade9859
6608,6608,0,dcff1a001000eeff1000e2fffcff0c00baffdaff2a001c000200f4ff2e000e00,f6ff14000c000c000000d4fffaffeafff2ff0400160006000c00faffbcffacff,0e000e000400f6ff0000000004000400faff08000c00feff00001000f6ffe6ff,eeffdefff8fff8ffeaff1c001400f4ff98594c9016de8a5a50dc00de4a5b02dc
6609,6609,0,0a00fcff100000001000f2ff0c00fcfffaff0c000c00f2fe020022002e002e00,2400f6ff0c00faffe2ff0000eafffaff0400f2ff3600d8ff0c000c00dcffecff,0e00fcfff6ff1400200000002400b4fffaffeaff2a00feff000000000600f6ff,eeff20004600f8ffc8ff3e000400e4ff5cdd48de185b06dd7290545b085a1890
6610,6610,0,fcffecffeeffdeff0000e2ffecff0c001c00faffe0ffd0fff4ff02000e001e00,14001400daffcaffd4ffe2fffaff0a00e2ff14002600f8ffcaff0c00ecfffcff,0e000e00f6ff04001000100004001400daff2800eefffeffdeffeeff16003600,eeff3000daffdafffaff1c00d4ff24004c90845a6a5afa90a0dd645aeadcfadd
6611,6611,0,fcfffcff00000000f2ff00001c00fcfffaffdafffefff2fe12001200eefffeff,040024001c000c00d4ff0000eaff0a00d2ffd2ff060016001c00eaff0c00bcff,0e002e001400220010001000e4ff0400280036000c001c00deffdeff06000600,10000000e8ff16002c001c00040024006cdd625a16de06dd945a80dc6890be5a
6612,6612,0,0a00fcff00001000f2ff00000c000c00faffdaffe0ff0c000200e4ff2e000e00,040024000c00faff0000f2ffeaff0a00f2ffe2ff060016001c000c00ecffecff,fcfffcff140022000000000024000400daffdaffeeff0c002000eeff16001600,1000deff060054000c00daff14000400325a38de5091285bc45aee8fdadc185a
6613,6613,0,fcfffcffeeff10000000f2fffcffecfffaff1c00e0ffeeff02000200feff2e00,e6fff6ff0c000c00e2ff2e001a000a00f2fff2ffe8ff06000c000c00ecfffcff,fcff0e00e6ff1400deff100004001400eafffafffefffeff100000003600f6ff,0000ceff0600f8ffeaff2c00f4fff4ffc45a4c90c8dc085b90def0dc2e5adadd
6614,6614,0,ecfffcffeeff0000f2ffe2ff0c00fcffdafffafff2fee4fef4ff02001e00feff,e6fff6fffafffaffe2ff2e00faff0a0014001400060006000c000c00fcfffcff,0e00fcff0400e6ff0000deff240014003600eaff0c00eeffeeff000006000600,eeff30001600caffc8ff4e000400c4ffa8defcdc6a5ab4debe8fa0592a5b5890
6615,6615,0,0a00fcff00001000000000000c00fcff0c00faffeefff2fef4ff1200feff0e00,1400f6fffaffeafff2fff2ff0a000a001400f2ff060036001c000c00ccffdcff,dcff2e001400140020000000f4ff04003600fafffefffeffeeff1000e6fff6ff,000030000600e8ff1c001c00040014006c908859585bda905cdb045bf2de82dc
6616,6616,0,fcfffcffeeffeeffe2fff2ff0c00fcffdaffcafff2fef2fe020002001e00feff,e6ff1400fafffaff0000f2ffeaffeaffd2ffe2ff740006001c000c00ecff0c00,1e000e00e6ff040010002000b4ff1400ccfffafffeff0c00deffceffd6ffe6ff,10000000dafff8ff1c00c8ffd4ff14003adbf45a54dfe8dbb05920df3890c859
6617,6617,0,fcffecff000010001000f2fffcff1c00daffeaff0c00e4fee4ff1200eeff2e00,140014000c00faffe2ff4c000a00daff1400f2ff0600f8ff0c000c00dcff0c00,0e000e00040014000000000004002400daff0800eeff0c003000deff1600f6ff,1000deffe8ff1600faffeaff24000400085958df0a918459745b729032db8a5b
6618,6618,0,fcfffcff20000000000000002c000c00fafffaff0c000c003000f4fffeff0e00,f6fff6fffaffeaff3e00e2ff0a00eaffe2ffe2ff0600e8fffaff2c00ecffdcff,0e001e0014000400eeff10000400f4ff0800faff1c00eeffeeffdeff06000600,0000eeff0600f8ffdafffaff1400d4ffd25b5c9058db585c24e07cda0859b2df
6619,6619,0,fcfffcffeeffeefff2ffe2ff0c00fcfffaff0c000c00eeff020002000e00feff,140004000c00faff2000f2fffaff1a001400d2fff8ff1600eaff0c00fcffecff,0e000e00140004001000100004000400180028000c000c00deff100006002600,eeff20000600cafffaff2c000400e4ff0ee048da4459a2e052904059fa5b5890
6620,6620,0,ecfffcff00001000f2ffe2ffecff0c00fafffafff2fe0c003000d4fffefffeff,f6fff6ffdaff0c002e00e2ff0a00eafff2fff2ff060026001c001c00bcfffcff,0e000e0004001400000010001400f4ffeaff18001c00feff0000deff06001600,deff30004600f8ff1c00faff94ff04004c90b858b85c60915cdab65ce2df90da
6621,6621,0,0a00fcffeeff000010000000dcffecff0c00daff2a00eeff02003000eeffeeff,04000400eaff0c00f2ffd4fffaff0a00f2fff2fff8ff3600faff0c00bcffccff,0e001e00f6ff14000000100004002400eaff08000c000c002000eeff06001600,00000000dafff8ff2c00faffd4ff24008ed9865cf2e078dac05874e018906858
6622,6622,0,fcfffcff10001000f2ff1000ecffdcff1c00faff0c00eeff3000e4ffeeff2e00,24001400fafffaffd4ff2e00eaff0a00f2fff2ff06005400faff1c000c00dcff,1e00fcff0400f6ff000000001400e4ffeaffccff0c00eeff2000deff06001600,3000deffcaff4600faffdaff1400d4ff5858bee060910459c65c729030da5a5c
6623,6623,0,1a00fcff0000eeffe2ff2000fcffecfffaffdaffe0ffeeff12003000feff1e00,1400f6ffeaff0c002e00f2ff0a000a000400140036002600eafffaffacff0c00,3e00fcff140014000000deff34002400daff28001c00feffdeff10000600f6ff,3000eeff1600f8ffdaffdaff4400d4ff065d6c90d4d9185d34e18cda585824e1
6624,6624,0,ecff0a00200000000000f2ffdcffecff1c00faff2c002a00400022000e000e00,04001400eaffeafff2ff2e00fafffaff0400f2ff64002600eafffaffdcffccff,0e002e00220004000000eeff14000400bcff18001c001c00deffeefff6ff2600,ceff10001600e8fffaff1c00040004002ee10ed9845852e15290cc57125d4890
6625,6625,0,1a001a000000eeff00000000fcff0c000c000c00eeff0c00120012001e000e00,2400f6ffeaffeafff2ff00001a000a000400c0ffd8ffe8ffeaffeafffcffbcff,ecff1e000400040020000000f4ff1400faff2800fefffeffeeffeeffe6ffe6ff,beff4800f8ff06000c001c00d4ff04005c908257885d609118d9665dc4e150d9
6626,6626,0,0a00fcff10001000f2ff00000c00fcffeaff1c001c002c00300012001e00feff,04000400faffeaffe2ffe2fffaff1a001400140006002600faffeaff0c00ecff,0e000e00f6ff0400deffeeff04000400daff3600feffe0ff0000000006003600,20000000bafff8ff2c00eafff4ffe4ff0ed8165d22e2acd8cc5778e24890c657
6627,6627,0,0a00fcff30000000e2fff2fffcff0c00fafffaff1c001c00020012001e000e00,0400f6ffeaff1c00f2ffe2ffeaff0a0004001400f8ff46000c000c00dcffecff,2e000e001400f6ffeeff00001400f4ff180028001c000c000000ceff3600f6ff,3000beffe8ff1600faffeaff0400140002575ae21a91f057f65d8290e8d7925d
6628,6628,0,0a000a00eeff1000e2ff1000dcfffcfffaffcaffeeffdeff220012000e00feff,040014001c001c002e00e2ff0a00faff0400040064000600faffeafffcff0c00,1e000e00f6ff04000000eeff04000400daff08000c001c000000eeff0600f6ff,2000eeff0600f8ff0c002c000400e4ff325e7c90acd7d85d28e304d7165740e3
6629,6629,0,fcff1a00deffeeff200010000c00fcff2c00daff0c00ceff120022000e00feff,0400f6fffafffafff2fff2ff0a00fafff2ff0400060064002c00faffdcffecff,0e002e0004000400eeff1000f4ff0400fafffaff0c00feffeeff000006001600,eeff10005400f8ffeaff2c00f4ffd4ff8ae358d79057d4e362903c57d25d7890
6630,6630,0,fcfffcff100030002000f2ff1c001c00cafffaffe2fe1c00020002000e000e00,f6fff6fffaff0c00e2fff2ff1a00eaff1400f2ff36003600faff1c00ccffbcff,dcff0e0004001400eeffdeff24001400eafffaff2a000c00deff200006000600,eeff3000f8ffbaff0c001c00e4ff14005c90c256845e1a91a4d7c65ea0e378d7
6631,6631,0,fcfffcff00000000e2fff2ff0c001c000c00daffe2fedeff220012000e000e00,14000400faffeafff2ff2e00eaff1a000400f2ff26002600eaff0c00fcff1c00,1e000e00f6fff6ff0000100014000400eaffccffeefffeff20001000e6ff0600,10001000cafff8ff1c00daffe4ff440068d6925e44e41cd7ec5638e388903e56
6632,6632,0,0a000a001000eefff2fff2ff0c00fcff0c00daff2c00eeff30000200eeff0e00,04001400fafffafff2ffe2ff0a00faff1400040006000600eaff0c002c00fcff,1e000e00040014001000bcfff4ff1400faffccffeeffeeff1000deffe6fff6ff,20000000e8ff06000c000c0004003400c655eae36091b056a65e829010d6625e
6633,6633,0,2a00fcff00000000f2fff2fffcff1c00dafffaff2c00eeff020002000e00eeff,f6fff6fffafffaff3e00f2fffaff0a000400f2fff8ff26000c001c00fcfffcff,0e001e001400040030002000f4fff4ffccffdaffeefffeff000000002600e6ff,0000ceff06000600faff1c002400e4ffc25e7c90aed6c45ed2e5d4d6ae5580e4
6634,6634,0,ecff0a00ceff0000e2ff0000fcff0c00daff0c002c00eeff4000f4ffeeff0e00,1400f6fffaff0c000000f2fffaffeaff0400f2ff16003600eafffaffdcff1c00,0e00fcff1400f6ff0000100014000400dafffaff0c00eeff0000eeff1600f6ff,000000001600daffeaff2c004400e4ff50e58cd51e56f4e462901c56fa5e6890
6635,6635,0,fcfffcffdeff10001000e2ffecff0c00caff1c00deff4c00120030001e000e00,f6ff2400eafffaff3e0000001a000a00c0ff360046001600eaff1c00ecffdcff,0e00dcfff6ff1400100000000400f4fffaffdafffeffe0ffeeffeeff16000600,000030000600f8fffafffafff4ff24009c908655245f8091f4d4165fa8e5b0d5
6636,6636,0,fcfffcff200000000000e2ffecff0c00faffdaff2c00deff400012000e00feff,140004000c00fafff2ffe2ff0a000a000400f2ff160036000c000c00fcff1c00,0e000e000400f6ffeeff0000e4fff4ffeafffafffefffeffdeffdeffe6ffe6ff,eeff2000f8fff8ff3e00eaff040044008cd5525f02e6d0d5fc55f2e68890fe54
6637,6637,0,0a00dcff1000100010001000ecff0c00caffdaff2c010c000200f4fffeffeeff,14000400faffeaff2e00f2ff0a00faff1400f2ff26004600eaff0c00acffecff,dcff0e00140004001000100004000400bcff28000c000c0000002000e6fff6ff,3000eeffe8ff54000c00daff1400040016555ce69091b055d65f8290c0d45a5f
6638,6638,0,0a00fcff000010000000f2ff0c00fcffdafffaffe2feeefff4fff4ffdeffeeff,04000400faffeaff20004c000a001a000400e2ff06001600faff1c000c000c00,0e001e00f6fff6ffdeffeeff04004400ccffeaff6600eeffeeff000006001600,2000defff8fff8fffaff1c003400e4ff925f8c9070d5945fc2e624d42e55f8e5
6639,6639,0,ecfffcff00000000f2ff0000ecff0c00dafffafff2feeeffe4ff30000e00eeff,04001400fafffaff20002e001a00faff0400e2fff8ffd8ff2c001c00fcfffcff,2e000e000400f6ffdeffeeff0400140008000800feffeeffeeffceff16001600,100030000600daffdaff1c00f4ffe4ff3ce7acd4505532e6b2904c55aa5f9890
6640,6640,0,fcffecffeeffeeffe2fff2ffecff1c00fafffaff1c002c0030002200deff0e00,f6ff0400faffeaff0000f2ffeaffeaff1400d2ffd8fff8fffafffaffecff0c00,ecff0e002200e6ff100010000400f4fffaffeaff1c00feff0000000006000600,eeff78005400daff1c000c00e4ff1400cc90c6547260b09134d4ba60c8e638d4
6641,6641,0,ecffecffeeff1000f2fff2fffcfffcff0c00faffd2fee2fe02001200deffdeff,0400e6ffeaff0c002e00f2ffeafffaffe2ff0400f8ff16001c00fafffcff1c00,8cff0e00140004001000eeff14000400daffdaff0c00feffeeffeefff6fff6ff,10000000f8ff06002c00daffe4ff240050d3586090e740d4e85342e7c8902654
6642,6642,0,1a00fcffeeff00000000e2fffcff0c00fafffaffceffeefff4ffe4fffeffeeff,d6ff0400eafffafff2fff2ff0a00eaffe2ffe2ff26002600eafffaffecff0c00,2e000e0022000400eeff10001400f4fffafffaffe0ffeeff00001000f6ff0600,68000000baff06000c00eaff1400f4ffd253c2e78091b254ca60e29048d30a60
6643,6643,0,2a00fcff1000defff2ff5c001c001c000c00faff0c00eeff22002200eeff2e00,14001400faff2c000000f2ff0a00faffe2fff2fff8ffe8ff1c00faff0c001c00,0e000e000400d8ff0000deff24002400eaff3600fefffeff10000000f6fff6ff,3000eeff06001600eafffaff1400140088608c90d2d3926096e862d3c653fae7
6644,6644,0,0a000a0010000000e2fff2fffcff0c000c00faffdefffeff020022002e00feff,14001400fafffaff1000e2ff0a00faff2400040036001600faffcaff0c00fcff,dcfffcff040014000000000004000400eafffaff2a000c000000defff6ffe6ff,eeff10001600f8ffeaff2c00f4ff040052e85ed2b254c0e70291b652a260b890
6645,6645,0,fcfffcff000010002000f2ffecff0c00faffdafffeffeeff020012000e00feff,24000400eafffaff3e000000eaff0a000400f2ffd8ff06001c00eaffecfffcff,fcff1e00f6fff6ff00001000040004000800eaff1c00eeff300020000600f6ff,deff58001600f8ff3e001c000400e4ffec90c2536061f091f2d2fa60aae8ccd2
6646,6646,0,ecfffcff10001000000020000c000c002c00daffeefff2fe120040000e00feff,04002400faffeaffd4fff2ff0a000a00140014000600f8fffaff1c000c000c00,fcfffcff0400f6ff0000100014001400faffdafffefffeffeeffdeff26001600,30000000dafff8ff1c00faff240024002ed228619ee8dcd0b6521aeae8906653
6647,6647,0,2a001a0000000000f2ff00001c00fcff0c000c00eeffeeff30001200eeffeeff,320032000c00daff4c000000faff0a00d2ff0400f8ff0600daff0c002c002c00,fcffdcff0400f6ff0000eeff14003400fafffaffeefffeff0000000016003600,1000eeffbaff16000c000c00140004008852f2e81092a2533a61e290fcd11c61
6648,6648,0,ecff0a0010001000f2ffd2ff0c000c00faff0c000c00feffe4ff3000deff0e00,1400f6ff0c00daff0000c4ffdafffaff0400e2ff060016000c000c00ecfffcff,1e003e00220014000000deff0400f4fffaffeaff0c000c00000020000600e6ff,deffeeff16001600fafffaff2400e4ff4861ec90f6cf80618aeabed04a52b4e9
6649,6649,0,dcff0a0000002000f2ffe2ff1c00fcfffaffdaffeeffceff02002200feff1e00,04001400faff1c003e00f2ffeaffeaff0400f2ff060064000c000c00dcfffcff,fcff9cff040004000000000004000400bcff0800e0ff760000001000e6ffe6ff,deff1000720016001c004e000400f4ff4eeae4d0f252eee9f29036527c61d890
6650,6650,0,ecfffcffeeff2000200020000c00fcff0c00caffeeffe2fe020022000e000e00,04000400fafffaffe2ff2e00fafffaff0400e2fff8ff0600eaff0c00fcffdcff,1e001e00e6ff04000000420004001400daffdaff1c000c00eeff100006001600,eeff1000f8ffcafffaff1c00f4fff4ff0c91ce51066220929ed07e6284eafcd0
6651,6651,0,fcff1a0010000000e2ffe2ff2c000c000c00faffeeffe2fe12001200eeffeeff,e6fff6ff1c00faffe2ffe2ff0a000a00f2ff040026003600fafffaffecff0c00,0e001e001400140010001000e4ff140008002800fefffeffeeffdefff6ff0600,10000000dafff8ff2c00faffd4ff440094d0a8618eea1ecf02516aeb5291ea51
6652,6652,0,0a000a00100020000000e2fffcff0c00faffeaffceffeeff400002000e00feff,f6fff6ffeaff0c00e2ffe2fffaffeaffd2ff0400360036001c002c000c00ecff,0e000e000400f6ff0000100004000400eafffaff1c001c0000000000f6ffe6ff,20000000e8ff16001c00fafff4ff44005e51beea109272526e62229122d01c62
6653,6653,0,fcff0a0020000000f2fff2fffcfffcffcaffbaff0c00eeff3000f4fffeffeeff,14000400eafffaff20003e000a00faff0400f2ff060006000c001c000c00ecff,0e009cfff6ff0400eeffeeff14001400eafffaffeeff1c0030001000f6fff6ff,1000ceff16001600faff1c000400a4ff34621c91aece5662eceb9ed06a5140eb
6654,6654,0,2a003a00ceff1000f2ff10002c00fcffcafffaffe2fed2fe020002003e00feff,0400e6fffaff0c003e00e2ff0a00eafff2ff1400f8ff26000c001c002c00ecff,0e001e00e6fff6ff00000000f4ff04003600dafffeffeeff2000eeff0600f6ff,000020005400dafffaff3e00e4ffe4ff4eebd4cf3252a4eb229192505c622291
6655,6655,0,2a00fcff20000000f2fff2fffcff0c000c001c00e2feeefff4ff0200deff2e00,140014000c00faff0000e2ff1a000a00040004001600f8ff2c001c00fcfffcff,0e00fcff04000400eeffeeff04000400eafffaff1c000c003000eefff6fff6ff,eeff6800f8ffbaff1c000c00e4ff14001c91de50866220921acf6e6220ec98cf
6656,6656,0,fcff1a00eeff10000000e2ff0c00fcfffaff1c00e2fee2fe22002200deff1e00,f6ff14000c00eaff2e00f2ffeaffeafff2ff0400260006000c002c00fcff0c00,fcffdcfff6ff04000000deffd4fff4fffaff0800eeff0c000000eeffd6fff6ff,eeff3000f8ff16004e00eaffe4ff14001ecf946274ec52cd42509ced72916050
6657,6657,0,fcff2a0010002000f2ff10000c00fcffdaff1c00eeffe2fe020012000e000e00,140004000c000c000000f2ffeafffafff2ff0400e8ffd8ffcaffdaffecff0c00,0e00fcff0400040010001000140004002800faffe0ffeeffeeffdeff0600f6ff,1000eeffdaff16002c000c00f4ff04005e501cec20926e51fe62329150cee862
6658,6658,0,fcff0a0000001000f2ff1000fcffdcffdaff0c00cefffeff02000200feff0e00,f6ff24000c00faffe2ff00002a000a0004001400f8ff06002c00faff1c000c00,fcff2e001400040020001000f4ff240028000800e0ffeeff000000001600f6ff,100010000600f8ffeaff2c004400e4ff94623c9102cdf662cced6acdc04f46ed
6659,6659,0,fcff0a001000eeffe2ffe2ffecfffcffdaff0c00eeff2c00d4ff4000feff1e00,140014000c00fafff2ffe2ffeaff0a00f2ff04001600d8ffeaff0c001c001c00,0e000e000400140000000000f4ff0400faffeaff2a00eeffbeffeeffe6ff1600,000020001600e8fffaff2c00f4ffe4ff6cec2ece784eb4ec329152509863a291
6660,6660,0,fcff1a00000000000000e2fffcffecff0c00caff1c00deff22000200eeff2e00,f6ff14001c000c002e00f2fffaff0a0004000400260036000c00faffdcffccff,fcff0e00220022000000defff4ff1400daffeafffeff0c00eeff1000d6ffe6ff,deff30000600f8fffafffaffe4ff14003c91584f766340921ace1e63f6edd0cd
6661,6661,0,fcfffcffeeffeeff0000f2fffcffecfffaffdaffeeffe2fee4ffc6fffefffeff,f6fff6ff0c00eaff3e00e2ffeaffeafff2ffe2fff8ff36001c000c00dcff1c00,ecfffcff0400140010000000f4ff0400eafffaff0c000c00200010001600f6ff,1000eeffdaff06004e00faffe4ff140072cd2463a4eda2cc3e4f1cee9291d04f
6662,6662,0,ecfffcff00000000f2fff2ff0c00fcfffafffaffeeffeeff020022003e002e00,f6ff14000c00faff3e00e2ff0a00faff36001400f8ff46000c000c00fcff0c00,fcff0e0014000400deff000004001400fafffafffefffeff1000ceff16003600,5800eefff8fff8ff1c00faff34002400684faceeb692584e1064729140cdb863
6663,6663,0,dcfffcff0000eefff2fff2ffecff0c00fafffaffeeffeeff120012002e00deff,f6ff24000c001c000000e2ff0a000a000400f2ff26005400fafffaffdcff0c00,0e000e0014001400deffeefff4ff0400ccffeaff0c001c00deffceff06000600,3000eeff16000600eaffeaff4400d4ff84637c91b2cb86631cefcacd004f50ef
6664,6664,0,fcfffcff0000000020000000ecfffcffdafffaff0c00deff02003000feffceff,f6fff6fffafffaff3e00f2fffaff0a0004000400060006000c00caff7cffecff,0e001e000400f6ff0000ceff24000400daffeaff0c00feff2000000006000600,deff20004600daffeaff2c000400e4ff2cef72ccb84d90ee9291de4d1864a291
6665,6665,0,0a00fcff00000000d2ff1000dcff0c00dafffaffeeff0c001200d4ff0e00feff,f6ffe6ff0c00eaff0000e2ff1a000a002400e2ff3600f8ff3c001c00dcffecff,8cfffcfff6ff040020002000f4ff0400eaff3600eeff0c002000eeffe6ff0600,deff20001600e8ff0c000c00e4ffe4ff9c91584e6464f6920acc0064c0ef18cc
6666,6666,0,fcfffcffeeffeeff100000000c00fcfffafffafff2fe0c00020030000e00deff,2400e6ff0c00faff2e002e000a000a000400f2fff8ffe8ff0c00fafffcffecff,fcff2e00f6fff6ffeeff200004002400daffdaff0c001c00eeff0000e6fff6ff,00001000caff16004e00fafff4ffe4ff92ccb46340ef32cbfe4dd0f002925a4e
6667,6667,0,fcfffcff0000eeff000010001c000c00caff2c00eeff1c00220002000e00eeff,14001400faff0c002e00e2ffeaff0a002400e2ff3600f8fffaff0c00ecffecff,0e00fcff140014000000000014000400faffeaff0c00eeff000000000600d6ff,20000000baff0600faffeaff14001400484e52f0d692d24c80646291b8cb5864
6668,6668,0,0a00fcff00000000f2fff2ff0c000c00dafffaff1c01feff12001200defffeff,e6ff1400faff2c002e00d4ff5a00faffe2fff2ff0600e8ff0c00faffecffacff,fcffecff040014000000000014000400ccffeaff0c001c00000010000600e6ff,2000deffe8ff5400faff0c000400e4ffda64cc917ccaa464f0f0aacbea4d4af1
6669,6669,0,ecff1a00deffeeffe2fff2ff2c000c001c00eaffeeff0c0102003000feff0e00,14001400fafffaff2e00e2ff0a00eaff04000400160016001c00faffccffdcff,ecfffcfff6ff14001000eeff140014002800faff1c001c00100020000600e6ff,deff00001600e8ff1c001c001400c4fffef06ecb524c30f036923e4d10651292
6670,6670,0,fcffecff00000000f2ffe2fffcff0c000c00cafffeff1c01e4fff4fffefffeff,f6ff1400fafffafff2ffe2ff1a001a003600f2ff260046001c000c001c00ecff,1e001e0004001400eeff1000240014001800eaff0c00eeff1000200026001600,deff20001600daff1c000c00e4ffe4fffc911c4de46406937acb5065daf1f8ca
6671,6671,0,0a000a001000000000000000fcff1c00dafffaffceff0c001200e4ff0e000e00,d6ff1400faff0c00e2ffe2ffeaff0a00140014004600e8ffeaff0c000c001c00,1e000e000400f6ffeeffeeff24001400180008002a00feff00003000e6ffe6ff,deff1000daff16002c00faff140014005cca4a65a0f0bcc9ce4c50f14292c04c
6672,6672,0,fcfffcffeeffdeffe2ffe2ff1c001c00dafffaff0c001c000200e4ff2e00eeff,d6ff14001c001c00f2ff0000faff0a00e2ffe2ff460036000c00faffecffecff,fcfffcff1400f6ffdeff000014000400faffeaffeeff0c0010003000f6ff0600,30000000e8ff72000c00eaff0400e4ffec4c8ef12693844b40656892ccc91065
6673,6673,0,ecfffcff1000eeff000020002c001c00daffdafffefffeff020002000e00eeff,e4ff1200faffeaffe2ff00001a001a000400e2ffd8ff26003c002c000c00fcff,bcff9cff04000400200000000400f4ff2800eafffeffeeff2000300026001600,1000defff8ff0600eaff1c005400e4ff7a6546929cc8246564f2a4c9284c9af2
6674,6674,0,fcfffcff1000eeffe2fff2ff0c00fcfffaffdaff0c00eefff4ffe4fffeff0e00,f4ff22000c001c003e00e2ff1a001a0004001400b8ffe8ff1c00fafffcffecff,0e00acffd8ff040000002000e4ff1400faffeaffeeff0c000000eeff1600f6ff,eeff0000f8fff8ffeaff1c000400f4ff08f392c9344ba2f25892ce4ba0653292
6675,6675,0,0a000a0000002000d2ffe2fffcff2c000c00faff1c00eeff1200e4ffdefffeff,e4ff1200eaff0c000000e2fffaff0a00f2fff2ffe8ff1600faffeaffccff0c00,0e001e0014000400eeffeeff04000400faffeaff0c00feffeeff20000600e6ff,eeff5800f8ffdaff0c000c00a4fff4ff7692e84b4465569344c9706566f33cc9
6676,6676,0,1a001a00eeff10000000f2fffcff0c001c000c00eeffeefff4ff0200ceffeeff,e4ff12001c00eaffe2ff2000eafffaffe2fff2ff0600f8ffeaff0c00dcff0c00,dcff0e00e6ff14000000deff1400f4fffaffdafffeff0c00deff00000600f6ff,10002000daff1600fafffaff1400e4ffd2c8aa65b2f21ec8ee4b16f47292c84b
6677,6677,0,2a000a000000eeffe2ff0000fcff1c00faffcafffeff0c001200e4ffeeff0e00,0200c6ff0c00eaff1000e2ff5a000a00e2fff2fff8ff3600faff1c00fcfffcff,bcff9cfff6fff6ffeeffeeffe4ff0400faffccffeefffeff0000eeff0600d6ff,2000ceffdaff72001c00faff0400e4ff684b98f36693844a2e66a8920cc9f065
6678,6678,0,fcffbcff0000eeffe2fff2ff0c00dcff1c001c00eefffefff4ff40000e000e00,220022000c00daff00000000eaff0a000400f2ff060006000c000c001c000c00,1e001e0004001400eeffceff0400f4ff08002800feffeeff100020002600f6ff,2000eefff8fff8ffdaff1c004400f4ff566676921ec71266f6f414c8e84a46f4
6679,6679,0,fcff1a0000000000f2ff0000fcff0c001c00caff2c002c00d4ff12000e002e00,f4ff12001c000c00e2ff20000a00faff14001400d8ff06001c000c00fcff2c00,dcfffcff040014000000000024002400eaffccff1c00feff10000000f6fff6ff,eeff10005400f8ffeafffaff0400e4ffe4f442c8044ad2f57892ae4b1066d292
6680,6680,0,fcfffcff000010000000f2ffdcffecfffaffdaffe2fe0c00f4ffe4ffcefffeff,e4ffe4ffeaff0c002e002e000a000a00140014001600e8ff0c00fafffcffecff,fcfffcff22001400eeff100014001400daffdaff0c00eeff00000000e6fff6ff,beff30001600e8fffafffaffe4ff04009692164b4266a49374c8ae661ef5a2c7
6681,6681,0,0a00fcffdeffeeff0000d2ff0c00ecffdaff0c000c00e2fe0200f4fffeffeeff,02000200faff0c002e00f2ff0a000a00f2ff0400d8ff0600eafffaffdcffecff,fcff1e0004000400eeff00002400f4ffeaff1800fefffeffeeff1000f6fff6ff,eeff1000f8ff06000c00eaffc4ff14008cc77666e2f58ec62e4ae6f4e2922c4a
6682,6682,0,3a000a00eeff1000e2ffe2fffcfffcfffaff0c000c00feff12001200feffdeff,f4ff1200eafffaff0000e2ff0a00faff1400f2ffd8ff0600faff0c00ccff0c00,9cff0e00f6fff6ff0000eeff14000400fafffafffeff0c0000002000f6fff6ff,4800eeffcaff46001c00eafff4ff0400e64a64f5f4932049ce66f892b0c6f266
6683,6683,0,fcff0a0030001000e2fff2fffcffecfffaff0c00deff0c00e4ff0200feff0e00,e4ffe4fffaffdaff2e00f2ff0a00eaffe2ff2400e8ff0600faff0c00fcfffcff,1e000e0014000400deff0000140014002800faff0c000c00eeff0000f6ff1600,1000deff0600f8ffeaff0c001400d4ffc666c692e0c58266a6f550c7fc49bef5
6684,6684,0,fcff1a00200020000000e2fffcfffcfffaffcaff2c00feffd4ffc6ffceffeeff,1200f4ffeafffaff0000e2ff0a00faffe2ff04000600d8ff0c00eaffdcff0c00,fcff0e00f6ff0400000020004400f4ffdaffdafffefffeff000030000600f6ff,deff10005400e8ffdaff2c001400e4ff80f6bcc67e486ef7f892e8484267f292
6685,6685,0,ecff1a00eeff0000e2ff0000ecff0c00faffeaffeeff0c00d4ff12000e000e00,120012000c00faff20003e00eaff5a001400f2ff0600f8fffafffaffdcffecff,fcff0e00f6ff1400ceff1000440004003600faffe0fffeffeeff1000f6fff6ff,000020001600daff0c001c00e4ff140006932c492067e49398c50e67aef6f0c5
6686,6686,0,fcfffcffdeff0000e2ff0000ecff0c00daff0c00e2fe1c00b6fff4ff0e00feff,2200e4ffeafffaffe2ff2e000a000a000400f2ff0600f8ff0c000c00dcffecff,0e000e00140014001000deff040004000800fafffeff0c00deff1000f6fff6ff,10000000e8ff0600faffeaffd4ff3400c0c55667fef770c5d8480af8f2920c49
6687,6687,0,dcfffcffceff00000000f2ffecff1c00dafffaff2c000c00f4fff4ffeeffceff,02000200faffdaff10003e000a00faff2400e2ff060016000c00fafffcfffcff,0e000e00f6ff140020000000f4ff0400daffdaff0c000c00eeffeefff6fff6ff,3000deffdaff06000c00faff24001400ac4870f724946e475e67089370c5a267
6688,6688,0,1a00ecff0000eeffe2fff2ff0c00fcff0c00daffeeff0c000200c6fffefffeff,02001200daff0c003e00f2fffaff5a001400f2ff0600e8ff0c001c00ccffccff,1e000e0014001400100020000400f4ff2800bcff1c00e0ff00000000e6fff6ff,2000eefff8ff16000c000c000400040076670693a2c440677af868c42248b6f7
6689,6689,0,fcff0a002000eefff2ff00000c001c00cafffaffe2fe1c00b6ffc6ffeeff0e00,12001200fafffaffe2ffe2fffafffaff1400f2ff3600f8ff1c000c00ecff1c00,0e000e0014000400eeff0000f4ff24002800daff0c002a000000eeffe6ffe6ff,eeff20001600f8fffaff4e000400f4ff46f860c5fe46def84893584892677e93
6690,6690,0,0a000a00eeffeefff2ffe2ffccff1c00faff0c00eeff2c001200d4ff1e00deff,1200f4ffeaff0c0000003e00eaff1a0004000400f8ff1600baff0c00fcffdcff,fcfffcff14001400eeffdeff1400040008001800eeffe0ffeeffeefff6ff1600,deff6800f8ffe8fffaff0c000400e4ff3693b647a067449468c4ce67c8f800c5
6691,6691,0,0a000a00eeff200010000000ecff2c00daffcaff2c00eeff0200d4fffeffeeff,f4ff12001c00eafff2ff2000faff0a003600040006000600eafffaffdcffdcff,fcfffcff140004000000deff0400e4ffeaffccffeeff1c00eeffeeff0600f6ff,10000000f8ff16003e00daffe4ff1400c0c41c68a6f9d2c354478af8be93c247
6692,6692,0,0a000a000000eefff2ff1000fcffecffeafffaff0c000c00d4ffe4ff0e000e00,1200f4fffaffeaffe2fff2ff0a00daff1400f2fff8ff2600eaffeaff2c001c00,1e000e00e6ff14001000eefff4fff4fffaffdaffd0ff0c000000eeff06000600,1000eeffdaff16000c00eafff4ff1400964728f98494ce4662689893f8c3f267
6693,6693,0,fcffecff2000100010002000fcfffcfffaff2c00eeffdeff1200f4fffeff1e00,12001200fafffaff20003e001a000a00f2ff1400aaff0600eafffaffccfffcff,fcff0e0014000400eeff000004000400080036000c000c00eeff20000600f6ff,0000000016000600faffeaff140004004c68869382c3b0670efae8c3e24648f9
6694,6694,0,0a00fcff000000000000e2ff0c00fcffbafffaffdeff0c000200f4ffeeff2e00,02001200eaff1c0020001000faff0a000400140026000600faff2c001c00dcff,2e000e00040004000000eeff0400f4fffaffdafffefffeffeeff10000600e6ff,deff10005400f8ffdaff1c002400e4ffa8f9ecc3ae463afaa89334464268de93
6695,6695,0,fcffdcff1000deff000000000c00fcffdafffaffe2feeeff120002001e00eeff,020002000c00eaff2e0020000a000a00e2ff1400e8ff0600eaff0c00ecffecff,ecff0e00f6ff0400eeffeeff14000400ccff0800fefffeff1000eeffe6ffe6ff,eeff30000600dafffaff1c000400f4ffa693e6461068e49466c2a268f8f988c3
6696,6696,0,fcffdcffeeff000000001000fcff0c00dafffaffeefffefff4ff02000e00feff,1200e4ff1c00eafff2ff20000a00fafff2ffe2ff06001600caff0c00ecffccff,fcfffcff040004000000eefff4ff0400daffdaff0c00feff00001000f6fff6ff,00001000f8ff16003e00faffe4ff240060c28c689afb72c2a4462efbee934c46
6697,6697,0,0a00fcff100000001000f2ff0c00ecffcaff0c00ceff0c00e4ff02003e00feff,2200d4fffafffaff2e002e00daff5a0014000400f8ffe8ffeaff0c00dcffccff,2e00dcfff6ff0400100010000400f4ff0800faff0c00feffeeff200016000600,3000deffe8ff16003e00eaff04000400ea45e2fa04951245b2682a946cc2cc68
6698,6698,0,ecfffcff00000000f2ffe2ffdcfffcffdaffcaff1c00feff0200f4fffeffeeff,02002200fafffaff1000f2ffeaff0a00f2ff040006003600faff1c00dcffdcff,dcff1e00f6ff04000000000024000400daffeafffeffeeffeeff0000f6ff0600,0000cefff8ff0600c8ff1c002400e4ffdc68d693fec160680efb62c19045d8fa
6699,6699,0,ecffecff0000deff0000e2fffcff1c00faffcaffeeff1c00f4ff0200deff0e00,1200e4fffaffeaffc4ff0000eaff0a00f2fff2ff460036000c000c00ecffdcff,1e000e00f6ff04002000100004001400daff28002a00eeff10000000e6fff6ff,eeff00004600caffc8ff3e000400e4ff82fb86c11245fafb4a94f445fc681e94
6700,6700,0,fcff0a0000000000e2fff2fffcff0c00faff0c00feffeefff4ffe4ffeeffeeff,120002000c00faff2e000000eafffaff0400e2ff1600f8ff0c000c00ecffecff,2e008cff1400040010000000f4ff1400eaffccffeeffeeff30002000f6fff6ff,eeff00000600baff0c000c000400040046943a456068449562c13269fafbdcc1
6701,6701,0,0a000a000000eefff2fff2ffecff1c000c00faffeeff0c00a6ffe4fffeffeeff,0200e4fffaffeafff2ff2e00faff1a0004001400f8ff36001c000c00dcfffcff,0e000e00040004000000000014000400daffeafffeff0c002000eefff6fff6ff,20001000e8ff06003e00eaff0400140006c11c69aafc30c1b64410fc6e94c044
6702,6702,0,0a000a000000eeff0000f2ff0c002c00faff0c00eeffe2fed4ffe4fffeffeeff,020012000c001c002e00f2fffafffafff2ffe2ff0600d8ffeaff0c00dcffccff,dcfffcff04000400eeffeeff14002400fafffafffeff0c0020000000f6fff6ff,3000eeffdaff4600faffb8fff4ff0400f643f4fc749552442269ba945cc16c69
6703,6703,0,fcffecff00001000f2ff1000fcffecff0c00caffdefffeffd4ffe4ffdeffceff,e4ff0200faffeaff20002e000a00eafff2fff2ffc8fff8fffaff0c001c000c00,fcff2e0004000400deff000014000400faffeaffeeffd0ffdeff00001600f6ff,2000ceff060016000c000c00240004005c694694b0c04269b0fc32c190448afc
6704,6704,0,ecffecffeeffdefff2ff0000fcfffcffcaff1c002c001c00e4ffc6ff0e001e00,e4ff2200faffeaff0000f2fffaff0a00f2fff2ff0600e8ff0c00baffccff0c00,0e001e0004000400eeff1000140004001800ccff0c001c00eeff100006000600,eeff00004600dafffaff2c001400e4ffb4fd16c06443c8fdaa9464437c69e694
6705,6705,0,0a001a00100000002000f2ffecffecfffaffdafffeff1c00120002002e00eeff,f4ff1200faffeafff2fff2ff0a00faffe2ff3600d8ffe8fffaffeafffcff0c00,0e001e0004000400eeffdeffe4ff0400fafffafffefffeff000020001600f6ff,deff68000600caff1c001c00040024009494e643b669a49522c04269a2fd2ac0
6706,6706,0,1a00fcff10000000d2fff2fffcffecfffaffcaff1c00deff1200d4ff2e002e00,02001200eaffdaffd4ff2e000a000a00d2fff2ff460016001c00faffdcffecff,0e000e00f6ff14000000eeff1400e4fffafffaff0c00feffeeff1000e6ff0600,00001000daff16002c00daffc4ff440040bf7c69c6fef0bfe442f0fe06952843
6707,6707,0,fcfffcff0000200000000000ecffecfffafffaffeeffeefff4ffe4ffdeff0e00,f4ff0200faffdaffd4ff0000faffeaff3600140016002600aaffeafffcffccff,fcff0e0014001400eeff000024002400daff18000c00eeffeeff000026000600,6800deffe8ff1600eaffeaff0400e4ffe242b0fef495b442366aba94eabfbc69
6708,6708,0,fcfffcff1000eeff0000f2ffecffecffdaffeaffeeffdeff0200f4fffeff0e00,1200f4ff0c00faff1000e2fffafffafff2fff2ffd8ffe8ff0c00caff0c00acff,fcff0e00f6fff6ffeeffdeff04002400ccfffaff0c00eeff1000000016002600,1000deff0600e8ffdaff0c0014000400186ab49470bf826920fffebee84222fe
6709,6709,0,fcffecff20000000f2ff1000ecffdcfffafffaff1c00eeff1200e4ffdeffdeff,0200e4ff0c00eaffd4ff2e00fafffaff0400f2ff1600d8ff0c00fafffcfffcff,fcffdcfff6ff0400eeffeeff24000400eaffeafffeff0c00deff2000f6fff6ff,000010005400daffeaff2c001400c4ff00ff40bf6442a6ff6a95c442ec694695
6710,6710,0,fcff2a00100010001000e2fffcfffcffeafffaff1c001c00f4ffe4fffeffeeff,02002200eaff0c00f2ffd4ffdaff0a00e2ffd2ff460046000c00faffccff1c00,fcffdcfff6ff1400eeff100004001400acffeaff1c000c002000eeff06001600,eeff2000e8ffdaff0c000c00e4ffe4ffb295b841166a04969ebe566a4affd2be
6711,6711,0,dcfffcffceffeeff0000f2ffecff0c00bafffaff1c001c00f4fff4ffeefffeff,e4fff4fffaffdaff0000e2ff0a000a00d2fff2ffb8ffe8fffaffcaffdcffecff,dcff1e000400f6ffeeff100004000400fafffafffefffeff0000eefff6fff6ff,10001000caff16001c00faffe4ffd4ff20be386a440034be4442f0fea6953c42
6712,6712,0,1a001a000000eeff0000f2fffcffecff0c00dafffefffeffd4ffe4ff0e00feff,0200f4fffafffafff2ff2e00fafffaff0400f2ffe8ffb8fffaff0c00fcfffcff,fcff1e00220004000000eeff0400f4ffeaff0800fefffeff10001000d6fff6ff,2000eeffcaff4600faffeaff04000400684168006296d441866a6a9532be5c6a
6713,6713,0,fcff0a0000000000e2ff0000dcffccffcafffaffe2fe2c00b6ff1200cefffeff,02001200eafffafff2ff0000eafffaff0400e2ff0600e8ffeaffeaff0c00dcff,fcfffcff2200220020000000f4ff24001800faff0c000c00200020001600f6ff,6800defff8ff0600faff0c0024001400586a4e96b4bd266a86006ebe6c416c00
6714,6714,0,ecfffcffeeffceff00000000ecff0c000c00faff2c002c00f4ff3000fefffeff,f4fff4ffdafffafff2fff2fffaff0a00040014003600f8ffeafffaff0c00fcff,fcff0e002200f6ffeeff100014001400ccffeafffeffeeff40001000e6fff6ff,deff00000600f8ffdaff0c002400f4ff980020bebe40e4007a95e0408c6ab695
6715,6715,0,fcff1a00eeff000000000000ecff0c00dafffaffeeff0c001200f4ff0e00eeff,0200f4ffeaff0c00100000001a000a000400240026000600fafffaffecffbcff,fcfffcfff6ff140000000000f4fff4fffaff0800fefffeffeeff0000e6ffd6ff,eeff2000f8ffcaffeaff0c00e4ff14003e96a840766a8296febca66a0c01e2bd
6716,6716,0,0a001a0000001000f2fff2fffcff0c00daffdaff0c000c0002000200feff0e00,e4ff12000c000c003e00f2fffaff0a000400140006003600cafffaffecfffcff,1e00fcff04002200deffdeff04001400eafffaff0c000c00000000000600f6ff,deff3000f8ff16003e00fafff4ff440044bd886aa40184bdb0409601f695a240
6717,6717,0,1a00fcff1000000020000000fcffecfffaffdaff0c00eeff2200f4ffeeff2e00,020012000c000c00e2ff1000eaffeaff0400f2ff06000600caffeaffdcffecff,fcff0e0004000400eeff2000140004000800daff0c00feff3000eeff0600e6ff,3000deffdaff64001c00b8fff4ff2400484098014097ae40d66b6a9532bde86a
6718,6718,0,fcff1a0000000000e2ffe2fffcffecfffafffaffeeffeeff1200f4ffdeffdeff,02000200fafffaff2e002e001a00faff0400040006001600eafffafffcffdcff,ecff0e00140004000000eefff4ff1400daffdaff0c00e0ffdeff30001600d6ff,1000100016001600faff1c0014000400c86a6e96a4bc866a9a021ebcca3fdc01
6719,6719,0,1a000a00eeffdefff2ff1000ecff0c00faffdafffeff0c00f4fff4ffeeff0e00,2200f4fffaffeaffe2ff3e000a00faff0400d2ff46004600faff0c00ecfffcff,0e00ecff0400140010000000d4ff14000800faff0c00feffdeff2000f6ffd6ff,000000006400e8fffaff1c002400f4ffd2021ebc223f3603ba964040186b8696
6720,6720,0,ecff1a00000010003000f2ff0c001c000c00fafffeff1c00020002000e004e00,02000200eaffeafff2ff00000a00faff04000400f8ff0600faff0c003c001c00,0e001e00040004000000000004001400daffeafffefffeff200010000600f6ff,deff68000600daff0c000c0004002400d096423fd66a30978cbbe66b18030abc
6721,6721,0,ecff1a00100010000000c2ffdcfffcfffafffaff0c000c000200e4ff0e00eeff,e4ffe4ff0c00dafff2ff4c000a000a00e2ff3600f8ffe8ff0c000c00fcfffcff,1e00fcff0400f6ff1000eefff4ff1400fafffaff2a001c001000100006004600,00003000f8ff16000c00daffe4ff140050bb386b0603c6bbdc3eda0286961a3f
6722,6722,0,1a00fcff1000eeff0000f2fffcffecfffaff0c00eefffeffe4ffd4ffeeffdeff,12002200eafffafff2fff2fffaffeafff2ff040016000600eaff0c001c000c00,ecfffcff0400f6ff0000defff4ff1400eafffaff2a00feff30001000f6ff1600,2000eeffdaff64000c00c8ff0400f4ffd23e7203f096223fe66bba968abb786b
6723,6723,0,fcffecff0000000010000000dcffecffcafffaff2c001c00f4ff3000eeff0e00,e4ff0200daffeaff2e00e2fffaff2a0024000400d8ffe8fffafffaff0c00fcff,fcff1e00f6fff6ff20001000040014000800dafffefffeff1000eeff0600f6ff,3000eeff16000600eaff0c0024000400086bf09646bb166bfc034cbb523ec803
6724,6724,0,0a000a000000eeff200020000c000c000c00eaffeeffeefff4fff4ff0e00deff,e4ff1200dafffafff2ff2e001a001a00f2ff0400d8ffd8ffeafffafffcff0c00,0e000e00140014000000000014001400daff2800feff0c001000eeff1600f6ff,eeff10001600daffc8ff2c00f4ffe4fff203e0ba423e06040a971c3ea86bc696
6725,6725,0,0a001a0010002000e2fff2ff0c000c00faffcaff1c011c00f4ff2200feff0e00,f4ff2200faffeafff2ffe2ff0a00faffe2ffd2ffd8fff8fffafffaffecfffcff,0e00fcff140014000000000014001400faffeaff1c000c0010002000d6ff0600,eeff2000f8ffdaff1c00faffb4ff24001097423e866ba097acbae66bb004b8ba
6726,6726,0,1a000a0010001000e2ffe2fffcfffcfffaffbaff0c000c00f4ff0200defffeff,02000200eaffeaff0000f2ff0a002a00f2fff2ff2600f8fffafffaff1c00ecff,1e00ccff040014001000000014003400daffccff0c00feff20000000d6fff6ff,00000000e8ffdaff2c000c00e4ff040050ba686b9604f6ba3c3e2c054e97823d
6727,6727,0,2a000a0010001000d2ff0000fcff0c000c00daffeeffeeffd4ff12001e002e00,12000200faffdaff3e00e2ff0a00faffe2fff2fff8ff16000c00fafffcff1c00,0e00fcfff6ff14001000100024003400eaff08000c00eeffeeff2000f6ff0600,5800ceffdaff24000c00eafff4ff0400163d48053098863d366c1a9708baa86b
6728,6728,0,fcff1a00deff100020000000fcfffcffbafffaffeeffeeffe4ffc6ff0e000e00,e4ff12000c00fafff2ff2e005a00faffd2fff2ff3600f8ff0c001c001c001c00,ecff1e00f6ff0400deff0000040014001800faff0c001c000000eeff06002600,1000eeff06001600eafffaff04000400d86ba09710ba966b7c0508b9223d9005
6729,6729,0,fcfffcffdeff0000f2ff00001c00fcffaaffcaffeefffeff0200f4ffeeffeeff,220002001c00faffe2ff2e000a00eaff1400f2ff16003600faff1c00fcffccff,2e00dcfff6ff04001000200014001400dafffafffeff0c001000000036001600,deff00002400daffdaff1c0014000400740656b9a63cd6057a973c3d286c9e97
6730,6730,0,ecff1a0020001000e2ffe2ffdcfffcff0c001c002c00eeffe4fff4ffeeffeeff,02001200eaffeaff3e00d4ff1a00fafff2ff1400e8fff8ff0c000c000c00ecff,fcff1e00f6fff6ffeeffdefff4ffe4ff28002800fefffeff00003000f6ff1600,deff30000600e8ff0c00faffe4ff04000698c63c266c309818b9966c400658b9
6731,6731,0,0a001a00eeffeefff2ff10000c001c00eaff0c00eeff1c002200e4ffeeffeeff,f4ff12000c00fafff2fff2fffafffaff1400f2ff060016001c000c00ecfffcff,dcff0e00f6ff1400200010001400240008000800eefffeff3000eeffe6fff6ff,00001000dafff8ff3e000c00e4ff040086b8b86bc20662b94c3c8c05ce971a3c
6732,6732,0,2a001a0020000000d2fff2fffcff1c00faffbaffe2fedeffe4ff30001e00feff,1200f4ff3c00faff20004c000a000a0014002400f8ff1600faffeafffcff1c00,3e000e00f6ff04001000eeff0400040018002800feff0c0000000000e6fff6ff,6800eeffdaff54002c00daff24000400a03b44078098b63b866c1e9888b8286c
6733,6733,0,0a000a00100000000000f2ff0c000c00daffbaffdefffeff1200d4ffeeffeeff,120012000c000c00f2ff2e00faffeafff2fff2ff5400f8ff0c00faffacff0c00,0e000e001400140000002000f4ff0400eafffafffeff0c00eeffdefff6fff6ff,3000000024000600dafffaff0400f4ff8a6c66980ab9266caa07a8b89a3b9007
6734,6734,0,1a001a0000002000e2ff10002c000c00cafffaffeeff1c001200d4ff2e000e00,f4fff4ffdaff0c00f2ff2e00fafffaffe2ff0400d8fff8fffafffaffecff1c00,dcff0e0004000400bcff100014000400eaff2800feff2a0000003000f6ffd6ff,eeff20001600f8ffdaff1c00f4ffe4ff6c0826b8563bb2079e984a3b906c0e98
6735,6735,0,0a00fcffeeff0000100000000c000c00faffcaff0c00feffe4fff4ffeeff2e00,02000200faff1c00e2ff3e000a000a00f2ff1400160046000c00fafffcff0c00,1e00dcff140014000000eefff4ff04000800faff0c001c0020000000f6fff6ff,deff5800f8ffcaff1c002c00f4ff14006698703bf66be09894b7a66cc00726b8
6736,6736,0,1a002a00deffeeff00000000fcfffcfffaff1c00eeffceff0200f4ffeeff2e00,0200f4fffafffaff3e00f2fffaff1a00040004000600d8ffeaff0c00fcfffcff,0e002e0004000400000010001400040008000800feff0c002000000006000600,10000000dafff8ff2c00faffe4ff240016b8ea6cc2073ab8ba3a8e084e981a3b
6737,6737,0,fcff0a0000001000f2fff2ffecff0c00fafffaff2c000c00e4ffe4ff1e000e00,02001200faff0c00f2ffe2ff0a00faff1400e2ff0600e8fffaff0c00ecffbcff,0e00dcff22001400eeff1000040014000800eaffe0ff1c003000400006000600,2000deffcaff16000c00b8ff24001400423abc084099d63ab66c8e9836b7a06c
6738,6738,0,fcff0a00eeff0000e2ff20000c00fcff0c001c00ceffeefff4fff4fffefffeff,e4ff0200faffeafff2ffe2ff0a001a001400f2ffb8ff2600eaffeaffecfffcff,9cffdcfff6ff14000000100014001400daff0800eeffe0ff0000000016000600,2000deffdaff0600eafffaff44000400fa6cc698cab7466c2e09d2b6c8393209
6739,6739,0,fcff0a00200000000000d2fffcfffcfffaffcaff1c01eefff4ff0200eeffeeff,020012000c000c00f2ff0000eaff1a0004001400e8fff8ff2c00faffccffdcff,0e001e001400320000003000f4ff1400ccffeafffeff0c000000200006000600,deff00001600daffeaff2c001400d4ffdc08f0b6483ae008de982a3af06ce098
6740,6740,0,fcfffcff10000000e2ff2000fcff0c00caffdaffeeffceff0200f4ff2e002e00,22000200eafffaff0000f2ff0a00faffe2fff2ff06001600faff0c00fcffecff,dcff0e00140004000000deffe4fff4fffaffdaff0c00eeff3000300006000600,eeff6800f8ffdaff0c000c00e4ff140026997839946c209952b6466dd2098eb6
6741,6741,0,fcff0a0010002000f2fff2ffecff0c00fafffafffeffeeff0200f4fffeffdeff,e4ff0200faff1c00e2ff20000a001a00e2ff1400360006001c00eaff0c000c00,2e00dcfff6ff04000000100004000400faffeaff0c000c00eeffeeffe6fff6ff,eeff1000f8fff8ff2c00faffe4ff0400a0b60a6d6009cab626391e09f0989839
6742,6742,0,fcfffcff10002000f2ff2000fcff1c00fafffaffeeff2c000200f4fffefffeff,12001200eaff0c00f2ffe2fffaffeaff140004001600f8fffafffaffecfffcff,0e000e0014001400ceffeeff1400f4ff08001800e0fffeffeeffeeff16001600,2000eeffe8ff16001c00faff040024009838460a8e996239366d6e991eb6006d
6743,6743,0,fcfffcff000010002000f2ff2c00ecfffaffdaff2c00feffd4ff12002e000e00,02001200faff0c002e004c000a001a00e2ff0400f8fff8ffeaff0c00ecff0c00,dcfffcff1400e6ff1000deff14002400daffeaff0c000c001000deffe6ff1600,1000deff060006001c001c002400e4ff5a6d56994eb6b46cb20a72b69838c20a
6744,6744,0,0a002a001000000000000000fcff0c00fafffaff0c00eeffe4ffc6ff1e000e00,22000200eaff0c0020002e00faff1a0024000400460036000c001c00ecffecff,fcfffcff22002200eeff100024001400fafffaff2a001c00deffeeffe6ffe6ff,eeffdeff4600caffb8ff2c000400c4ff160bb4b50239500a5e99d237506d7099
6745,6745,0,fcff2a00000010001000e2fffcff0c00dafffaff4c002c002200f4ff0e002e00,020002000c00fafff2ffe2ffeaffdaff0400f2ffd8fff8ff1c00eaffdcffbcff,fcfffcff2200320000000000f4fff4fffafffaff0c000c0030000000e6fff6ff,deff30004600caffeaff2c000400040086991838b46c6e9912b5666d860bbeb5
6746,6746,0,fcfffcffdeff000010001000dcfffcffdaff2c000c01eeffe4fff4ff3e003e00,120012000c00eafff2ff3e000a001a00f2fff2ff060026000c000c000c00ecff,fcff9cff1400f6ff0000000014000400faff08000c00eeff0000000006000600,00001000dafff8ff2c001c00e4ff1400e4b47a6d980bceb51638240cd099a637
6747,6747,0,ecfffcffdeffeeff0000e2ffecfffcff1c00faff0c002c01020012000e000e00,f4ff02001c00faffe2ff20000a000a001400040046001600eaff0c001c001c00,fcff0e00140004001000eeff140024001800eaff1c000c000000cefff6ffe6ff,6800eeffdaff0600faffdaff2400040042372e0c6e9aa238d86d7e9976b4806d
6748,6748,0,0a00fcff1000100010002000fcffdcfffaff0c00feff0c001200e4ff2e00deff,f4ff0200eafffafff2fff2fffafffaff24001400f8ffd8ff0c000c00fcffecff,dcff0e0004001400deffeeffe4ff14000800dafffefffeff3000000006001600,1000eeff06000600faff1c002400e4ff9a6d309a3eb5246d720ce2b38e36560c
6749,6749,0,fcff1a000000eeff2000f2fffcfffcfffaffdaff1c001c0002000200eefffeff,f4fff4fffafffaff3e000000faffdafff2ff0400e8ff26000c00eafffcffdcff,1e000e0014000400deffeeff1400f4ffeafffaff1c00feff10000000f6ff0600,eeff00001600daff0c001c003400d4ff520dd6b39e37e60c629a6237a06d009a
6750,6750,0,fcfffcff100000004e003000ecff1c002c00cafffeff2c00020022002e000e00,1200f4ff0c001c0020002e00faff0a003600d2ff2600e8fffaffeaff1c000c00,0e00fcff040004001000100014001400fafffafffeffeeff2000200016001600,eeff00001600f8ff0c00faffd4ff0400409a8236246d6e9ae2b3186e1e0dc0b3
6751,6751,0,1a001a00000000000000f2fffcfffcff0c001c00feffe2fee4ffe4ff0e002e00,02000200faff0c00e2ff20000a00eaff2400f2ff0600d8fffaff1c000c000c00,9cff1e00220004000000000004002400eafffafffefffeffeeffeefff6ffe6ff,00002000f8ff16002c00eaff0400440036b3266e060d0eb47236c20c609a2e36
6752,6752,0,fcfffcff1000eeff0000f2fffcff1c00faff0c002c00ceffe4ffe4ff2e00eeff,120012000c00faff0000e2ff0a00faff1400e2ffe8ffd8fffaff1c00ccffecff,0e002e000400f6ff1000000004000400daff08000c001c003000deff16001600,1000eeffdaff64000c00eaff040044003236b20d0c9bac36f86d629aa0b3f06d
6753,6753,0,fcfffcff10001000f2ffd2ffecffdcffeafffaff1c01defff4fff4ff2e00feff,02001200faff1c004c0000000a00faff0400f2ff1600d8ff0c000c00ecff0c00,fcff0e00f6fff6ff1000deff1400d4ffdafffaff1c00eeff00003000f6ff0600,0000ceff060006000c000c0024001400366ec09a20b2246d220e90b37e35420e
6754,6754,0,fcff0a00eeff0000f2fff2ffecff0c000c000c00eeffeefff4ff12002e00feff,02002200faff1c00f2ffd4ffeaff0a00f2fff2fff8fff8ffeafffafffcffdcff,dcfffcffe6ff1400100020001400f4ff0800ccffeeff0c00000010000600f6ff,deffeeff1600dafffaff1c000400c4ffee0e06b35e354410c29ac234106eb09a
6755,6755,0,fcff0a0000001000e2ffe2fffcfffcfffafffaffeeffdeff40000200deff0e00,0200f4fffaff1c000000e2fffaff1a000400f2fff8ff16000c00eaffdcff0c00,1e000e001400f6ffdeff000004002400eaff4600eefffeffdeff000006001600,beff10000600dafffafffaff04000400109bf634a46d8c9b70b2386e480fb4b2
6756,6756,0,2a00fcff00000000e2ffe2ffecff0c000c000c00eeffeeffd4fff4ff0e00deff,f4ff0200faff2c003e0010001a00eafff2ff1400060006000c00faff1c00ecff,dcfffcfff6fff6ffdeff0000e4ff2400080028001c00eeff4000100006001600,00001000daff06001c00faff1400240036b2466efa1050b34235820f109b2e35
6757,6757,0,0a000a0000001000e2fff2ffecfffcff0c00faffeefffeffe4ff12000e00feff,020012001c001c003e00d4fffafffaff04001400f8ff06001c00fafffcff3c00,2e008cfff6fff6ffdeffdeff04001400daff2800feff1c000000eefff6fff6ff,2000eeffdaff06001c00daff24001400b434700ffc9b3e35586ee29ae4b1006e
6758,6758,0,0a00fcff10000000f2fff2ff1c00fcff2c000c00deff0c000200f4ff1e00eeff,0200f4ff0c00daff0000f2ff4a001a00140014002600f8fffaff0c00fcff0c00,dcff0e00f6ff04000000100014000400daffdaffeeff0c00eeffdeff06000600,0000cefff8fff8fffaffeaff24000400566e209b30b1746d320f7cb1f633d80f
6759,6759,0,fcff1a00200010000000e2ff1c00fcff1c002c00eeffeeff2200d4ff0e00deff,22000200faff1c0010003e00eaffeaff1400f2ff060036000c00faff1c00fcff,0e000e00f6ff1400eeff0000040014004600fafffeff1c00ceffceffe6ff0600,000010004600dafffaff2c0034000400c6108cb1b0348a11429be234106e609b
6760,6760,0,0a002a00eeff20000000f2ffdcfffcff0c00faff2c000c00e4ff0200deff1e00,d4ff0200faff0c0020002000fafffaff14002400f8ff1600faffcaff1c00fcff,ecfffcff14000400eeffeeff14002400fafffaffeeffeeff00001000f6fff6ff,000010001600daff0c00faff2400f4ffb09b2833446d3a9c5cb1c86eb81064b1
6761,6761,0,fcff0a00000020000000f2fffcfffcffdaffcaffeefffeff0200d4fffeffdeff,f4fff4ff0c00faff2e00e2ff0a000a001400f2ff260016000c00caffecffecff,dcff0e00140004000000000004001400faffdaff1c00eeffeeff0000f6ff0600,eeff1000f8fff8ff3e000c00040054001cb1666e4e126cb01234d20f029c3633
6762,6762,0,fcfffcffceff00000000f2fffcff0c00cafffaff0c00e2fe22000200eefffeff,120012000c000c003e00f2ff0a000a00f2ffe2fff8ff16000c000c000c00fcff,0e00fcff1400f6ffeeffeeff14002400faff28000c00feffeeffeeff1600e6ff,3000eeffcaff54001c00eaff04002400b83236119a9cd033786e149c24b1306e
6763,6763,0,2a00fcff00001000f2fff2ff0c00fcff0c00faffeeffeeff1200e4ff0e000e00,1200e4fffafffaffe2ffd4ff0a000a001400240046004600caffeaffecff1c00,0e000e00040004000000000024000400bcffeafffefffeffeeffeeff0600e6ff,3000ceff16006400c8ffeaff1400e4ff866e209c64af3a6e5611ecb04a329211
6764,6764,0,0a00fcffeeff100010000000ccfffcffbaffcafffeff1c00e4ff1200feffeeff,0200e4ff1c000c00f2fff2ff0a000a000400d2ffb8fff8ff0c001c000c00dcff,0e001e00140004000000100014001400bcffdafffeffeeff0000000006000600,100000001600f8ffeaff1c0004002400b611bcb020335e13449cbc31306e529c
6765,6765,0,0a002a0000001000d2ff1000dcff0c00faffdafffeff0c001200f4fffefffeff,e4ff0200eaff0c00e2ff2e00fafffaff0400f2ff9afff8ff0c00faff0c00fcff,1e000e00f6ff04001000eeff04004400eaffeaffe0ffeeff00000000f6ff1600,ceff30001600daff0c001c001400e4ff129dce316a6eea9c6cb0a86e22129ab0
6766,6766,0,ecff2a00eeff0000e2ffd2ffecfffcfffaff0c00f2fee2fe020002000e00eeff,d4fff4ff0c000c0000001000faff5a00140004000600e8ffeaff0c000c001c00,0e000e00f6ff04000000eeff0400f4fffaffdafffeffeeff0000000006002600,00001000cafff8ff1c00faffd4ff34002cb0866e6e1464af10320a13b29cea31
6767,6767,0,2a00fcffeeff2000f2ffe2fffcffecff0c00fafffeffeeffe4fff4ff3e00feff,0200f4fffaffeaff0000d4ff0a00faff140004000600c8ff0c00faff1c001c00,dcfffcff140014001000deff14001400dafffaffeeff1c00eeff0000f6fff6ff,20000000f8ff1600faffdaff0400f4ff3e31f0121a9d9032c86e549c80afc86e
6768,6768,0,fcfffcff00001000f2fff2ff0c00fcffcaffbaffeeffeeff120012000e00eeff,12000200eaff0c00f2ffe2fffafffaffe2ffd2ffe8ffd8ff0c000c00fcfffcff,0e000e000400f6ffdeff1000f4ff1400faff2800feff0c000000defff6ff1600,3000ceff06000600eafffaff44001400b66e8e9c46ae3a6e8a1298af34312e13
6769,6769,0,fcff1a000000000010000000fcfffcffcafffaffeeffd2fe02000200eeffeeff,f4fff4ffeaff2c0020002e001a000a00140004002600f8ffbaffeaff0c00fcff,fcff0e00f6fff6ff2000eefff4ff0400fafffaffe0ff1c00deff10000600f6ff,ceff10004600f8fffaff3e000400f4ff701396afac31dc14549d3c31906e5a9d
6770,6770,0,ecff0a00000010000000f2ff0c000c00fafffaffeeffeeffe4ff0200feff1e00,f4ffe4ff1c000c00200020001a00eaff04002400c8ff26002c000c00fcfffcff,fcffdcfff6ffe6ff0000000004001400bcff2800fefffeffeeff200006003600,ceff30001600dafffaff1c00f4ff2400a29dbe30aa6e8a9d18af286ffe1310af
6771,6771,0,1a000a00eeff00000000d2ffecfffcfffaffdaff0c002c00120012000e00feff,f4fff4fffafffafff2ffd4ff1a00faff04002400f8fff8fffafffafffcffecff,fcff0e0004001400eeff0000040014000800faff6600feffeeff1000f6ff1600,eeff1000dafff8ff1c00daffe4ff5400e6aeb66e0c15d6ad6c3028147a9d5a30
6772,6772,0,fcfffcffeeff0000200000000c00fcffcafffaffceffdeffe4ffe4fffefffeff,22001200eaff0c0020003e00fafffaff04001400460026000c00eafffcff0c00,0e000e00040014000000eeff0400f4fffafffaffeeff0c00eeffeefff6ffe6ff,10000000e8ff64001c00eaff34001400a82fbc14da9d1c31e86ef89e78aef26e
6773,6773,0,fcfffcff2000100010002000ecfffcffcaffdaff1c000c0022002200eeffeeff,e4ffe4fffafffaffe2ffd4ff0a00eafff2ff040006004600faffeafffcfffcff,2e000e00f6fff6ff1000eeff140024000800ccfffeffeeff200010000600f6ff,1000deff06001600faff0c0054002400f66e409e28adca6e081528af0a2fe614
6774,6774,0,bcffdcff10000000f2ffe2ff0c00ecffbaffcaffeeffc2fe3000f4fffefffeff,f4ffe4fffaff0c00f2ff00000a001a002400e2ff060006000c002c000c000c00,1e001e0004001400eeffeeff140004002800daff1c00feff0000eeff06001600,deff100046000600faff1c00440004008c1536ae26307a16489f342ee86e2a9e
6775,6775,0,fcff2a000000eeffe2ff1000dcff0c00cafffaff1c00feff120022001e000e00,e4ff1200eaff0c00d4fff2fffafffafff2ffe2fff8ff06000c00faffecffecff,fcff1e0014000400eeffeeff04000400faff2800fefffeffdeff0000f6fff6ff,deff30001600dafffafffafff4ff1400b09e182f5a6e4a9e08aee86ee615c8ad
6776,6776,0,fcff0a00eeff0000f2ff1000ecffecfffafffaffeeffeeff12001200eeffeeff,0200f4fffaffdaff0000f2ff0a00faffd2fff2fff8ff0600faff0c00dcff0c00,1e009cffe6ff0400200000000400f4fffaff08001c000c00eeffdeffe6fff6ff,eeff2000e8ff16001c00faffd4ff540026ae066ffa16d8ac942e28165a9e882e
6777,6777,0,fcffecff00000000f2fff2ffecff0c00cafffaff2c00eeff3000e4fffeffeeff,e4fff4ff0c001c002000e2ff0a00faff0400f2ff360016002c000c00ecffecff,1e000e00f6fff6ff1000000004000400faffdaffeefffeffdeffbeff06000600,6800deffdaff06001c00dafff4ff1400282e18167a9ed62f386f489f78ad426f
6778,6778,0,fcffdcff00000000f2fff2ffecfffcfffaffcaffdeffeeff22000200eeff0e00,f4ff0200fafffaff0000d4ff0a001a00e2ff0400360006001c002c00ecffecff,1e00fcfff6ff040000000000f4fff4ff080008000c001c000000deff06000600,0000eefff8ff0600eafffaff64001400266f209f18acda6ef81608adb82db616
6779,6779,0,dcfffcff1000eefff2ff10000c00ecfffafffaffeeff0c00f4ff12001e002e00,1200f4ff1c001c00f2ff2e001a00faff0400f2ff26003600eaff1c00ecfffcff,dcff0e00f6ff1400deff0000240024001800dafffefffeffeeffdefff6fff6ff,deff00005400dafffaff2c001400e4fffa165aad662f6a17789f642d426fba9e
6780,6780,0,fcffecff1000deff1000e2fffcfffcffaaff0c00feffeeff02002200eefffeff,e4ff0200fafffaffe2ff2e000a00eafff2fff2ff360026000c00eaff3c000c00,fcff0e00f6ff140000000000e4ff04001800daff1c001c0010000000f6ff1600,00003000f8ffdafffaff1c00f4ff2400709f382eea6e569f38ad586f6e17c8ac
6781,6781,0,ecfffcffdeffeefff2fff2ffdcfffcfffaff1c00fefffeff4000f4ff0e00feff,e4fff4fffafffaff20002e00eafffaff2400040016001600faffeaff1c003c00,fcfffcfff6ff0400000000000400d4ffdaffeaff0c000c0000000000f6fff6ff,100030000600daff1c00eafff4ff0400b8ac466f801968ab942c9817429f182d
6782,6782,0,fcfffcff00001000e2fff2fffcfffcfffaff0c00e2fedeff120030000e00eeff,f4ff1200fafffaffd4ffe2ff0a00faff0400f2ffe8ff06000c000c00ccffecff,ecfffcff040014001000000014001400fafffafffefffeffeeffeefff6ff0600,10000000daff54000c00daff14000400da2c3018469f782e386faca080ac626f
6783,6783,0,fcffecff10000000f2fff2ffecff0c00caff0c00e2fee2fe22002200eeff1e00,02000200fafffafff2ff00000a00faff0400040016000600eaff0c003c000c00,0e000e002200f6ff1000200004002400daff2800fefffeff1000000006000600,00000000f8ff0600dafffaff5400e4ff266fb09f78abea6e7c18c8ac202ca018
6784,6784,0,fcfffcff200000000000f2fffcfffcfffafffaffe2fed2fe020002000e000e00,1200f4ff0c00eaff2e002000faffdaff14001400f8ff1600faff1c002c00dcff,0e000e00140004000000eeff1400f4ff0800daffeefffeffeeff1000f6ff0600,deffeeff4600cafffaff2c00f4ffb4ffd01824ac182e30198ca0a42b826f729f
6785,6785,0,ecffecff0000eefff2ff1000ecff0c00daffeafff2fe0c0012001200eeffeeff,f4ff0200eaffeaff0000e2ffeaffeaff1400040036000600eaff1c000c00fcff,fcfffcff1400040020000000f4ff140008000800feffe0ff00000000f6fff6ff,100010001600daffeaff1c00e4ff340066a0d62b9a6e06a0f8ab286fc01980ab
6786,6786,0,ecff0a0000000000f2ff20000c00fcfffafffafffeff0c00e4fff4ffeefffeff,120012000c00faffd4ff3e00fafffaff24001400f8ff2600faff0c003c001c00,fcff0e0004001400eeff1000f4ff0400180046000c000c000000beff06000600,0000eeffe8ffe8ff1c000c00e4ff140094ab566f241bb2aa742b701a12a0902b
6787,6787,0,0a00ecff0000eeffe2ff00000c000c00cafffaffe2fef2fe30003000fefffeff,02001200faff0c0020002e00faffdaff1400f2ffd8ff06000c000c00ecffecff,2e00dcff14000400eeffeeff14001400ccffeafffefffeff0000cefff6ff0600,1000eeffdaff06000c00eaff140044001e2a501906a0882d486f7ca030ab826f
6788,6788,0,fcfffcff00000000f2ff0000ecfffcff0c000c00eeffe2fe020002000e00eeff,02000200eaffeaff20002e000a00eaff040024001600e8ff0c00caffdcfffcff,0e000e00f6ff04001000100014001400ccff2800feff0c000000deffe6fff6ff,6800eefff8fff8ff1c00eafff4ff0400bc6f96a092a92a6f501a86aa842a201a
6789,6789,0,fcff1a00eeff00002000e2ffecfffcffdaffeaffeeffdefff4ff1200eeffdeff,1200e4fffafffaffe2ff2000fafffafff2ffd2ff16003600caff0c00fcffdcff,1e00fcff04001400eeff0000240014003600faff0c00feffdeff000006000600,eeffeeff1600daffdaff2c004400f4ffba1aa4aa882d141b2ca1142aa26fb4a0
6790,6790,0,fcfffcff00000000f2fff2ffecffecffdaffdaffdeffceff02000200feff0e00,02000200fafffaff2e00e2fffaff0a00e2fff2ff3600d8fffaff0c00ecff1c00,0e000e00f6fff6ff1000200024001400eaffeafffefffeffeeff1000f6ff1600,beff48000600e8fffaff0c00e4ffe4fff6a094290a6fb6a096aa786fb01a64aa
6791,6791,0,fcfffcff000000000000f2ff0c000c00faff0c00e2feeeff12002200eeffeeff,e4ff02001c00eaff3e00f2ff0a000a00f2fff2ff54002600eafffaff1c00fcff,2e009cfff6ff14001000eefff4ff14002800fafffefffeffeeffeeff1600f6ff,00003000f8fff8ff1c00faffd4ff2400baa9766f341c82a96029c01ad4a0142a
6792,6792,0,fcff0a00eeff1000f2ff00000c00fcffdaff0c00e2fe0c00e4fff4ff1e00eeff,e4ff0200fafffaff3e00d4ff0a00dafff2fff2ff5400f8ff0c000c00fcffdcff,1e00fcfff6ff1400deffeeff0400f4ff0800ccffe0fffeffdeffeefff6fff6ff,1000eeffe8ff16001c00eaff24001400d4282a1b66a1882d886f50a2f4a9b26f
6793,6793,0,fcff0a00deff00000000f2ffecfffcff0c00daffe2fefeff020030000e00feff,1200f4fffafffaff2e00e2ff0a000a001400f2ff0600f8fffaff0c003c001c00,ecff1e00f6ff14000000000004002400eaff08000c001c000000eefff6fff6ff,0000deffe8ff0600faffeaff4400f4ffdc6f96a1b2a8ea6e801b36aa5429f21b
6794,6794,0,0a00fcff100000001000f2fffcffdcff1c00faffdefffeff12005000feffdeff,120002000c001c000000d4ffeafffafff2fff2ff0600f8fffafffaffecfffcff,ecffdcff14000400eeffeeff14000400daff1800eefffeff0000eeff1600c6ff,000010006400f8fffaff2c0024000400ec1c5aa9ac27d41c30a23028b26f64a1
6795,6795,0,1a00fcff00000000000010001c00fcff2c00faffe2fefeff120012000e00eeff,e4fff4fffaffeaffd4ff3e001a00faff140004000600d8fffaff0c000c00ecff,0e00fcff1400f6ff1000000014000400eafffafffefffeffdeff000006001600,deff30000600daff0c000c00f4ff1400c6a104282a6ff6a122a9686f521c84a9
6796,6796,0,fcfffcff1000eeff1000f2fffcff0c00fafffaff0c00eeff12000200eeff0e00,12000200eafffafff2ffe2fffafffaff1400e2fff8ff06001c002c00ecfffcff,0e00fcff14000400ceff000014000400eaff5600fefffeffeeff000006000600,00003000caffdaff1c00eaffe4ff4400faa8cc6f341d22a8bc27321de4a12a28
6797,6797,0,fcffecff20002000e2fff2fffcffdcfffaffcaff0c00f2fee4ff12000e00feff,12000200eaff0c00d4ff3e00faff0a00f2ff1400d8ff64000c00caffdcffdcff,fcfffcff04000400eeffeeff14001400eaffeaff1c00feff1000eeffd6ffe6ff,20000000160006002c00dafff4ff240004287c1d16a25c27b86fa0a244a9b26f
6798,6798,0,ecffecff20000000000000001c00ecfffafffaffe2fee2fe12000200eefffeff,f4ff2200faffeaffe2ff4c001a000a000400e2ffe8ffd8ffeafffaff2c00fcff,dcfffcff040022000000defff4ff2400fafffafffefffeffdeff3000d6ffd6ff,2000cefff8fff8fffaff0c00f4ffe4ffcc6f60a202a84a6f521d82a88a272a1d
6799,6799,0,ecffecff000000002000f2ffecfffcfffaff0c00feffdeff2200f4ffdeffeeff,f4fff4fffaff0c00d4ffe2ff0a000a00f2fff2ff16001600faff0c00fcff0c00,dcfffcff22000400ceffeeff14000400faff3600eeffeeffeeff30000600f6ff,000000001600f8ffeaff2c004400f4ffaa1e7aa8e025601e20a39c27e26f74a2
6800,6800,0,fcfffcff1000deff20000000fcffecffcaffcaffdeffe2fe120022000e002e00,1200e4fffaff1c00f2ff00001a00eaff1400d2fff8ff0600eaffeafffcffecff,fcff0e001400d8ffeeff000004001400eaff18001c000c00deff0000f6ff0600,ceff6800f8ffcaffeaff1c00f4ff0400e0a29e26ea6ef4a2a2a8d86f5a1e9aa8
6801,6801,0,fcfffcff000000001000d2fffcfffcff1c000c00eeffeeffe4ff12000e002e00,12000200faffeafff2fff2fffafffaff3600040026000600faffeaffdcffdcff,0e000e0014001400eeffdefff4fff4fffaff08000c000c00eeffdeff06000600,000020000600e8ff1c000c00040034002aa8bc6f101fd4a72c26321ed4a2ca26
6802,6802,0,fcfffcff1000000010000000fcff0c00fafffaffdeff0c00220012000e000e00,f4ff02001c000c0020002e00daff0a00d2fff2ff5400d8fffaff0c000c00dcff,fcff8cff040004003000deff0400040028000800fefffeff3000eefff6ff0600,6800eeffdaff46001c00c8fff4ffe4ff3e26ca1e14a3c0251c70f2a3eaa7c26f
6803,6803,0,0a00fcff00000000100030000c00fcff0c00faffd2feceff1200e4fffeff0e00,02001200eaffeaff3e00d4ff0a000a0004001400060046000c00eaffdcffecff,0e00ecff140004002000eeff14000400faffeaffeeff0c00000010000600f6ff,1000ceffe8ff1600faff1c00040004001c7040a3d4a61a6fb21e62a8f825d21e
6804,6804,0,0a000a00000020000000e2fffcff1c00fafffaffeeff1c00e4ff3000eeffeeff,f4ff22000c000c00200020000a000a0014001400f8ff26000c000c000c00ecff,1e000e000400f6ff1000200004000400faff1800feff1c000000eeff06000600,200010004600cafffaff1c004400f4ff102084a71025402032a48c24d26f70a3
6805,6805,0,fcffecff000000001000e2ffdcff0c00daffeaffe2fee2fe12000200eeff0e00,12000200faffeafff2ff2e00eaffeafff2ff0400260006001c002c001c00dcff,fcfffcff1400f6ff0000eeff04000400eaff28000c00feff1000eefff6fff6ff,deff10004600e8fffaff0c00f4ff0400a0a330255a6fc8a39ea7a86ff21fcaa7
6806,6806,0,fcfffcffceffeeff0000d2ffecff0c00faff1c00eeffeeff120030002e00eeff,12000200faffeaffd4ff2e00fafffafff2ff04003600f8ff0c002c000c000c00,fcfffcfff6ff04001000eefff4ff0400eaffeafffefffeff000010001600e6ff,eeff1000daffe8ff1c00eaffe4ff3400e4a6dc6fae2056a68c246620c0a32825
6807,6807,0,fcffecff2000100000001000fcff0c00fafffaffceffeefff4ff1200eefffeff,f4fff4ff1c000c002e0000000a000a000400f2ffb8ff0600eafffaff0c00fcff,0e000e0004000400000000001400140028001800eefffeff3000100006003600,30001000cafff8ff1c000c00f4ff44007024802058a450241c7092a410a7d26f
6808,6808,0,fcffdcffeeff1000f2ff0000fcffdcff0c00eaffe2fed2fe02003000eeff0e00,120022000c00fafff2fff2ff0a000a0014001400360016000c001c000c00ecff,1e002e001400f6ffdeff0000f4ff24002800faff0c000c000000deffe6ff1600,1000eefff8ff0600daff0c005400f4ff1c70d0a3d6a5ea6ee620aea65024e420
6809,6809,0,2a000a002000eeffe2ff0000ecffecffdaff1c00e2fefeff30003000feff0e00,f4fff4ff0c002c00f2ffe2fffaff1a00f2ff140026004600cafffaffdcffdcff,ecfffcfff6fff6ffeeffeeff04000400280028000c000c00000000001600f6ff,eeffeeff4600f8ffeaff1c001400e4ff1021e4a6e222fe20eea41c24c26f70a4
6810,6810,0,fcff1a0000001000e2ff1000ecff0c00cafffaffe2fe0c00020012000e00feff,e4ff12002c00daff2000e2ff0a000a00e2ffe2ff06001600faffcaffdcff0c00,fcfffcfff6ff0400eeff00000400f4ffeafffafffeff0c00eeff10000600f6ff,ceff00001600daffeaff2c00040024008ea4ba221a6ff8a36ea6d86f542168a6
6811,6811,0,ecffecff0000eeffe2ff0000fcfffcfffafffaff0c00e2fe02000200defffeff,120022000c00faff20002000eaff1a00f2ff0400f8ffe8ff1c00faff0c00ecff,0e001e000400f6ff00001000f4ff040028002800eefffeff200000001600f6ff,10001000f8fff8ff3e001c00f4ff140064a6bc6fcc2156a50a231621f8a43023
6812,6812,0,fcffecffeeff0000f2ff1000dcffdcff0c00faffe2fec2fe120030001e002e00,22002200eaffeaff2e00e2ff0a000a00f2ff1400d8ff36000c000c000c00dcff,fcff0e0004000400eeffdeffd4ff0400eaffeaff1c001c000000eeff06001600,1000deffe8fff8ff1c00daff04002400ea229021e8a40223986f0ea6d8a5e26f
6813,6813,0,bcfffcff20000000f2ff2000ecfffcffdafffafffeffeeff02001200eefffeff,1200f4fffaff1c00f2ffe2ffeaff0a00d2fff2ff16000600caffeaffacffecff,9cff0e00040014000000eeff040004000800faff0c00feff3000eefff6fff6ff,1000defff8ff4600faff0c001400e4ff1c70dea446a55a6f4a226ea68422e421
6814,6814,0,fcfffcffdeffeeffe2ffe2fffcffecffcaffdaff0c000c00f4ff1200feffeeff,0200f4fffafffafff2ff2e00eafffaffe2fff2ff4600f8fffafffafffcffdcff,0e001e00e6ff04000000eefff4fff4ff0800daff1c001c00100030001600f6ff,000000005400e8fffaff4e000400e4ffba2276a56222e2220ea68621e26f98a5
6815,6815,0,fcfffcff1000deffe2ffe2ff0c00ecff0c000c00e2fefeffe4ff2200eefffeff,f4ff0200fafffaffd4ff3e004a000a001400e2ff1600f8ff0c002c00ecff0c00,fcfffcff04000400eeffcefff4ff0400daffeafffeffeeff0000defff6ff3600,deff10000600dafffaff2c000400f4ff34a69021fa6e56a54ea5886f302338a5
6816,6816,0,fcfffcffeeff10000000f2fffcfffcffcaff0c002c00e2fe30000200fefffeff,0200f4ff1c00faffe2ff3e00faffeaff040036002600e8ff0c00eafffcffecff,0e00dcff2200140000001000f4ffe4ffdafffaff0c000c00eeff0000f6fff6ff,eeff1000f8ffcaff1c00eafff4ff440026a5cc6fa02388a4e620bc23c8a5b421
6817,6817,0,fcfffcff00000000f2ff10000c00ecffdaff1c00deffdeff12000200feffdeff,e4ff02001c000c00f2ff2e000a00faff0400f2ff26002600fafffaff0c00fcff,ecffecff040004000000cefff4fff4ffccff0800feff0c00eeffeeffd6ff0600,4800ceffcaff64000c00daff0400f4fff0209a23d6a5ec20a86f9ea6e8a4d26f
6818,6818,0,fcfffcff0000eefff2ff2000fcffecffdaff0c00eefffeffc6fff4fffefffeff,e4fff4ff0c001c003e00f2ff1a00faff0400e2fff8ffe8ff0c00eafffcff0c00,9cffdcfff6ff0400deffbcff0400f4ffdaffdafffefffeff2000100006001600,0000ceff06000600eaff1c004400c4ffec6fa4a628a45a6f7a23bea49a20f023
6819,6819,0,ecfffcff00000000e2fff2ffecfffcfffafffaffe2fe2c00f4ff0200eeff1e00,020012001c00faffe2ff2e000a001a00f2ff2400060026000c002c00ecff1c00,fcff0e00e6fff6ff0000200004001400faff0800fefffeffdeffeefff6ff0600,0000eeff4600daffc8ff1c004400f4fff02400a4bc20c024dea62621027088a6
6820,6820,0,ecfffcff0000100010000000fcff1c00caffeaff0c000c00e4ff0200eeffeeff,02001200faff0c000000d4ff0a000a0014003600e8ff2600fafffaffdcff1c00,2e008cff040014001000deff1400f4fffafffaff0c00feff1000eeff06000600,eeff20001600caffeaff1c00f4fff4ff24a710204a6f86a66ea4a86fb82430a4
6821,6821,0,1a00fcffeeff100010000000fcffecff0c00faffe2fe0c000200f4ffdefffeff,e4ffd4ff0c00faff3e000000eaffeafff2fff2ff260006001c001c00ecffecff,fcffdcff1400040010002000f4ffe4fffaffeaffeeff0c0010003000f6fff6ff,eeff1000f8ff16001c000c00d4fff4ff80a3dc6f6025f8a316208c24a8a6b21f
6822,6822,0,2a00ecff0000eefff2fff2fffcfffcffdafffaffeeffeeff220012001e000e00,1200f4ffeafffaffd4ff10001a00faffd2fff2fff8ff46001c000c00dcff1c00,2e000e00e6fff6ffdeff100014000400faffacfffeffe0ffeeff200036000600,6800eeffdaff06003e00faff140014006a1f8025f4a6b01fd86fbea750a41270
6823,6823,0,0a00fcff0000eefff2fff2ff0c00ecffdaffdaff0c000c00f4ff1200eeff0e00,1200f4fffaffeafff2ffe2fffaff6a00f2ff1400f8ffe8ff1c000c00fcff0c00,0e000e001400f6ffdeffeeff140014001800fafffeffeeff3000deff16000600,1000defff8ff1600daff0c00340014001c70daa758a33a6f4e257ea4121f6825
6824,6824,0,fcff1a00eeff0000e2ffd2ff0c00fcfffaff2c00eeffdeff1200d4fffefffeff,f4ff12000c001c0000001000faff1a00f2fff2ffd8ff2600fafffaff0c00ecff,fcff1e00140004000000eeff04001400faffeaffeeff0c00eeff1000f6ffe6ff,000000001600caffdaff2c002400e4ffae26d0a2001f6c2612a8421ed26f60a7
6825,6825,0,fcffecff00000000f2fff2fffcfffcfffaffcaff1c001c0002002200eefffeff,e4ff1200faff1c00f2ff0000fafffaffe2ffe2ffd8ff26002c002c00bcff1c00,9cff1e001400140000001000f4ff0400faff0800eeffeeff30000000e6ff0600,ceff00001600dafffaff2c00e4ffd4ff2aa86a1e2a6f84a74ea4a86f282650a3
6826,6826,0,fcfffcff0000100000000000fcfffcfffaffdafffeff1c00300002000e00deff,0200e4ffeaff0c004c0000001a000a00d2fff2ffe8ff26000c000c00fcffdcff,0e001e001400f6ff0000eeff0400040008002800feffd0ff000020000600f6ff,eeff0000daffdaff3e000c00e4ff1400a0a2dc6fac26d8a2121e1c27d0a78a1e
6827,6827,0,fcffbcff20001000200010000c002c002c000c00eeffeeff020030000e002e00,12002200faff0c000000d4ff1a000a001400d2ff26002600eaff0c00fcffecff,0e002e00f6ff0400acffceff0400f4ffeaffeaff0c00eeff20000000f6ff1600,30001000baff54001c00daff040014003a1ece26d4a7301e886f32a820a3e26f
6828,6828,0,ecff0a0010001000f2ff0000fcfffcff1c000c00eeffeefff4ff1200eeff0e00,e4ffe4fffafffaff2e00f2ff0a002a00e2fff2ff2600d8ff0c00fafffcfffcff,dcff0e0022001400eeffdeff0400f4ffccfffafffeff1c000000eeff0600f6ff,0000ceffe8ff6400eafffaff1400e4ffdc6f7aa8f6a11a6f2c27c0a2aa1d8a27
6829,6829,0,1a00fcffeeff00000000f2fffcfffcffcaffdaffceffeeff02000200eefffeff,02000200faff0c00f2ff20001a000a00e2fff2ff060026002c000c000c00fcff,fcffdcff0400140020000000f4ff2400eaffccffeefffeff100000000600e6ff,ceffceff0600f8fffaff2c000400f4ffb42740a2c21dec2602a9d21db26f7aa8
6830,6830,0,fcff2a00100000001000f2ff0c000c00faffdaffeeffeeffc6fff4ff3e000e00,12000200eaff0c003e00f2ff5a000a00f2ff04003600e8fffaff0c000c00ecff,fcff0e00f6ffd8ff0000000024001400eaff2800eefffeff0000000026000600,000010001600e8fffaff2c00e4ff04002aa9cc1c2a6f32a800a3a86f0a2894a2
6831,6831,0,0a00fcff00001000f2fff2fffcff0c00eafffafffeffeefff4ff02002e000e00,1200f4ffdaff0c002e00f2ffeaff3a0004000400460046000c00eaff0c000c00,fcff3e0014000400deffdeff14001400faff1800eeff0c0010001000e6fff6ff,00001000dafff8ff2c00faffd4ff0400b6a1766fbc2896a1121ccc2774a9821c
6832,6832,0,fcfffcff000000001000f2fffcff0c00faffbaff2c00eefff4ff02000e00eeff,12000200dafffaff3e00d4ffeaffeaff0400e2ff060026000c001c00ecffccff,0e000e00040014000000eefff4ff1400eafffaff0c001c00eeff0000f6ffe6ff,10000000baff54001c00daff04001400f81b042902a9641cb86f06aa74a1b26f
6833,6833,0,fcffecff1000eeff0000f2fffcffecff0c00faffdeff0c00e4fff4ffdeffaeff,e4ffe4ffdaffeaff0000f2ff1a00faff0400040026002600fafffaff0c000c00,1e00fcff040014001000000004000400eafffafffefffeff1000eefff6ff0600,0000deffe8ff1600faff1c0004000400cc6f8aa946a12a6fd02880a2721b4429
6834,6834,0,ecfffcffdeffeeff000020001c00fcfffaff1c00deff2c00f4ff22000e00beff,0200f4fffafffafff2ff2000faff0a000400d2fff8ffe8fffafffaff0c00ecff,0e004e00f6fff6ff10000000e4ff14002800faffeefffeff1000100006001600,000010000600daffdaff1c002400d4ff342936a1641bec2876aac01ab26f84a9
6835,6835,0,fcfffcff00001000100000000c00fcff0c00faffeeff1c001200f4fffefffeff,120012000c000c002e000000faff0a00f2ff0400c8fff8ff0c00eafffcfffcff,0e000e0014000400eeffeeff04001400eaff08001c000c00eeff1000e6ff1600,ceff68004600baffeaff1c001400040084aaea1aea6e82a9e8a0c86fa42964a1
6836,6836,0,0a00fcffeeff2000d2ff00000c00fcff0c00faff0c002c000200f4ffdeffeeff,020002001c00eafff2ff2000faffdaff0400f2ff260016002c000c00ecff0c00,0e001e0014001400eeff0000d4ff04000800faff1c00eeff00000000d6fff6ff,00002000daffe8ff3e00c8ffe4ff0400e6a0cc6f0a2af6a0c01a942af4a9121b
6837,6837,0,bcffdcff0000eefff2ff10001c000c00caff0c00deffdefff4ff02000e00feff,1200f4ffdafffaff00000000faff0a00e2fff2ff360026000c000c00fcff0c00,1e008cfff6ff14000000eeff24000400daffdaffeefffeff300000001600e6ff,2000deffdaff54000c00eafff4ffe4ff2a1a1e2ac2a9a41a686f66aae4a0a26f
6838,6838,0,fcfffcff00000000f2ff0000fcffecfffaff0c001c00deff020012001e000e00,020012000c00faffd4ff2e001a000a0004000400060006000c00fafffcffdcff,fcffecffe6fff6ff00000000140014000800daffe0ff0c00eeff0000f6fff6ff,1000eeffdaff1600eaff0c004400f4ff766fc4aa66a0ea6ec42a38a0e019e02a
6839,6839,0,ecfffcffeeffceff200000001c000c00daffdaffdeff1c00e4ffc6ffeeff2e00,0200e4ffeaff0c00f2ff0000fafffaff2400f2ff3600e8ff0c00faffccffacff,ecfffcff04001400eeffeeff0400f4ff0800daff0c000c0000001000e6fff6ff,0000eeff4600e8ffeaff0c0014001400be2aa6a0161a822a56ab101aa26fb4aa
6840,6840,0,dcffecff10001000f2ff10001c001c000c000c000c00eeffe4ffe4ffeeff0e00,0200f4ffeafffafff2ff2000faff0a000400240006000600caffeaffccffdcff,ecffdcff14001400eeff0000f4ff0400faffeaff66001c00200000000600d6ff,eeff10000600cafffaff1c00e4fff4ff54ab5019ca6e22aae49f586f402ba4a0
6841,6841,0,fcfffcffeeffeeff100010000c00dcffeafffaffdeff0c00f4ff02000e001e00,f4fff4fffaffdaff20002e003a00eafff2fff2ffd8ff16000c000c000c009cff,1e000e00f6fff6ff1000100004001400eaffeafffefffeff200020001600f6ff,eeff1000e8ffdaff1c000c00f4ff140036a0566f522bd69fec18042b90ab4019
6842,6842,0,1a00fcff00000000f2ff1000fcfffcff0c00dafffeffeeffc6ffd4fffeff0e00,12000200eaffdaffe2ffe2ff0a000a001400f2ff0600f8ff0c000c00fcffecff,1e00fcff04000400ceff0000e4ff1400080018000c00feff0000ceffd6ff0600,20000000daff46000c00daff1400040030184e2bd2aa5019686f88ac02a0826f
6843,6843,0,fcfffcff10001000f2ffe2fffcff0c000c00faff0c002c001200f4ffcefffeff,f4ff0200eaffeaffd4ff2e00faff5a000400f2ff260016002c000c00dcfffcff,0e000e00140004000000eefff4fff4fffaffccffeeff1c002000eeff16000600,0000aeff16000600faff0c0004000400466f64abf69fba6ec82c28a07018b82c
6844,6844,0,ecfffcff1000000000001000ecffecffcaffdafffeff1c0012000200feff2e00,0200f4ffeaffeaff4c000000faffeaff0400f2ffe8ff26002c00faffecfffcff,0e00fcff0400f6ff200000001400f4ffdaffeaff0c00feff200000000600e6ff,eeff00005400f8fffaff2c000400f4ff202db09f9018582e98ac0c17626fc0ab
6845,6845,0,ecffecff00000000f2ff4e00ecfffcff1c00faff2c00fefff4ff02000e001e00,f4fff4fffaff0c0020001000fafffaffe2ff0400e8ff06001c001c000c001c00,0e000e00040004002000000014001400daffccfffeff0c0020000000f6fff6ff,ceff20001600bafffaff0c002400e4ff2aad8a17ba6e90abf49e386f662d929f
6846,6846,0,fcfffcff000020000000f2ffecfffcfffaffdaff2c000c00f4ff0200feff0e00,020012000c00eaffd4ff2000faff0a00f2fff2ffd8ff06000c000c00fcfffcff,ecff0e001400e6ff1000deff14001400180018000c00eeff0000deff06003600,eeff3000e8ffe8ff3e000c00e4ff4400409f266fd82e469fac16382e80acbe17
6847,6847,0,fcfffcffeeff0000f2ff1000ecfffcffcaffcaff0c00eeffe4ff02000e00feff,f4ff1200daff0c003e00d4ff0a00eaffd2ff04004600f8ff0c000c00dcffecff,1e000e00f6ff04001000100014000400180046000c001c004000eeff06000600,10000000daff1600faffeaff040014002a17522d00acda17486fd8ac129f426f
6848,6848,0,ecfffcff0000000000000000ecfffcffeaff1c00deff0c0002000200eeffceff,f4ff0200faff0c0020002e000a000a00f2ffc0ffd8ff1600eaffeaffdcfffcff,1e000e0004000400deff000004000400eaffdaffeeff0c004000eeff1600f6ff,2000beff060006001c00faff24000400066f1aadc89eaa6e182ea49e1e17862d
6849,6849,0,dcffecff1000ceff000000000c000c000c00daffdeff0c000200f4ff0e000e00,22001200eafffafff2fff2ff0a00faff2400f2ffd8ff0600faffeaffbcff0c00,fcff1e001400f6ff0000eeff0400f4ffdafffaff0c00feff00000000f6fff6ff,1000eefff8ffe8ffeaff2c00f4fff4ff1e2e009f8a16962fa8addc16626f38ad
6850,6850,0,0a00fcff00001000f2ffd2ffdcff1c00daff0c00e2feceffd4ff12001e00feff,12000200daffeaffe2fff2ffeaff0a00f2ff04003600f8fffaffeafffcff0c00,1e00dcffe6ffe6ff0000eeff14000400eaffeaff1c00feffeeff1000f6ff0600,deff30001600e8fffaff1c00f4ff3400aaad6816ba6e10aca49ef86ee02eca9e
6851,6851,0,fcfffcffeeff2000f2ff00000c00fcffeaff1c00eefffeff30000200eeff2e00,f4fff4ffeafffaffe2ff3e00fafffaff04001400260016000c000c00fcff0c00,dcfffcff0400040000000000f4ff1400daffdaff1c00feff100000001600f6ff,eeff3000f8fff8ff2c00eaffc4ff1400809ef66e36308a9edc14e82eb8ad0616
6852,6852,0,fcff1a000000eeff200010001c000c00dafffaff0c00deff02001200feff0e00,0200d4ff0c00faff2e002e001a00fafff2fff2ffd8ff26003c000c00dcffdcff,1e000e00f6ff14000000eeff04000400daff0800eefffeffeeff000006000600,1000deffacff54003e000c00040014003c15de2e48adbc15386fe8ae6a9e326f
6853,6853,0,ecffecffdeff0000e2ff20001c001c00eaff0c00eeff0c0002001200eeff0e00,12002200eaffdaffe2ffe2fffaff2a00d2fff2ff060036000c00fafffcfffcff,0e000e00d8ff04000000100004001400faff2800feffeeffeeff00000600f6ff,1000deffdaff0600fafffaff24001400d66e66ae0a9e7a6e5c30a49d3615702f
6854,6854,0,dcff1a000000eeff0000e2ff0c001c00fafffaffeeff1c00f4ff1200deff0e00,120022000c000c00e2ffe2fffaff1a00040004002600e8ffeaff0c000c001c00,0e000e0014000400deff000004001400fafffaff1c001c0000000000f6ff1600,deff000006000600b8ff0c002400f4ff2e30409efc145c3108af5a13226f08ae
6855,6855,0,fcff1a000000eeff300000000c00fcfffafffaffeeffdeff02000200feffeeff,1200f4ffeafffaffe2ffe2fffaff0a0004001400e8ffd8fffafffaff1c000c00,9cff0e0014001400eeff100024000400ccff0800e0ff0c0030000000f6fff6ff,ceff48005400f8ffeaff0c00f4ff040036afdc146a6ee6ad349d186f2030da9d
6856,6856,0,fcfffcffeeff0000f2ffe2ffdcffecfffafffaffe2fe0c0012000200eeff0e00,020002000c00daff20003e000a000a0004001400aaffd8fffafffafffcffccff,dcff0e000400f6ffdeffdeff24004400daffdafffeff0c00eeff000006000600,00001000e8ffe8ff1c000c00e4ff3400409ec66e20328a9d3a130c31c8ae7e14
6857,6857,0,1a00ecff1000eeffd2ff30001c001c000c00faffe2fee2fe1200f4ff2e000e00,f4ff1200eafffaffd4ffd4ff0a000a00f2fff2ff0600d8fffaff0c00fcffdcff,1e00fcfff6fff6ffceffdeff04002400faffeaff0c000c000000eefff6ff1600,6800deffbaff06000c00eaffe4ff440040133e30d6adde13b86e18af8a9df26e
6858,6858,0,fcfffcff10000000e2ff00000c000c001c00daffeeff3c001200e4ff0e003e00,120012000c000c00f2ffe2ff0a000a000400f2ffc8ff0600eaffeaffdcffecff,0e000e000400f6ff1000eeff14000400faffeaff1c000c002000defff6ff0600,0000ceffdaff06000c00faff1400e4ffc66e66af6a9d5a6e1c31a49cae138030
6859,6859,0,fcfffcff2000eefff2fff2ff0c00ecffdafffaff2c00deff120012003e00eeff,f4ffe4ffeaffeaff2e00f2fffaffdaff14000400e8ffe8ff0c000c000c00dcff,0e000e0004001400eeffdeff04000400faffbcfffeff0c001000eefff6ffe6ff,deffeeff7200f8fffaff0c000400b4ff0e31629dde13a03298afba12e26e80af
6860,6860,0,fcfffcff000000000000f2fffcff0c00eaff1c001c00eeff02001200feffeeff,12001200eaffdaff2000e2ff0a00eaff140004009afff8ff1c00faff0c000c00,fcfffcfff6ffe6ffdeff0000240024002800bcffeeff0c00eeff300006000600,ceff1000f8ffbafffaff0c00040004001cb0c0122a6ed4aea49cd86eaa310a9d
6861,6861,0,2a001a00eeff00000000f2fffcfffcff2c00daffeefffeff1200f4ffeeffceff,020002000c00eaffe2ff2e001a000a000400e2ffd8fff8ff1c001c00dcfffcff,1e00fcff140014001000000014000400080028000c000c00eeffdeff06001600,00003000daffe8ff1c00daffe4ff1400f29c966e40332a9dc611bc3150b05212
6862,6862,0,fcfffcff0000eefff2ffe2ff0c000c00fafffaffeeff0c000200d4ffdefffeff,e4ff12000c00faff2e00e2fffafffaff0400240006000600eafffaffecfffcff,fcff0e00040004000000eeff04000400ccfffaffeefffeff2000defff6fff6ff,20000000daff06001c00eaff04002400a611183244afbe12986e8cb0ea9c506e
6863,6863,0,ecffecff10000000e2ff0000fcffecfffaffdaffeeff0c0022000200deffeeff,e4fff4fffafffaff20002000eafffafff2fff2ff1600d8ffcaff1c00dcfffcff,8cff0e00f6ff140020001000f4fff4ff0800ccfffefffeff00002000f6ff0600,3000defff8ff64001c000c00f4ffd4ff666eccb09a9c2a6ec032249ce2110a32
6864,6864,0,ecfffcffeeff0000300010001c000c00faffcaff1c00ceffe4ff0200cefffeff,f4fff4ff0c001c00d4ff2e00faff1a00f2ffe2ff26000600faff0c00ecfffcff,9cff0e0014000400eeffdeff2400040028002800eeff1c000000100026000600,eeffeefff8ff0600daff3e001400c4ffd832e09b3e12d0330cb15610606e80b0
6865,6865,0,1a001a0000000000e2ffe2ff1c002c00fafffafffefffeff02000200eeff0e00,1200f4ffeafffaffd4ff0000faff0a00f2ff0400e8ff16000c000c00ccfffcff,fcff1e0014000400eeff000004000400daff3600feff0c00eeff1000f6ff0600,deff48006400cafffaff1c001400f4ff9cb1e610ba6d94af149c886e8633529c
6866,6866,0,0a002a0000000000000000000c00ecffdafffaffeeff1c001200f4ff0e000e00,f4ff02001c001c003e00e2ff0a000a00f2ff0400f8ffe8fffaff0c00ecff0c00,0e000e00040004001000deffd4ff0400eaffdaff1c00feff20002000f6fff6ff,00002000f8fff8ff1c00eaffc4ff2400909b866eb0343a9cb20f5234bab17810
6867,6867,0,fcffecffdeff0000f2fff2fffcfffcff1c001c001c00deff020002000e00feff,f4ffe4ff1c000c00f2ffe2fffafffaff04001400160006001c000c00ecfffcff,fcff0e00f6fff6ff1000000014001400eaffeaffeeffeeffeeff00001600e6ff,5800eeffdaff46001c00eafff4fff4ff16106833b4b0fa10786e6cb1029c106e
6868,6868,0,ecfffcffceffeeff00002000ecfffcff1c001c00e2fefeff0200f4fffeff3e00,12000200fafffaff0000f2ff1a000a000400f2ffb8fff8ff0c00eaff1c00fcff,0e00ecffe6ff04001000200014000400faffeaffe0fffeffeeff000016000600,2000ceffdaff1600daff0c002400f4ff466e26b2cc9bda6d1234029bf80f3634
6869,6869,0,0a00dcff0000000020002000fcff0c00fafffaffeeffeeff0200a6ff0e003e00,020002000c000c00f2fff2ff0a000a000400240026001600caff0c001c000c00,0e000e0014000400ceffeeff240014002800eaff0c001c001000eeff26001600,eeff10001600f8ffdaff0c003400c4ff0635309b3410ae3590b2520f206e6ab2
6870,6870,0,1a000a000000eeff10001000ecfffcfffaffdaffeefffeff0200f4ffeeff1e00,02000200fafffafff2ffe2fffafffaffe2fff2ff16000600fafffaffecffecff,fcffdcff14000400eeff000014000400bcffeaff0c00feffeeffeeff0600e6ff,deff10004600daff0c000c00e4ffe4ffa6b2700f346df2b0329b086e8e34409b
6871,6871,0,fcff0a00deff2000f2fff2fffcff0c000c000c000c002c000200e4ffeeffeeff,02000200fafffafff2ff2e000a000a00c0ffe2ffd8ff06000c00fafffcffecff,2e00fcff1400f6ff0000eeff0400e4fffaff08001c000c0000001000e6fff6ff,eeff2000e8ffe8ff1c001c00e4ff2400f09a266eee35ac9ba20eb2349ab2080f
6872,6872,0,fcffecffceffeeffe2fff2ff0c00fcff0c00daffe2feeeffe4fff4ff0e002e00,0200e4ff0c00faffd4ff2e000a001a0004000400e8ffd8ffeafffaff0c00fcff,0e000e00040014001000eeff24000400daffeafffeffeeff200020000600f6ff,00000000bafff8ff1c00faff1400d4ff6e0ea635e0b1e40f086ee2b3c09af06d
6873,6873,0,ecfffcffeeffeeffe2ff0000fcff0c003c001c000c001c00f4ffe4ffdeff0e00,0200f4fffaff1c00f2ffe2fffaff1a00d2ffd2fff8ffe8ff0c000c00ecfffcff,1e00fcff04000400deffdeff240004000800faff0c002a000000eeff16000600,10000000daff1600daffdaff34000400266ef6b2fc9a346d0236e29a020e6e35
6874,6874,0,fcff0a000000000010001000dcff0c00faff0c001c000c000200e4ff0e00eeff,120002001c00eaffd4ff3e00eaffeafff2ff36000600e8ff2c00faffdcffecff,0e009cff04001400eeff00000400f4ffdaff08000c000c000000eefff6ffd6ff,ceffdeff4600f8ffeafffaff1400d4ff2236909a740f6c3680b3120dd06d86b3
6875,6875,0,fcffecff0000eeff10001000dcff0c00daffdafff2fe0c000200f4fffeffeeff,e4ff1200fafffaff200020000a000a000400d2ff06001600fafffaffecffecff,0e00fcfff6ff14001000eeff14001400eaff0800feffeeff000020001600f6ff,ceff00000600f8ff0c001c000400e4ff66b3920dc46cbeb4429a486ede35b09a
6876,6876,0,fcff1a00deffdefff2ffe2ff0c000c00eafffaffe4fe2a00e4ffe4ff0e000e00,1200f4ff0c00eaffd4ff2e002a000a00f2ff04001600d8ff1c00caff0c00ecff,ecffecff1400f6ff1000100034002400faff08000c00feff0000000006001600,deff3000e8ffdaff4e00eaffb4ff2400309aba6dca37ec9af20ce236f6b3c20d
6877,6877,0,2a00fcffeeff200010000000fcfffcfffaffdaffe0fffeffe4fff4ffeeffceff,f4ff0200faff0c0020002e001a00faff1400f2ff160006000c00caff0c00dcff,0e001e00e6fff6ff9cff000024000400daff2800eeff0c000000ceffe6ff2600,58000000daff16002c000c00e4ff1400e20cd2362eb5760ee86d32b4509ac06d
6878,6878,0,0a00fcff20001000e2ff10001c00ccfffaff0c00f2feeeff40001200eeff2e00,e4ffd4fffaffeaff3e00e2ff0a000a001400f2fff8ff1600faff0c000c00fcff,dcff1e001400f6ff000010000400f4fffaffdaff0c00feff200010000600e6ff,2000ceff060006000c00faff0400f4ff9a6df6b3cc9ab46c32375e99900ce636
6879,6879,0,fcff0a001000eeff000010000c00fcff0c00baffeefffeff02002200eeffeeff,e4fff4ffeaff0c002e002000fafffaff0400f2ff0600d8ff1c001c00dcfffcff,1e00dcfff6ff04001000eefff4ff1400eafffaffeeff0c001000300006001600,deffeeff1600f8ffdaff2c001400f4ff1838c699060ebc37d2b4a20c706d76b4
6880,6880,0,fcfffcff100000000000e2ffecff1c00dafffaff0c00fefff4ff0200ceff0e00,3000f4ff1c00eaffe2ffd4ff0a000a000400f2ff26002600caff0c002c00fcff,1e002e000400f6ffeeff100024001400dafffafffefffeff0000300016000600,deff58000600baffc8ff1c00f4ff140064b5be0bd46cceb54e99266d8637c099
6881,6881,0,fcff0a00eeff0000f2ff1000dcff0c00fafffaff2a000c00f4ff12001e000e00,1200f4ff0c00faff2e002e00eaff0a00f2ff1400f8ffd8fffafffaffdcffecff,0e001e000400140010000000e4ff3400faffeaff1c001c002000200006000600,eeff2000e8fff8ff2c00eaffe4ff040066995a6d1239ee99d20a92373eb5a80b
6882,6882,0,0a003a0000001000e2ff2000dcfffcffdaff0c00feffeefff4ff22000e000e00,f4ff0200faff0c003e00e2fffaff0a00f2ff140016000600faff0c00fcffdcff,8cff1e00f6fff6ff2000eeff24001400ccfffaffeeff2a0010000000d6ff2600,10000000f8ff16003e00c8ff040044006e0b4838cab6580a666d72b69099706d
6883,6883,0,fcfffcff000010002000e2ff1c00fcffdafffaff4800f2fef4fff4fffeff0e00,1200d4fffaffeaff2e00f2ff6a001a001400040026003600fafffaff3c00dcff,0e00fcff0400f6ffeeff00000400f4ff4600daff0c000c001000eeff06000600,0000deffdaff16000c00faff4400d4ff2a6d20b67e99866ce6387e995c0a5838
6884,6884,0,ecff1a001000eefff2ff0000ecff0c00eafffaff48002a00f4ffe4ffeeff1e00,f4fff4ff0c00faff3e00f2fffaff1a00f2ff0400060006000c000c00ecff0c00,0e001e00e6fff6ffeeffeeff14002400ccffbcff0c00eeffeeff000016000600,10000000f8fff8ff0c000c003400f4ff48390699b2099239d2b6ae09306ddeb5
6885,6885,0,0a00fcff0000eefff2ffe2ffdcfffcfffaffcaff0c000c00f4fff4fffeffdeff,0200f4ffeaff1c002e00e2fffaff1a000400f2fff8ff2600cafffaffecffecff,fcff0e0014001400eeff0000f4ff0400fafffafffefffeff0000000026003600,ceff68001600baffdaff0c0004001400c0b62e0a866c2ab7fe98266d28393099
6886,6886,0,bcffdcff10000000100010000c00ecff0c00dafffeffd0ff12000200eeff0e00,f4fff4ff1c00faff20003e000a000a00d2fff2fff8ff0600eaffeaffccffecff,fcff0e001400f6ff1000eefff4ff0400eaffccfffefffeffdeff0000e6ffe6ff,deff2000f8fff8ff2c00faff04005400a6981a6dc63a6e996e094a3a4eb6bc09
6887,6887,0,1a00fcff00000000f2ff4e00fcfffcfffafffaffd0ff0c00e4fff4ffeefffeff,f4ffe4fffaff0c003e00e2ff1a000a0004000400d8ffd8ff0c00fafffcffbcff,0e00dcff040004000000eeff44000400faffdaffeeff0c00eeff1000f6ff0600,2000deffdaff16001c00eaff14004400140988396ab7d008266dd2b6d098006d
6888,6888,0,1a00fcff00000000f2fff2ff0c00ecff3c00faff0c001c00f4ff12000e00eeff,f4fff4fffaff0c002000d4ff0a001a0014000400360016000c000c003c000c00,1e00fcff04000400eeffdeff140014000800ccffeeff0c00ceffeefff6ff0600,1000defff8ff2400dafffaff240004000a6d70b72099266cc6395e986c09e839
6889,6889,0,ecfffcffeeffdeffd2ffe2fffcff0c000c00faff2a00feff1200d4fffefffeff,120012000c000c002e0020001a00fafff2fff2ff160006000c00faff1c00dcff,fcff0e001400f6ff0000deff04000400360008000c000c00eeffdefff6ff0600,eeff00005400e8ffc8ff1c002400d4ff723ab6989207e63a64b7ae08c06cf6b6
6890,6890,0,2a00fcff00001000200000000c00fcfffaffbafffeff0c00f4fff4fffefffeff,f4ff12001c001c00100020001a000a00f2ff1400e8ff26000c00daffccfffcff,0e00fcff14000400eeffeeff04000400eaffeafffeff0c00eeffeeff06002600,eeff00001600caffdaff1c000400f4ff46b8b408f66b9ab82e98b66cea3ab098
6891,6891,0,0a000a00100000000000f2ff1c000c000c000c00eeffeefff4ff4000feff3e00,0200e4ff1c00eaff2e003e00faff0a00e2fff2ff0600e8fffaffeaff1c00ecff,fcfffcfff6ff0400eeffeeff140004002800ccfffeffeeffeeff300006001600,eeffeeffe8ffe8ff1c00eaffe4ff34005698ea6c163c00992a071a3bc6b70208
6892,6892,0,fcff0a0000001000f2ff0000fcff0c000c000c0002ff0c000200f4ff0e003e00,2200f4ff1c001c00f2ff10001a002a00140014001600d8ff0c00faffecff0c00,dcff0e00e6ff04001000000024001400faffeaff0c000c00eeffeeff0600f6ff,1000eefff8ff16001c00daff140034001407f23abab8f206866c08b90e98806c
6893,6893,0,ecff1a0000000000200000001c000c001c000c00eeff0c0002000200fefffeff,120002000c00faff2e0000000a000a001400040036003600caffeaffecffecff,9cff0e00f6ff14000000eeff04002400dafffaff0c00eeff2000eeff0600f6ff,1000beffdaff1600fafffaff14000400aa6c56b84098166cdc3bca9732076a3b
6894,6894,0,fcffecff1000000000001000ecffecff0c000c00d0ffeefff4ff02000e000e00,e4ffe4ff0c000c0020004c002a00faffe2fff2ff160016001c000c001c00ecff,2e00acff14000400000000000400f4ffdafffaff1c001c00deffeefff6fff6ff,eeffdeff0600daffeaff1c003400e4ff763c56989605463ce8b83c05386c16b8
6895,6895,0,0a00ecffeeff10003000f2ffecff1c00fafffafffeffeefff4ff0200fefffeff,d4ff12000c000c002e00f2fffafffafff2fff2ff16004600eafffafffcff1c00,0e00fcff04000400eeff200004001400eafffaff0c00feff10002000d6fff6ff,deff30000600cafffaff1c00e4ffe4ff06b94406a66b5ab95a97d66ca23cce97
6896,6896,0,fcfffcffeeffeefff2ffe2fffcff0c00fafffaff38011c00f4ffd4fffefffeff,f4fff4ff0c000c0020002000faff0a00f2ffe2ff1600f8ff1c00faffbcffdcff,fcff0e00f6ff04002000deff14001400faffccff0c00feffeeff3000f6fff6ff,00002000e8ffe8ff1c00faff04002400a097a86bf63cf0970a06cc3c98b91006
6897,6897,0,fcff0a0010000000f2ff0000fcff0c00daffeaff0c00e4fe020002000e00eeff,0200f4ffeafffaff10002e00faff0a000400e2ff46000600faff0c00dcffccff,0e002e00f6ff1400300000000400f4ff080018000c001c00eeff200006000600,68000000daff24002c00daffe4ff44005805163dc8b97605766c38b99e97186c
6898,6898,0,0a000a002000eeffe2ff20000c00ecfffafffaffd0ff2a00020012001e000e00,040004000c00faff4c002e001a001a00e2fff2ff1600f8ff1c000c001c00fcff,1e000e00f6fff6ff0000eeff040014000800fafffeff1c0020000000f6fff6ff,0000ceffdaff1600faff0c0044001400786b76b9d097666bac3dea964005223d
6899,6899,0,fcfffcffeeff000010000000ecffecffdafffafffeffeeff120012002e000e00,f6fff6ff1c00faff3e00f2ff1a000a000400d2ff06001600eaff0c00ecffecff,1e001e00f6ff040000000000040014000800faff0c00feffeeff000016000600,1000eeff0600e8ffb8ff2c0014000400b63d8097a604963d2cba1c05e86bd8b9
6900,6900,0,fcfffcffeeff00001000e2ff0c001c00cafffaffeefffeffd4ff02002e00feff,040014001c000c003e00e2fffaff0a00f2fff2fff8ff3600faff0c00ecff1c00,ecff0e00f6ff04000000eeff0400f4ffccffeaff1c00feffeeff000016000600,eeff30004600daffeaff1c000400f4ff80bad804266b56ba1a97666c823d4e97
6901,6901,0,2a00fcffeeff1000f2ffe2fffcfffcff0c00caffeeff0c001200d4fffeff0e00,d6ff04000c000c002e002000faff0a00f2ffe2ff260046000c00eaffecff0c00,fcff0e00f6ff04001000eeff14000400180018001c00feffdeffeefff6ff1600,deff5800caffcaff0c00eaff040024003097486bb23e80972c04ec3da8baa004
6902,6902,0,2a001a00000020001000f2ff0c00dcfffafffaffc2feeeff0200e4fffeff2e00,0400f6ff1c000c002e00f2ff2a002a000400f2ff0600f8ff0c000c00ecfffcff,1e00fcff040014000000000004001400faffdafffeffeeff0000deff06001600,eeff0000daff06000c00eaff140034003804423e56bb0604266c1cbbf696a86b
6903,6903,0,fcff1a0000000000f2fff2ff0c00fcfffafffaffe2feeefff4fff4ffeeff0e00,f6ff1400faff0c0020002e001a000a0004000400f8ff26000c00caffecffecff,ecffdcfff6fff6ff0000eefff4ff1400eafffafffeffeeffeeffdefff6fff6ff,2000deffdaff06000c00faff3400f4ff186b00bb9097266bac3eea96c803323e
6904,6904,0,fcfffcffeeff000000001000dcff0c00eafffafffeffe2fe020002003e00eeff,f6ff1400faff0c000000d4fffaffeafff2fff2ff2600e8ffeaffcaffecffecff,fcff0e0004002200000000002400040008001800feff0c002000eefff6fff6ff,eeffeeff1600f8ffeaff2c001400e4ff223fb096d802223feebb8a02986b28bb
6905,6905,0,0a000a001000100010000000ecffecfffafffaff0c00deff020012004e001e00,e6fff6ff0c00eaff3e00e2ff1a00faff1400f2ff36001600eaff0c000c00dcff,fcff0e000400040000000000f4ff2400daff28000c00eeffeeff2000f6ff0600,deff20001600caffeafffaff0400f4ff80bbf202f66ac6bbca96066c0a3fc696
6906,6906,0,0a000a00100000003000f2ff0c00ecfffafffaff1c001c00300012001e002e00,f6ff14000c00faffe2fff2ff0a002a00040004001600d8fffaff0c00fcfffcff,0e00dcff140004000000eeff04000400eafffaff0c002a000000eeffe6fff6ff,00001000e8ff06001c00faffd4ff0400b096f86a723f40978a025c3f1abce802
6907,6907,0,0a00fcff10001000200020001c000c00eaff0c00f2fee2fe12003000feff1e00,140024000c000c004c00f2ff0a00faffe2ff1400060006002c000c00ccffecff,0e00dcffe6ff1400eeffeeff1400140028002800fefffeff1000eeff16000600,10001000baff16003e00fafff4ff0400a801d83f34bde201b66b0ebc3696186b
6908,6908,0,2a000a00eeff000000001000fcffdcfffaffdafffeff0c0002002200feffeeff,0400f6fffafffaff2e002e00faff0a00f2ffe2ff0600f8ff1c000c00ecffdcff,2e00fcff14000400ceffdeff24000400eaff1800eeff0c00eeffeefff6fff6ff,3000ceffe8ff06001c001c0044001400b86a00bc8296a66a10403a962c028a3f
6909,6909,0,fcff1a00ceffeeff2000f2fffcff0c00faff0c00feffeeff3000e4ffeeffeeff,e6ffd6ffeaffeaffe2ffd4ff0a000a00f2fff2ff4600f8ff0c00eaff1c00ecff,fcffecfff6ff04002000deff04000400faff2800feff2a00000010002600f6ff,100000001600e8ffc8ff0c001400d4ff7840809642013240eebc0a02086bd2bc
6910,6910,0,1a00fcff0000eeff20000000dcff1c00faff1c002c000c0022000200cefffeff,040004000c00fafff2ffe2ff0a00dafff2ff140036000600faffeafffcff0c00,0e00ecff0400f6ff0000000014000400faff36000c001c000000eeff16000600,000030001600e8fffaff1c00e4ff140094bd6801666a74bdaa95966b7c405696
6911,6911,0,ecfffcffeeff20000000e2fffcfffcfffaff0c00feff3c010200f4ffdefffeff,f6ff04001c000c001000f2ff0a000a001400f2ff260006001c000c00dcfffcff,0e000e0004001400deffeeff14001400faffeaff0c002a00eeff10000600e6ff,deff4000160006002c00eaffe4ff44005e96a86a4e417296b600704032bdac01
6912,6912,0,ecfffcff0000eefff2ff20000c000c000c000c00eeffeeffe4fff4ffeeffdeff,240014000c000c00f2ff00001a00faffe2ffe2ff26003600eafffaff2c001c00,bcff8cfff6fff6ffeeff000004002400eaff08001c000c001000100016001600,1000eeffcaff06001c00fafff4ff14000800084114beb200966bcebef695c86a
6913,6913,0,0a00fcff10000000100010000c00dcff0c00faff3c010c00020002000e00deff,1400d6fffafffaff20002e00faff1a00f2ff040064001600caff1c001c001c00,0e000e000400f6ffeeffeeff04001400280008000c00feff0000000006002600,3000beffe8ff0600eafffaff3400f4ff486ac4bd7296266a40415a95caff4c41
6914,6914,0,2a00fcff1000000020001000fcfffcff0c000c00e2feceff0200e4ff3e000e00,e6fff6ff0c000c00e2ff20001a001a0004000400c8ff1600eaff0c00fcffecff,0e00ecffe6ff04000000deff04003400eaffdafffeff6600eeff4000f6ff1600,ceffeeff64000600eaff0c00f4ffc4ff8841b29504008e41aebd70ff7c6a42be
6915,6915,0,fcff2a0010000000f2ff2000fcfffcff0c000c00deff0c00f4ff22001e00deff,f6fff6fffaffeafff2ffe2ff0a000a001400140036002600faff1c002c00fcff,9cff0e00f6ff0400eeffdeff44000400eaff0800fefffeff1000eeff0600f6ff,deff10000600caffeaff2c000400e4ffb0bec6ff7269c2be2a95866bdc416695
6916,6916,0,0a001a0000001000f2ff00000c00ecfffafffaffeeff0c00f4ff2200deff1e00,f6ffe6ff1c00eafff2ff3e000a001a00d2ff040016002600eaff1c00fcfffcff,9cff0e00040004000000deff14002400080018007600feff00002000f6ff2600,deffeeffcaffdaff2c000c00d4fff4ffa295186a3442049600ffd44252beaaff
6917,6917,0,fcfffcff0000eeffe2fff2fffcff0c00fafffaff0c00eeff12003000eefffeff,f6ff24000c00eaff0000d4ffeafffaff1400140016006400faff0c000c00ecff,fcff1e000400f6ffeeff000024000400fafffaff0c000c0000000000f6ff1600,30001000e8ff46002c00daffe4fff4ff00ff324252bff6fe266acebe76955c6a
6918,6918,0,fcff0a0010000000f2fff2ffecfffcff0c000c00deffeeff1200f4ffdeffeeff,04000400faff0c00f2ff00000a00fafff2ff0400740016000c00caffdcffecff,2e002e0004000400deffeeff140024002800faff2a001c0000003000f6ffe6ff,0000cefff8ff1600fafffaff440014007c6970bfa495066ae442ba9472fe7c42
6919,6919,0,ecfffcff2000200030002000fcfffcfffafffaff1c00feff120050000e00eeff,1400e6fffaff0c00e2ffe2ffeaff0a000400e2ffe8ff06000c00eaffccfffcff,ccff1e00f6ff140000000000240004002800eaff1c00feff3000eefff6fff6ff,0000eeff6400e8ffeaff2c001400e4ffe2425295f8fd44433ebf60fedc696abf
6920,6920,0,1a001a00eeffeefff2ff10000c00fcff1c000c00feffdeff40000200feff0e00,f6fff6fffafffafff2fff2fffaff1a00d2ff0400060026002c00eaff5c00ccff,0e001e00f6fff6ffeeff00000400f4ff080018001c002a00eeff30000600f6ff,eeff20004600caffeaff1c002400e4ff36c020fe1269b0bf0a95166aa8431695
6921,6921,0,2a00fcffeeffeeffe2ffe2ff0c001c00fafffaffeeff2c0012004000feffeeff,f6ff0400eaffeafff2ff2e000a000a0014001400f8ff26000c00eaff0c00ecff,fcff0e00f6fff6ff1000eefff4ff140008002800feff2a00eeffeefff6ff1600,00003000f8ffbaff2c000c00d4ff3400a4945c699243849520fd44432ac072fd
6922,6922,0,0a00fcff10001000f2ff1000fcff1c00caff2c00feff0c0012001200eefffeff,1400e6fffaff0c000000e2fffaff0a000400f2fff8ff26000c00faffdcff0c00,9cff1e00f6ff04001000100014000400faff08000c00eeff20000000e6fff6ff,2000eeffcaff36001c00eaffe4ff140014fd6243a0c058fd6269e2c006959c69
6923,6923,0,fcff1a0030001000f2ff00001c00fcff3c00baff0c00eeff02002200deff0e00,040014000c00fafff2ffe2ff1a000a00e2ff0400d8ff36002c00daffacff9cff,0e001e00f6ff040000001000140014002800daffe0ff0c002000eeff16000600,2000deffe8ff46001c000c00040024003c69c6c07495c268e643da94f2fce843
6924,6924,0,dcff0a000000eefff2fff2ff0c00fcff0c00faff0c00eeff22002200eeff0e00,04001400daff0c00f2ff0000faff0a001400f2ffe8ffc8ff2c000c00dcffecff,0e00ecff0400f6ffeeff0000f4ff0400faffeaff1c000c0010000000f6ffe6ff,1000eeff0600e8ffc8ff1c001400e4ffda4416947afcb24382c13efb7c69ccc0
6925,6925,0,1a00fcffeeff000010000000ecff0c00cafffaffeeffeeff40002200eeff1e00,f6ffe6ff1c00eaff200000000a000a001400240016001600faff0c00ccfffcff,0e001e00d8fff6ffeeffeefff4fff4ffdaff1800feff0c0000001000f6ffe6ff,deff30001600bafffaff2c001400040056c1b4fce268e0c03a94426948446e94
6926,6926,0,fcff2a000000eeff20002000ecff1c00daffdaff1c00e2fef4ff0200eeffdeff,f6fff6fffaffeaff2e002000faff0a00f2ff140026001600eafffaffdcffecff,fcfffcff14000400ceffdeff440014000800faff76001c00100010001600f6ff,deff1000f8ffdaff3e00faffd4ff140056942c69c24424954efb76458cc1eafb
6927,6927,0,fcfffcffeeffeeff200000000c001c001c000c00e2feeeff12001200feffeeff,14001400eafffaff3e00e2fffaff0a000400e2ff060016000c00fafffcffecff,fcfffcffe6ff0400eeff000004000400eaff2800feffeeff0000000026001600,30000000daff46002c00b8ffe4ff1400f2fa2a4520c10afc126942c18e943c69
6928,6928,0,fcfffcffeeffeefff2ff00000c00dcff1c000c002c00feff0200f4ff2e00feff,f6ffe6ffeafffaff2e0020000a00faffd2ffe2ffe8ff0600fafffaff0c00dcff,ecfffcff04001400deffeeff24002400ccff1800feff1c00000020000600e6ff,1000deffdafff8ff0c00faff14000400ac6820c2e494826826450a946afb8045
6929,6929,0,fcff0a00eeffcefff2ff10000c001c00fafffafffeff4c00f4ff1200fefffeff,140004000c00eafff2fff2ffeafffaff0400f2ff16001600faffeaffecff0c00,1e00fcfff6ff2200eeff000004001400faff0800fefffeffdeff0000e6ffe6ff,1000eeff4600f8ffeaff2c00340014004646b6939afa924582c3defa92687cc2
6930,6930,0,dcffecffeeff3000f2ffe2fffcff0c00faffeaffeefffeff020002002e00deff,0400f6ff1c00eaff2e002e00fafffafff2fff2fff8ff0600eafffafffcff0c00,0e00dcff1400f6ff1000eeff04001400faffeafffeff1c0030003000f6ffe6ff,ceff3000f8ffcafffaff1c000400f4ffd0c212fab067aec20a94826830460e94
6931,6931,0,0a00fcffbeff000010003000fcff0c00aafffaffeeffdeff120012001e000e00,f6ffe6fffaffeaff20002000faffeafff2fff2ffe8ffe8ffeafffafffcff0c00,9cff0e000400f6ff0000eeff1400f4ffdaff08000c00eeff20000000f6ffd6ff,eeff1000f8ffcaff2c00fafff4ff140096935c686046a494aaf9c64548c348fa
6932,6932,0,fcffecff1000deffe2ff2000fcffecfffaffdaffdeffeefff4ff02000e003e00,0400f6ff2c000c000000f2ff5a000a001400d2fff8ffd8fffaffcafffcffdcff,fcff0e00040014000000ceff04002400fafffaff0c00eeffceff0000f6fff6ff,10001000caff06001c00faff2400240008f9d646cec2a6f9226854c4fe938268
6933,6933,0,ecfffcff0000eeffd2ff0000ecffecffeaff0c00feffe2fec6ff0200eeff1e00,e6ff1400eafffafff2ff20000a001a00f2ff04000600f8ffeafffaffccffecff,fcfffcfff6ff0400deffeeff04001400eaff08002a000c002000000006000600,6800deffdaff0600eaffeaff340004003c68b0c3749410686447989318f92247
6934,6934,0,0a00dcff00000000f2ff00000c00fcfffaffdaff2c001c0002000200eeff2e00,040004000c000c000000f2ff0a00faffe2fff2fff8ff06002c00eafffcfffcff,9cff7cff04001400eeff0000f4fff4ffdafffaff0c00feff00003000f6ffd6ff,0000defff8ffdaffdaff2c00f4fff4ff7647669326f9be4654c4caf82268f8c3
6935,6935,0,fcfffcff1000eefff2ffe2fffcff0c00bafffaff0c002c00d4ff12000e001e00,0400e6ffeaffeaff2e00f2ff0a000a00d2ffe2ff260026000c00faffecffecff,1e000e00140004000000000014001400ccfffaffeefffeffeeffdeff16000600,ceff2000f8ffdafffaff1c001400140050c478f8206792c448932268a2477e93
6936,6936,0,fcff0a00deff0000f2fff2ffdcfffcfffaff0c002c002c00e4ff0200eefffeff,040014001c00eaffd4ff2e00faff1a00f2ff1400d8ff1600faffcafffcffdcff,fcfffcff1400e6ffeeffeeff14001400eaff0800feff0c00eeffdefff6ff0600,00002000caffdaff1c00daff0400240016931c687e47649476f7584828c478f8
6937,6937,0,0a00fcffeeff2000100000000c000c001c00faffeefffeffe4ffd4ff0e00eeff,0400f6ff1c001c00e2ff4c00faff1a000400040006002600caffeaffccffccff,dcfffcff04000400ceffdefff4ff0400faffdaff0c000c000000ceff0600f6ff,30000000daff06002c00daff0400040070f7cc4722c530f89e67e0c46e93d267
6938,6938,0,fcff0a00eeffeefff2ff1000ecff1c00daffdaffeeff0c00e4ff0200eeffdeff,0400e6ff0c00eaffe2ff2e00faff0a0004000400f8ff26000c00eafffcff0c00,8cffdcff14000400100000000400e4ff0800eaff0c001c00eeffeefff6ffe6ff,1000defff8ff16002c000c002400f4ff7667a0c5e49340674848d892b6f72248
6939,6939,0,0a00ecff000010000000f2ff0c00ecff1c00caffceff0c00e4ffe4ff0e00eeff,e6fff6ff0c001c00e2ff2e000a001a0004000400d8ff1600eafffafffcfffcff,0e000e0004001400eeff000014000400daffeaffeeff0c00ceff1000f6ff0600,100000001600dafffaff1c001400e4ff6c4816935ef75e4840c686f7826780c5
6940,6940,0,fcfffcffeeffdeff200000001c000c000c002c000c00eeff2200f4ff0e000e00,14000400faff1c000000f2ff0a001a00040004003600f8ff0c00faff0c000c00,0e000e0014001400deffeeff04000400eafffaff1c00eeffdeffeefff6ff0600,deff30001600baffeaff1c00040004004cc6d0f60067b0c52893ee662c494e93
6941,6941,0,0a00ecffeeff0000f2ff0000fcff0c00fafffaff0c002c00f4ffe4ff0e000e00,e6ff1400fafffaffd4ff2e00faff0a00e2fff2ff260016000c000c00fcffdcff,9cfffcff1400e6ffeeff00001400f4ffccffeaff1c001c000000100016000600,ceff1000f8fff8ff2c00faffd4fff4ffe69206671e49e493a6f6b848b0c5aef6
6942,6942,0,fcfffcffeeff10000000e2ff0c000c00eafffaffdeffeeffe4ffe4ffceff0e00,0400f6ffeaff0c002e003e00faffdaff0400e2ff2600e8ff0c00faffecffdcff,dcff1e00f6ff0400eeff00000400d4ffeaffeaff0c001c0020000000e6ffe6ff,eeff0000f8ff06002c00eaff1400b4ff90f63c4900c670f6ce6620c73e933267
6943,6943,0,fcfffcff00002000f2ff0000ecff0c001c00faffeeffceff0200e4fffeffdeff,e6ff0400daffeaff2e0020005a001a00f2ff1400f8fff8ff1c00faffecffecff,3e00ecff04000400ceff100004001400daffeaff1c00feff1000eeff06000600,4800cefff8fff8ffdaff0c005400e4ffe666bcc6c493c0662a49f8921ef69c49
6944,6944,0,ecfffcff0000defff2fff2ff0c00fcff2c00faff0c00e2fe020002002e000e00,04000400eafffaff0000d4ff1a00eafff2fff2fff8ffe8ff0c00faff3c000c00,0e00fcff0400f6ffeeffeeff1400240028000800fefffeff0000eefff6ff0600,0000eeff5400f8ffeaff0c004400d4ffcc49e69260f6fe4810c736f5026790c6
6945,6945,0,fcfffcffeeff0000f2fff2ffdcfffcff0c00faff0c00eeffe4fff4fffefffeff,f6fff6ff1c000c002e00e2ff0a00eaffd2ff14003600d8ff0c00caffdcfffcff,dcffecfff6ff1400ceffeeff04001400eaff28001c001c00deff20000600d6ff,beff10002400baff0c000c00240004006cc764f5b266bec6d892ce66fc49e292
6946,6946,0,fcffecffeeff1000f2ff00000c00ecfffafffaffdeffeefff4ff22002e000e00,04001400fafffafff2ff2000faff0a00f2ff0400540006001c00faffecffdcff,dcff0e0004000400100010002400f4ffacffeaff0c00feffeeffdefff6fff6ff,eeff2000daffcaff3e00fafff4ff140086929666e449669316f57e4a58c71ef5
6947,6947,0,1a00fcff0000eeff000010001c001c00faffdaff0c00eeff12000200eefffeff,f6ff1400faff0c000000d4ff0a000a00f2ff040016004600eaff1c000c000c00,fcff1e00f6ff14000000deff14002400ccffeaff0c001c0010000000f6ff0600,1000eeffdaff16002c000c00c4ff240094f4764a3ec7c2f58e66b0c7c292c266
6948,6948,0,fcffecff20000000f2ff00000c00fcfffaffeaffeeff2c00f4ff2200eeff0e00,0400f6fffafffafff2ff00000a005a0014001400260046000c00faffecff0c00,ecffecff04001400eeff100014000400faff18000c000c00000000000600e6ff,1000ceffe8ff54001c00eafff4ffe4ff5666f2c77493b4654e4a789296f4e24a
6949,6949,0,1a002a00200010000000f2ffdcff0c000c00baffeeff2c00e4ff0200eeffdeff,040004000c00faff3e002e00daffdafff2ff140026005400faff0c003c00dcff,0e00fcff14001400eeffceff0400d4ff1800faff1c00eeffeeff10001600f6ff,1000deff6400daffdaff2c001400f4ffa64a5692e2f4a44a84c8f6f43c6602c8
6950,6950,0,0a000a00deff2000e2ff1000ecfffcfffaff0c00eeffe2fef4ffd4fffeff2e00,0400e6ff0c000c0020002e000a000a000400b0ff0600f8ff0c00fafffcffecff,ecfffcff140004000000100024000400faffccff0c00feffeeffeefff6fff6ff,deff00004600caffeaff1c00f4ff040012c9f8f244658cc8d2910e669e4bb292
6951,6951,0,fcfffcffeeff0000e2fff2ff0c00fcffdafffaff0c00eeffe4ff0200feff0e00,f6ff1400faffeafff2fff2ff0a000a00d2ffd2ffe8ff06000c00fafffcfffcff,0e00ecff14000400deffeeff240034000800faff1c001c00eeff000016002600,eeff4000f8ffbaff3e00faff0400440046923666b44a3693f4f22e4b5cc976f3
6952,6952,0,ecfffcff1000eefff2fff2ff0c000c00faff0c004c010c00e4fff4ff0e00deff,04001400faff0c00f2ff00000a001a000400e2ff360016001c00eaff2c00ccff,fcff0e00140014001000eeff04002400eaff28000c001c00eeffeefff6ffe6ff,10001000f8ff06002c00faffb4ff2400b8f2184cccc874f3ee6594c96292c065
6953,6953,0,0a000a000000eeff00000000fcffecff0c00baffeeffeefff4ff02000e00eeff,e6ff04002c000c002e0000000a00faff1400e2ff2600f8ff1c00eaffdcff4c00,8cfffcff220014000000000004000400faffeafffeff0c0030001000e6fff6ff,1000deffe8ff6400faffc8ff140004008a65c2c9269354654e4c589264f2de4b
6954,6954,0,0a00fcffeeff0000f2ffd2ffdcff1c00daffcaffdeffeefff4ffe4fffeffdeff,1400f6ff0c000c002e00f2ffeafffaff1400f2ff360016000c000c00ecffdcff,fcff1e001400f6ff0000100024001400faffdaff0c000c00ceffeeffe6ffe6ff,0000beff0600f8ffdaff2c006400b4ff9c4c5692bef0344c68ca04f2a065ecc9
6955,6955,0,fcff1a00eeff0000f2fff2ff0c000c00faffdaff0c000c00020002000e000e00,14001400fafffaffd4ff20001a001a00e2ff040026003600faff0c00dcffecff,0e000e00040014000000100014002400daffccff0c000c00eeff0000f6ff0600,deff00001600dafffaff1c00040024006ccabef124651ccaa2915e65d64c3292
6956,6956,0,fcffecff100000000000d2fffcffecfffafffaffcefffeff0200d4ff0e00eeff,040014001c00faff2e003e001a00fafff2ff2400540006000c00faff1c00fcff,0e000e00220014001000eeff14001400faff08000c006600eeffceffe6ff0600,deff58000600f8ff3e00faffe4ff3400bc913a65724ce69230f11e4d3cca44f2
6957,6957,0,fcff0a0000000000f2fff2ffecfffcff0c00faff0c00feffe4ff1200feffeeff,e6ff0400faff0c0020002e00fafffaffb0ff0400060026000c00faff1c00ccff,0e00dcff140004000000100004000400daffdafffeffeeff3000ceff16000600,1000deffdaff06003e00daff04002400bcf03c4d7cca78efc06468caf291b064
6958,6958,0,dcffecff00000000e2ffe2ff0c000c002c00faffeeffeeff1200f4ffeeff0e00,e6fff6fffafffaff2e00f2ff1a00faffe2fff2ffe8fff8ff0c00faffecfffcff,2e00fcff140004001000eeff24002400daffccffe0ffeeffeeff2000f6fff6ff,1000deffe8ff4600daff0c0054000400ca640ccbd69234642e4d7291aaf0364d
6959,6959,0,dcfffcff0000eeffe2fff2ff1c00fcff0c000c00eeffdefff4ff0200feff1e00,14000400faff0c00e2ffd4ff0a000a001400f2ffe8ff2600eafffaffecffdcff,1e002e00040004000000200004002400eaffdaff1c000c00eeffceff0600f6ff,1000deff46000600daff2c0044000400cc4dbc9120ef124d38cbd0f0b06448cb
6960,6960,0,fcff0a001000eeff0000f2ff1c000c00fafffaff1c00eeff02003000feff2e00,0400e6ff0c00faff4c00f2fffaff1a0024001400360006001c00fafffcffecff,0e00fcff040014001000deff04000400dafffaff0c00eeffeeff0000f6fff6ff,beff10004600caff1c002c002400f4ff82cc0cf02464fcca92914064fa4dd291
6961,6961,0,ecff1a000000100000000000fcff0c00faffdaffe2fefeffe4ff0200feffeeff,e6fff6fffafffaffe2ff2000eaff0a00f2ff04002600e8ff0c000c00fcffecff,0e00fcfff6ffd8ff1000deff24002400fafffaff0c001c00deff3000e6ff0600,eeff0000f8ffcafffaff0c00e4ff34009c913664624dd69200f0ce4de8cb0af0
6962,6962,0,0a000a00eeffeeffe2fff2ffecfffcffdaffdaffeeffeeffe4fff4ffeeffeeff,e6ff24000c000c0020002e000a000a000400f2ff1600d8fffaff0c000c001c00,fcff1e00040014000000100004001400eafffafffeff1c000000eeff06001600,1000deffcaff06001c00eafff4ff540046ef784efacb90ee10643acdf2913864
6963,6963,0,0a003a00100010001000f2ff0c00dcffcafffaff0c00eefff4ffe4ff0e000e00,f6ffe6ff0c00faff3e00f2ff2a000a0004001400e8fff8fffafffaff1c000c00,1e000e0014001400eeffdeff14000400acffdaff0c000c000000deff06000600,0000deff060016000c00faffd4fff4ff166422cd709224644e4e7291a8eed04e
6964,6964,0,0a000a000000deff1000f2ff0c00fcff0c00faff0c00eeff02000200eeff0e00,f6fff6ffeaff2c002e00e2ffeaff0a001400140026000600eafffaffdcfffcff,fcff0e001400040010000000f4fff4ffeaffdaff1c000c002000eeff0600f6ff,0000deff0600f8ff0c001c000400e4ff084f6c9194ed504e4acdfceeb863f0cc
6965,6965,0,ecff1a000000eefff2ffc2fffcff2c00daff1c00e2feeeff12000200eeff0e00,f6fff6ff0c000c004c00e2ff1a00fafff2ffd2ffd8ff06000c00eaffccfffcff,1e000e00f6ff2200eeff0000f4fff4ff0800ccff0c00eeff0000100036001600,beff0000f8ffdafffaff2c001400040072cd46ee9663b2cc9291f063304fa291
6966,6966,0,fcff0a00000020000000f2ff1c000c001c00faffdeff0c00f4ff3000eeffeeff,0400f6ff0c000c002e002000faffdaff040014003600f8ff0c00faff0c00acff,1e000e0014000400eeff00000400f4fffaffacff1c001c000000000006000600,ceff5800daffe8ff2c00fafff4ff24005c915463a04e00924ceeae4f70cdb8ed
6967,6967,0,1a00fcffeeff0000f2ff00000c000c00fafffaffceffeefff4ffe4ff0e00ceff,f6ffe6ff0c00faffe2fff2ffeaff0a000400140006001600fafffaffccff9cff,0e000e001400f6ff0000eeff14000400fafffafffeff1c0000000000f6ff1600,30000000daff16001c00eaff140014008aed984f72cdf4ec3e634acda2918863
6968,6968,0,fcfffcff20002000e2ff20000c00fcffdaff0c00e2fed2fee4ff0200ceffceff,f6ff04000c00faff2e002e00faff1a000400f2ffd8ff0600faffeaff0c00dcff,0e00ecff14000400eeffeefff4ff1400faffeaff2a001c001000eefff6ff0600,1000cefff8ff24002c00eaff0400f4ffd4626ece30921663ce4f329138ed504f
6969,6969,0,fcfffcff0000eeff1000f2ffecff1c00daff0c000c00feff0200f4fffeffceff,f6ff0400faff1c00d4ff2000fafffaff14001400e8ff36000c00fafffcfffcff,ecff9cfff6ff04002000100004002400eaffccff0c001c001000eeff06000600,0000eeffe8ffdafffaff2c000400f4ff2e502c9114ec464f9ace1cee386310ce
6970,6970,0,fcffecffeeff0000e2ff1000ecfffcfffaff0c00feffdeff2200e4fffefffeff,1400f6fffaff0c0020003e000a00faff0400f2ff260036001c001c00dcffdcff,0e00fcff14000400deff0000140004001800daff0c000c000000eefff6ff1600,eeff10001600dafffaff3e002400e4ff2ecfe0ecb66220ce2291be6250509291
6971,6971,0,0a000a00000000001000f2ffdcff1c00eafffaffdeff0c0002002200eeff0e00,e6fff6ff0c000c003e00f2ffeaff0a0024000400f8fff8fffaffeafffcffdcff,0e000e0004000400eeffeeff14001400eaffdaff2a00feff20002000f6fff6ff,000010000600f8ff1c001c00d4ff14001c91b462d64f10927cec225018cf50ec
6972,6972,0,1a00dcffeeff0000f2fff2ffecff1c00faff0c00eeff1c011200f4fffeff2e00,040014001c001c002e00d4ff0a000a00e2ffe2ff160006001c00faff0c00fcff,fcff0e00f6ff0400eeff0000040014000800eaff0c001c00000000001600f6ff,1000eeffdaff16002c00eaff140004006eeb8e50cece06eb7e62cacf5291ac62
6973,6973,0,fcff1a001000eeff2000f2ff0c00fcfffaffdaff0c00ceff02001200feff0e00,d6fff6ffeaff0c002e002e000a00daff2400d2ff060036000c00fafffcff3c00,9cff0e00040004001000100014001400daff0800eefffeffeeffeeff36001600,1000ceffdaff16002c001c00f4ff24002462e4cfd0912662e2501291d0eb1a51
6974,6974,0,ecfffcff10000000f2ff10000c00ecffcaff0c00e2feeeff02002200feff0e00,0400f6fffaff1c000000f2ff5a00faff1400e2ff3600f8ffeaffcaffdcff0c00,fcff0e00f6ffe6ffdeffdeff34000400faffdaff1c00feffeeffeefff6fff6ff,58000000f8fff8ffeaff1c003400e4ff4e510c91cee972526ed06ceb2c62b8cf
6975,6975,0,ecfffcff0000100020000000fcfffcff0c000c00eefffeff3000f4ff0e001e00,240014001c00faff2000f2ff0a00faff1400d2fff8ff16001c001c00ccffecff,1e001e0014000400eeffeeff14001400daffdaff0c001c00eeff20000600e6ff,deffeeff1600e8ffdaff1c00c4ffe4ff94d0beea3662cecf02917e627a515291
6976,6976,0,0a00dcff000020000000f2fffcff0c000c000c00feffe2fef4ff12000e00deff,f6ffe6ff1c00eaff2e00f2fffafffaff14001400f8ffd8ff2c000c00dcffecff,0e00fcfff6ff14000000200004000400faffeafffeff0c001000eeffd6fff6ff,deff10000600f8ff1c002c00d4ff2400ec908861f252d0913ceb825182d010eb
6977,6977,0,ecfffcff00001000e2ff1000fcff1c002c00daffeeffeefff4ff12003e00eeff,d6ffe6ff1c000c00e2ff2e00fafffaff1400f2ff0600f8ffeaff2c00ecffecff,1e002e00f6ff0400eeffdeff04000400fafffafffeff0c001000eeff0600f6ff,68001000f8ff06002c00faffc4ff1400fee94e517ed05ee99a616ed0d890bc61
6978,6978,0,ecffecff00002000100010000c00fcff0c00daff2c00eeff02000200feff0e00,f6ff1400faff0c00e2ff4c001a004a0014000400360006000c000c00fcff0c00,1e001e0004000400ceff000024001400daff08001c001c00ceffeeffe6fff6ff,4800beffbaff46000c00eaff140024005861f4d0e091b661c2519290e4e92a52
6979,6979,0,dcfffcff1000eeff0000e2ff1c001c000c00faffdeffeeff12000200defffeff,d6ff04001c001c00f2ff2e00fafffaff14001400260036000c00fafffcfffcff,fcff1e00f6fff6ffceffceff04001400dafffaffeeff7600eeff30003600e6ff,eeffeeff4600f8ffeaff3e001400b4ff68520c9170e86253aed13ceb3c617cd1
6980,6980,0,ecff0a00ceffeeff0000d2fffcff0c00daff0c00eeffdeff02001200eeff3e00,0400f6ff1c000c003e00f2ff4a00faff240004000600f8ff1c000c00dcffccff,fcff1e00e6ff0400deffdeff24000400faffdaffe0fffeffeeff30002600e6ff,ceff00001600baff0c002c00240004004ed2f2e800619ed0c290fa60ba52d890
6981,6981,0,fcff1a00ceffeefff2ffe2fffcff0c00faff0c00deffeeffe4ffe4fffefffeff,e6ff0400eaff0c0020002e001a000a00e2ff04000600e8ff0c00eaff0c00ecff,dcff1e00f6ff0400deff000014002400faffeaff0c001c00eeff300006001600,deff4000f8ffe8ff2c000c00c4ff4400cc90e860d253d091b6e87a527cd254e9
6982,6982,0,0a00fcff00001000f2ff1000fcff0c00dafffafffeff0c001200f4ff1e000e00,140014000c000c00200020000a000a000400140006001600faff0c00dcff1c00,0e001e0004000400eeff000004001400eaff18001c00feffdeff00001600e6ff,20000000e8ff16003e00daffb4ff140082e8d852dad1c0e7fa60b2d2c8900c61
6983,6983,0,0a000a002000ceffe2ffe2ff1c001c00faff0c00eefffeff1200f4ffbeff0e00,040004001c000c00f2ff2000faffdaff04000400f8ff36002c002c00fcfffcff,0e000e000400f6ffeeff000024001400180008000c000c00eeff0000c6fff6ff,1000ceffdaff64000c000c00240014009860d0d2d091e060cc538290eae71653
6984,6984,0,0a002a0000000000c2fff2ffecff1c00faff1c00deffeeff0200f4ffeeff0e00,1400e6ffeaff2c00f2ff2e00eafffafff2ffd2ff060006000c000c00ecffecff,fcfffcffe6fff6ff0000eeff24004400faffdaffeeff0c00eeff10002600d6ff,eeffceff54001600eaff3e005400f4ff3a53ac9030e7925432d328e7a260bcd2
6985,6985,0,fcfffcff00000000c2fff2fffcff1c00caff1c00feffeeffe4ff1200feff0e00,1400e6ffdaff1c0000000000fafffaffe2ff040006000600fafffafffcff0c00,0e000e0022000400eeffdeff14001400fafffafffefffeff3000000006001600,deff10004600dafffaff1c001400f4ff30d3b2e77260b0d27290ca600654d890
6986,6986,0,fcff0a0000000000e2ff0000ecffecff0c000c00eeffeeff02000200feff0e00,140004000c001c00e2ffe2ff0a00faffe2fff2ff160026000c000c00ecff1c00,ecff0e00f6ff04003000eeff04000400fafffaff0c001c0010000000f6ff1600,000020000600caff1c000c00e4ff24008c9028606055a091a8e66c549ed37ae7
6987,6987,0,1a00fcffeeffdefff2ffe2ffecffecff0c002c000c00eeffc6ff12000e000e00,f6ffe6ff2c000c000000e2fffaff0a00e2fff2ffaafff8ff0c00faffccffccff,0e00fcfff6fff6ff1000eeff140014002800faffeeff0c001000eeff06000600,eeff0000daff46002c00daffc4ff0400cce6325430d552e61a6014d4b890da5f
6988,6988,0,0a00fcff10000000f2ff00000c001c000c001c002c001c00020022001e00feff,f6ff04001c000c003e0000001a000a002400140006001600faff0c00fcff0c00,fcfffcfff6ff1400eeff000014004400180018002a001c001000100006003600,1000ceffdaff06002c00eaff14001400e85f10d49091dc5fac54de8f58e67654
6989,6989,0,2a00fcff000000001000f2ffdcff1c003c000c001c002c00120022000e00feff,f6fff6ff0c003c000000f2fffaff0a000400d2fff8fff8ff0c000c001c000c00,0e000e0004000400eeff000014000400dafffaff0c00eeff0000eeff16000600,1000eeff1600f8ffeafffaff0400f4ff26558c9014e5a055f4d468e67a5f9ed4
6990,6990,0,0a000a00deff0000e2fff2fffcff2c00daff1c002c00fefff4fff4fffeff2e00,04001400faff0c00f2ff20000a00eaff04001400f8ffd8ff1c00eaffecffecff,0e000e00f6fff6ff0000eeff040014001800faff1c00feff0000eefff6ff0600,deff00004600f8fffafffafff4ff04006cd560e5dc5ff0d55290365fce547890
6991,6991,0,dcfffcffceff20002000f2fffcffecff0c00faff2c002c0002000200eeff2e00,e6ffd6ff0c00faff3e001000eaff0a0004000400260016000c000c00acffacff,fcff1e000400f6ff0000eeff04002400daff28002a000c00200000001600f6ff,deff3000f8ffe8ff2c000c00d4ff54004c90225ff0556091aae4fc54b6d5a8e5
6992,6992,0,ecfffcffeeff10001000e2ff2c00fcffdafffaff0c000c0022000200feffeeff,f6fff6ff1c001c000000d4fffaffeaffe2ff0400f8ff1600fafffaffdcff1c00,ecff1e00040004002000200004000400daffeaff1c001c00eeffdeff16001600,10000000baff46001c00eaff0400f4ffe0e45655ecd614e5065f84d698902a5f
6993,6993,0,ecfffcff10000000f2fff2ffecffecfffaff0c00eeffeefff4ff30000e00ceff,1400f6ff0c00faff0000f2ffeafffaff040024001600f8ff0c00eaff1c000c00,2e000e0014000400100010000400f4ff0800faff0c0076000000deff06001600,2000eefff8ff16002c00eaff1400f4ff025f38d6a091f45e0c56529008e58e55
6994,6994,0,fcfffcffeeffeeff00001000fcffdcff1c00fafffefffefff4ffe4ffceff0e00,f6fff6ff0c00faff0000e2ffeafffafff2ff04003600f8ff0c001c000c001c00,0e000e00040014000000eeff2400e4ffccffdafffeffeeff0000eefff6ffe6ff,0000deff06000600faff1c005400240032565c90d4e3be5694d678e3ea5e46d6
6995,6995,0,fcff0a0000001000f2ff10000c000c001c00daffceffeeffd4fff4ffeefffeff,0400f6ff0c000c00f2ff20000a000a00e2ffe2ff160046001c000c00fcffccff,0e000e000400e6ffceff00003400d4ffeaffdafffeff0c00200000000600f6ff,ceff2000f8fff8fffaff2c002400e4ff48d7dae3845e9cd7ce8fe65e0e565890
6996,6996,0,1a000a00eeff40001000e2fffcff0c00fafffaff0c00eeff3000f4ffeeffbeff,0400f6ff0c00fafff2ff2e00eaff0a001400f2ff360006000c002c00fcfffcff,dcfffcff0400f6ffeeffeeff04002400eaffeafffeff0c00deff000016001600,deff1000f8ffcaff1c00faff240044006c90725eee56909148e31c57e6d640e4
6997,6997,0,0a000a00eeffdeffe2ffe2ff0c00ecfffaffdaffeeffeeff22000200fefffeff,f6ff14001c002c00d4ff2e00faffeaff1400d2ffd8fff8ff0c000c00ecffecff,dcfffcff040014001000100014000400080008000c000c00eeffeeffe6ff0600,30000000e8ff46002c000c00e4ff2400fae272561cd8d4e2565e14d77890725e
6998,6998,0,bcff0a001000eefff2ff1000fcff0c000c002c001c000c0002000200defffeff,f6ff04000c00daff20002e000a000a00f2fff2ff2600f8ff0c00fafffcffacff,dcfffcff040004001000eeff040004000800ccff2a000c000000000006000600,1000deffdaff64000c00faff14000400325e0ed84091445e3c573290a0e34e56
6999,6999,0,0a00fcffeeffeefff2fff2ff0c00fcff1c00faffceffeeff30001200eefffeff,f6fff6ff1c000c00d4ff2e00faff0a0014000400260016002c000c001c001c00,0e00dcff040014000000100014001400eaffeafffefffeff0000deffe6ff0600,0000eeff06001600eaff1c003400e4ff12575c9010e2b05728d8d8e2925deed7
7000,7000,0,ecff1a00100000000000f2fffcff0c00fafffaffceffceffd4ff1200fefffeff,f6ff1400dafffaff2e002e000a000a00f2ff140026001600faff2c000c00fcff,fcffecff04000400eeffeeff04002400bcffdaffeeffeeff0000eeff0600f6ff,100010000600dafffaff1c001400e4ffded88ae2685d0cd9de8f465d26576890
7001,7001,0,0a00fcffeeff2000e2ff00000c00fcffdaffdaff0c00ceff0200f4ffeefffeff,f6fff6ff0c00fafff2ffe2fffaffeaffe2ffd2ff36002600eafffafffcff0c00,9cff0e001400f6ffeeffdefff4ff0400ccffbcff1c002a002000eefff6ff0600,ceff20001600f8ff0c00faffb4ff14003c90765d6458909184e14c5700d9e4e1
7002,7002,0,fcfffcff10000000000020001c00fcff0c00faffdeffdeff0200e4ffdeffeeff,d6ff0400faff0c00f2ff00000a000a00f2ff0400f8ff16000c000c000c000c00,dcfffcfff6ff0400eeff10000400f4ffccffeafffeff1c000000cefff6ffe6ff,0000eeffbaff54002c00faffe4ff24000ee1825702da80e1665d98d91890425d
7003,7003,0,fcffecff1000deff1000f2fffcff1c000c000c003c01feff120012000e00feff,f6ff1400faffeaff3e0000000a000a001400e2fff8ffe8ffeaff0c00dcfffcff,0e009cffe6ff04000000eeff04001400eaffeaff0c000c001000eeff0600f6ff,2000deffdaff16001c00faff34000400f65c4ed91a91285dcc57ce8fd4e1c657
7004,7004,0,dcffecff0000eefff2ff10000c000c00daff0c000c000c00e4ffd4ffeefffeff,f6ff0400faff2c002e00f2fffaff1a00d2ffd2ffd8ffc8ff0c001c000c000c00,fcfffcff04000400deffeeff240014000800eaff2a00eeffeeff1000e6fff6ff,1000deff4600daffdaff0c003400b4ffe8578c90f2e0d45878d994e0025d90d9
7005,7005,0,1a00fcff1000000010002000fcffecfffaff2c00deff0c00d4ff3000eeffeeff,f6fff6fffaff0c00e2ffd4ff1a000a000400f2ff16000600faff1c000c002c00,dcfffcff1400f6ff00001000140014001800faff0c00feffeeff3000f6fff6ff,deff30001600e8fffaff3e003400d4ff08da9ee0b85cdad99e8f465d68585890
7006,7006,0,fcff1a00eeffeefff2ff0000fcfffcfffaffcaffeeff0c000200e4ffdeffceff,f6ff14000c000c00f2ff00000a002a000400f2ff16003600faff0c00dcffecff,fcff0e00d8fff6ffdeffeeff24000400eaffbcff1c000c00eeff00000600f6ff,deff2000dafff8ff3e001c00f4ff04003c90865c1459ea9004e0b05860da94e0
7007,7007,0,ecfffcff1000eeff200000001c001c00daffeaffeefffeff020022000e002e00,0400f6fffaff0c00f2fff2ff0a000a00e2ff0400f8ff06000c00faffecff1c00,0e001e00f6fff6ff2000eeff24000400eaff0800feff1c00000010000600f6ff,10000000dafff8ff2c00faffe4ff14001ee0d85858dbc2dfc65c0cda68907a5c
7008,7008,0,ecfffcff00001000d2fff2ff1c00ecffbaffdaffeeff2c00e4ff0200ceffdeff,f6ffe6fffafffafff2fff2fffaff0a0004001400f8fff8ff2c00eaffdcff1c00,0e002e0014001400deff00000400f4ff080018001c00feff2000defff6ff1600,1000deffdaff16000c00eaff04001400425cfada0a91885c50599e8f92dff858
7009,7009,0,1a000a00eeffeefff2fff2fffcff0c00faffdaff1c00deff1200d4ff0e00ceff,140004000c00faff10002e00faffeaffe2ff0400e8ffd8fffaff2c00ecff0c00,fcff0e0014000400eeffeeffe4ff0400eafffafffefffeffceffcefff6ff0600,eeffeeff46000600eaff1c002400e4ffd8584c9074df84597edba0df9a5b20db
7010,7010,0,fcff1a0000000000f2ff00001c000c00faff0c00eeffeeff3000f4ff0e00eeff,f6fff6fffaff0c004c00f2fffaff0a000400e2fff8ffe8ffeaff0c00dcff1c00,dcfffcfff6fff6ff1000eeff04001400080008001c001c0010000000f6ffd6ff,deff10006400dafffaff1c000400c4ff8adbc8ded85bf8db4290145ba8594890
7011,7011,0,dcff0a0010001000e2ffd2ff0c001c00faffdaffceff0c002200d4fffeff1e00,f6ff14002c000c003e00d4ff0a00faff1400e2ffe8ffc8ffcaffeaff1c001c00,fcfffcfff6ffe6ff0000eeff140044000800bcffeeff0c00eeffeeff2600f6ff,eeff3000f8ffcaff1c00faff040034004c90c25b2a5a0a91b0dea05972dcf2de
7012,7012,0,fcffbcff00001000000000001c000c00eaffdaffe2feeeffe4ff2200eefffeff,14000400fafffaff3e00c4ffeaff0a00f2ff0400d8fff8ff0c00cafffcff1c00,ecffdcff14001400deffeeff0400e4ff080028000c000c00eeffdefff6fff6ff,68001000dafff8ff2c00daffc4ff440088de985906dd16de045bb0dc58908a5b
7013,7013,0,0a00ecff10000000f2ffe2ff0c001c00fafffafffefff2fe12001200eeff0e00,f6fff6fffaff1c002e00c4ffeafffafff2ff1400260006001c00eaffccffdcff,0e00dcff1400f6ff0000eeff1400f4fffaffeaff1c000c00200000000600f6ff,1000cefff8ff16000c00faff14002400325bdcdcea90685b445a42904adee859
7014,7014,0,fcfffcffdeff10001000f2ffecff1c00cafffaffeefffeff0200f4ff2e00feff,e6ffe6ff1c000c002e00e2ffeafffaff0400e2ff36001600faff0c00fcfffcff,ecfffcfff6ff1400eeffeeff1400f4ffdaffdaffe0ffeeffdeffeeff1600f6ff,eeffeefff8ff1600eaff2c0014000400225a3c90c6dd5a5ad0dc00dd1a5ba2dc
7015,7015,0,0a000a002000eefff2ff00001c00fcffdaffdaffeeffdefff4ff3000feffeeff,2400f6fffafffafff2fff2ff1a000a000400f2fff8ff0600fafffafffcffdcff,fcffdcff040014000000eefff4fff4ff0800ccff0c00e0ffeeff000006000600,000030000600f8ffeaff2c00f4ffe4ff6cdd18def85a66ddbe8f945a185a3890
7016,7016,0,fcfffcff10000000f2ffe2fffcff1c00fafffaffceffeeff02002200eeffeeff,1400f6fffafffaff1000f2ff0a000a001400f2fff8ffe8ff2c00faff0c001c00,fcff0e0004001400deff0000f4ff2400daffeaff1c000c00eeff0000f6fff6ff,eeff1000f8ffe8ff1c00eaffd4ff14004c90525a385bda9080dcc45a9add8add
7017,7017,0,2a00fcff000010000000f2ff1c00ecffdafffaffe2feeeff0200f4ff0e00feff,040004001c001c003e000000fafffaff2400a0ff360026001c000c002c00fcff,dcfffcff0400f6ff0000eefff4ff1400dafffaffeeffeeffeeffeefff6ff0600,00002000daff64003e00b8ffe4ff4400acdc845ae6dd06dd945a30dd28904e5a
7018,7018,0,2a000a0000000000f2fff2fffcff0c00fafffaffe2fef2fe22000200feff0e00,f6fff6ff1c00faff20002e004a000a00f2fff2fff8ffd8ff0c000c00fcff1c00,dcffdcff0400f6ffeeff100004000400eaffccffeeffeeff000000000600d6ff,1000eeffdaff16002c001c0034002400885998deea90ea5a445bce8f62dcae5a
7019,7019,0,1a00fcff1000000010003000fcfffcffeaff0c00e2fee2fe3000f4ff1e00deff,320004001c000c001000f2fffafffaff1400f2ff0600c8fffaff0c001c001c00,0e000e000400f6ff100000002400f4ff080028001c00feffdeffeefff6ff1600,1000deff5400f8ffdaff1c0024000400145b3c90e8db785bf0de80dcb8595ade
7020,7020,0,2a002a002000deff1000f2ffecffecfffaffdaffeeff2c00d4fff4ffeeff2e00,0400d6ff0c000c002e00f2ff0a00eaff040004001600e8fffafffaffccfffcff,bcfffcff04000400eeffeeffd4ff3400dafffaff1c001c00000000001600f6ff,ceff30001600caffdaff2c002400040058df7adb4a5a84df32903059ca5b1890
7021,7021,0,fcfffcffeeff100000000000ecffecffcaff0c00feff1c0002000200deffdeff,1400f6ff0c001c002e002e000a00faffe2ffe2ffe8fff8ff2c000c00ecffccff,fcff2e00e6ff1400eeffdeff14000400daffdaff0c000c0020002000f6fff6ff,beff4800f8ff06003e000c00d4ff04004c904859485c30914cdb445b72dfe2db
7022,7022,0,fcfffcffeeff0000000030003c00fcffcaffdaff4c00e2fe020012000e002e00,f6ff04001c00faff3e00f2ff0a001a00f2fff2ffd8fff8ff1c000c00fcfffcff,1e007cfff6ff04000000000014000400eaffeafffefffeffeeff100026002600,10000000caff06004e00daffe4ff1400eada025cb4df08db505984e028905859
7023,7023,0,0a00fcffeeff0000f2ffe2ffecffecfffaffdaffceffeeff2200f4ff3e000e00,140014001c001c002e00d4ff2a000a0024000400f8ffe8ff1c000c00ecfffcff,1e00ecff0400f6ffeeffdefff4ff1400eaffdaff0c000c001000eeff1600f6ff,2000eeffe8ff0600faffdaff24002400c858bedfda907459165cce8f72dbfa5b
7024,7024,0,bcff0a00100000001000f2ffdcff0c00daffeaffeeffeeffe4ff0200eefffeff,040014001c002c00f2ffd4fffaff1a00e2fff2fff8ff26000c00eaffccffdcff,0e00fcff0400f6ffdeffceff0400e4ffccff0800eeff2a000000eeffe6fff6ff,eeffdeff16001600c8fffaff0400e4ffe65c4c90b8da985c84e088d9a85874e0
7025,7025,0,dcfffcff1000000020000000fcffecffcafffafffeffeeff4000f4ff1e002e00,e6fff6fffaff0c00d4ff3e000a00faff0400e2ff06001600faff0c000c00fcff,0e00dcffe6ff2200eeff000004000400dafffaffeefffeffeeff1000e6ffd6ff,deffeeff1600e8fffaff2c001400e4ffbee0aed9c458f2e05290f058925c2890
7026,7026,0,0a00dcffdeffeeff0000e2ff1c002c00faffcaff0c001c00f4ff12000e002e00,f6ff14000c001c00000000000a000a00e2ffd2fff8ffe8ffeaff0c000c00ccff,0e00dcfff6ff04000000100014002400daffdafffefffeffeeff0000f6fff6ff,100020001600e8ff1c000c00040014005c908858d85cea9088d9c65c24e1e0d9
7027,7027,0,1a001a0010000000e2ff00001c001c00faffbaff1c001c0002000200eeff0e00,14001400faff0c00d4ffd4ff0a001a00f2ff14000600e8ff1c000c000c00fcff,dcff0e00f6fff6ff0000eefff4ff0400faffeaff1c001c00deffeefff6ffe6ff,10001000e8ff46002c00c8ffe4ff2400fed8065da2e102dacc57e4e028906858
7028,7028,0,fcff2a001000100000000000ecff2c00cafffaff2a000c00c6ffe4fffeffdeff,0400f6ff0c001c00e2ff4c00faff0a00b0ff0400260036000c00fafffcffecff,dcfffcfff6ff04002000100014002400ccffdaff0c001c0030000000f6fff6ff,0000eeffdaff46000c00faff2400140092575ee10a91c458665dce8ff0d8125d
7029,7029,0,fcffecff1000eeff00002000fcff0c00caff1c00eeff0c0002000200eeff1e00,e6ffe6ff1c003c003e0000001a00eaffe2ffd2ff360026000c001c00ccfffcff,ecff0e00f6fff6ff2000eeff0400f4ffeaff2800eeff1c0020001000f6ffd6ff,1000deff54000600eaff0c001400e4fff65c4c90bed8b85d78e2f8d8965704e2
7030,7030,0,0a001a0000001000e2ffe2ff0c00ecfffaff0c000c00feff3000f4fffeff0e00,f6ffe6ff0c000c00f2ff20001a000a00f2ffd2ff0600f8ffdafffaffecffecff,1e00fcffe6ff0400deffeeff14000400faff2800fefffeffeeff00000600f6ff,eeff20001600baffeaff2c00f4fff4ff0ae25ed8745882e2ee8f3c57825d4890
7031,7031,0,ecfffcffeeff00001000f2fffcfffcfffaffeaff1c002a0012000200ceffeeff,14000400faff0c00f2ff3e00faff0a00f2ffd2ff260026000c002c00fcffecff,ecff0e00f6ff0400ceffdeff24000400daff28001c00feffceffdefff6ff1600,deff58001600cafffaffdafff4ff14005c903257445e509138d8565d10e3dad8
7032,7032,0,0a00fcff10000000f2ffe2ffecfffcffbaffdaffeefff2fe12000200deffeeff,f6fff6ff0c002c0020002e001a000a001400f2ff260046000c000c00ecfffcff,0e002e0014001400eeffdeff24000400faffccffeeffeeff0000eeff06000600,1000eefff8ff16000c00fafff4ff440088d7b65d54e3ecd7ec56f8e258902657
7033,7033,0,ecffecff10001000f2fff2ff0c000c00caffdafff2feeeff1200f4fffeff3e00,f6fff6ffeafffaff0000e2fffaff0a00f2ff040026003600faff1c00fcffecff,1e00dcfff6ff04000000deff04004400faffccff0c00feffeeffeefff6fff6ff,2000deffcaff46002c00faff24000400d2563ae35091c057665ece8f48d7b25d
7034,7034,0,fcffdcff00001000e2ff00000c00fcff0c00faffeeffeeffd4ff1200eeffeeff,1400f6ff0c000c00200000000a000a00e2ffe2ff9aff2600faff0c002c00fcff,1e000e00f6ffe6ffeeffeeff240014000800faff1c000c001000100026000600,2000eeff0600f8ffeaff2c0004001400725e5c906cd7645ed2e454d64e56e0e3
7035,7035,0,1a000a0000000000f2ffe2ffecff0c00dafffaff0c00feff120002000e00eeff,040014001c000c001000e2ff0a00faff0400e2ff06003600eaff0c00fcff1c00,0e002e00f6ff14001000eeff14000400eaffeaff1c001c00deffeeff16000600,deff00001600caffdaff1c0024000400cae398d63057c4e34290ec56325e6890
7036,7036,0,1a000a0010000000e2ffe2ff0c00ecff0c00daffeeffeeff1200d4ffdeff0e00,e6ff04001c000c00000000000a000a00040004004600e8ff0c001c00ccffecff,ecffecff140004001000deff14001400eafffaff1c00feff1000eeffd6fff6ff,eeff10001600e8ff3e00fafff4ff14005c906256b45e609154d6e65e60e480d6
7037,7037,0,fcfffcffdeffeefff2ff0000fcfffcfffaffdaff02fff2fe2200f4fffeffeeff,f6fff6ff0c000c00f2ff3e000a00fafff2ffe2ff260036000c002c00fcff0c00,fcff0e00f6ff14000000eeff24002400faff1800eeff1c000000eeff0600e6ff,3000deffdafff8ff2c00eaff1400240028d6725e04e5ced64c56d2e458900e56
7038,7038,0,fcfffcffdeff1000e2ff00000c00fcfffaff1c00eeff0c003000f4ff0e002e00,f6fff6fffafffaffe2ff4c001a001a00f2fff2ffc8ff16000c001c000c000c00,1e00dcfff6ffd8ffeeff100024004400eaff0800eeffc2ffceffeeff06000600,3000eeffbaff06000c00faff24000400a65550e56091c056265f829010d6ca5e
7039,7039,0,1a00fcff1000100000001000dcff0c00faff0c000c00e4fe1200f4ffeeff2e00,0400e6ff4c00faffd4ff0000baff0a000400f2ff1600c8ff0c000c00dcfffcff,fcff0e00040004000000eeff14001400eaff08001c001c00beffdeffd6fff6ff,2000000016004600faff1c001400d4fff25e7c90f0d5445fc2e544d64e55f8e4
7040,7040,0,ecff1a0010001000f2fff2ffdcffecffaaffcafffeffeefff4fff4ffeeffeeff,f6ff04000c00eaff3e0000000a00eafff2ffe2ffd8ff26000c001c000c00ccff,0e00fcff140004001000eefff4ff0400daffeaff1c00feff3000eeff1600e6ff,ceff30004600dafffaff0c00e4ffe4ff1ce6acd5d055a2e58290ec540a5f6890
7041,7041,0,0a000a00eeff1000e2fff2ffdcfffcffdaffcaff0c00f2fe400040000e00feff,e6ffe6ff0c000c0020004c001a000a002400e2ff4600d8ff0c000c001c00dcff,0e009cffe6ff1400eeffeeff14000400ccffeaffeefffeff0000200026001600,eeff2000f8ffdaff2c002c00040044008c900655545f9091b4d4265f08e640d5
7042,7042,0,1a000a0000001000e2ff00001c000c00eaff0c00eeffd0ff2200d4ffdefffeff,040014002c00eaff3e00e2ffeaff1a00e2ff0400f8ffd8fffaffeaffecff0c00,0e001e000400e6ffeeff000014002400faff2800feff0c00deff00002600e6ff,00001000acff06001c000c0014002400b0d3825f32e660d54c5522e7b8901e55
7043,7043,0,0a000a001000eefff2ff0000fcff1c00fafffaffeeff0c00d4ffe4ffdeff2e00,f6fff6ff0c00faff2e00e2fffafffaff0400140036002600eafffaffdcfffcff,0e001e000400140010000000b4ff04002800faffeeff0c00eeff1000e6ff3600,30000000e8ff0600fafffaff0400e4ff86549ce690917055a65fa29018d4aa5f
7044,7044,0,fcffecffeeffceff2000f2fffcff1c00eaffeaffeeffe4fe020002001e001e00,f6fff6ff0c001c002e00e2ffeafffaff0400f2ffd8ff16000c00faffecff0c00,fcff0e00f6ff14000000deff0400f4fffaff2800feff0c00deff10001600e6ff,eeffceff240006000c000c002400c4ff2860ac9030d4b26082e732d3465420e7
7045,7045,0,0a001a00000010003000f2fffcfffcff1c00faff1c002a000200f4ff2e001e00,f6fff6ff0c00dafff2ff2e00eaff5a00f2ff0400e8ff0600eafffafffcffecff,0e00fcff0400f6ff000010001400f4ffdaffccffeeff1c00000020001600f6ff,eeff00001600caff0c001c002400e4ffb2e750d3d25430e75290bc541a609890
7046,7046,0,fcfffcffceffdeff20001000fcfffcffcafffaff0c001c00f4ffe4ff3e000e00,f6fff6ff0c000c00e2ff2e004a000a000400f2ff36001600faffbaff2c000c00,fcff0e000400f6ffeeff0000e4ff04000800dafffeff0c0000001000e6ff0600,eeff3000e8ffdaff0c000c0004002400ac90d253d260c09102d3aa601ae898d3
7047,7047,0,1a00ecff00000000000000000c00fcffcaff0c0002fff2fee4ff3000deffeeff,0400e6ff1c001c004c00e2ff0a00eafff2fff2ff36003600eafffaffecff1c00,1e00fcff1400f6ffdeffdeff14001400daff08000c000c00deffdeff06002600,10000000daff16002c000c00f4ff4400bed27860e0e772d31653a2e7b890f653
7048,7048,0,fcfffcff2000deff200000000c000c00faffdaffd0fffefff4ff1200eeff2e00,e6ff0400faff0c002e002e000a001a00f2ffe2ff36004600faff1c00ccfffcff,0e000e00040004001000100004001400eaff2800fefffeffeeffdeff0600f6ff,1000deffbaff64000c00faff14000400fa52a2e8d0919254aa60a290bcd2b260
7049,7049,0,dcff0a00eeffeeffd2ffe2fffcffecfffaffbaff0c00e0ff220002000e000e00,1400d6ffeaff2c00e2ffd4ffeafffaffd2ff2400f8ff46000c000c000c00ecff,bcff9cff2200f6ff20005200f4fff4fffafffaff0c001c00eeffdefff6ff2600,0000cefff8ff06001c000c002400f4ff9860cc9086d0006126e992d25653dae8
7050,7050,0,fcfffcffeeff000010000000ecff0c00daffcafffeff0c0012001200feff2e00,f6fff6ff0c00fafff2ff00001a00faff04000400c8fff8ff0c00eafffcffdcff,fcff0e00f6ff0400deff000014002400fafffafffeff0c00eeff0000f6fff6ff,eeff00005400f8ffdaff1c004400f4ff02e96ed21254dee8d29066520c61d890
7051,7051,0,0a00fcffeeffdeff0000f2ff1c000c001c00caff2c000c003000d4ff0e001e00,e6ff04000c00faff000000000a000a0014001400160026000c00eaff4c000c00,ecffccff14000400000000002400e4ffeafffaff1c000c00eeffeefff6ff0600,00003000f8ffcaff1c002c00d4fff4fffc9058528061c09112d2da60d4e9ecd1
7052,7052,0,0a00fcff00000000200000000c00ecffdafffaffeeffdeff30000200eefffeff,f6ff0400fafffaff2000f2fffafffafff2ff1400160026000c00faffecffdcff,fcff1e000400140000001000f4ff1400faff36001c000c00200020001600f6ff,10001000caff54001c00faffe4ff3400f4d038618ee926d0b2518aead890ba52
7053,7053,0,fcffdcffeeffeefff2ff2000fcff1c00daffdaffeefffeff120022000e00eeff,f6fff6ffeafffaff200020001a00faff04001400060006000c000c00fcffecff,0e00dcfff6ffe6ff0000000034000400eaff28001c00feff2000000016001600,4800deffdaff4600faffeaff44000400ce510eead09112534a61a2902cd19c61
7054,7054,0,fcfffcffdeffeeffe2ff1000fcffdcffdaff0c00e2fe2c00f4ff1200feff0e00,140024001c000c0020001000fafffafff2ff1400e8ff06000c000c00fcffecff,1e002e0004001400eeff00001400140036000800feff0c00deffeefff6ff0600,1000deff1600e8ffeaff0c002400f4ffb861fc90fece8061baeabed0fa5184ea
7055,7055,0,fcfffcff0000000020000000ecfffcffdaffdaff2c000c0030000200fefffeff,f6ff14001c000c003e00f2ff0a00faff24001400260016002c002c000c000c00,fcffdcff140004001000eeff040004002800eaff2a000c00eeffeefff6fff6ff,ceff20004600f8ffeaff3e0014000400eeeaa4d0e2527eea1291b251cc61e890
7056,7056,0,fcffecff00000000e2ffe2fffcff1c000c00faffd2fee2fee4ff0200eeffceff,e6ff0400eaff0c000000e2fffafffaff0400d2ff1600f8ff2c000c00dcffdcff,0e00ecff14001400eeff000014001400280008001c002a00deff000006003600,ceff0000f8ffcaff3e001c00d4ff24000c915e515662f091bacf7e62a0eb62d0
7057,7057,0,dcffecffeeff00000000e2ff0c001c00faff0c00fefffeff020012002e000e00,04001400eaffeaff20000000eaff1a0024001400060006000c002c00fcffecff,0e000e00f6ff04000000deff2400040028002800feffe0ffdeffeeff16000600,10001000baff16001c00eaff240044006ecf34623eebdecef2502aeb22919a51
7058,7058,0,fcfffcff00000000e2ff1000fcff0c000c00faffeeffe2fed4ff1200fefffeff,f6ffd6ff1c000c00f2ffe2ff0a00faff24001400d8ff06000c001c00fcff0c00,fcff7cff14000400eeff0000040024001800faff0c00feffeeff0000e6fff6ff,1000eeffe8ff16000c00c8fff4ff2400ee50beeb009252523e62229188cf5c62
7059,7059,0,ecfffcff1000eefff2ff0000ecff1c000c001c00ceffeefff4ff1200eeff0e00,04001400eaff0c002e000000eaff0a00e2ff2400060006002c00faffecffdcff,0e000e00f6fff6ff1000000004001400daffeaff1c001c002000eeff16000600,1000ceff16001600eaff1c002400e4ff54621c9120cee662ececbacf905060ec
7060,7060,0,fcfffcff0000eeff0000f2fffcfffcffdaffcaffe2feeeff0200f4ff1e00eeff,0400f6ffeafffaff3e00e2ff1a00eaff0400e2ff0600e8ff0c003c00ccffccff,dcff0e00e6ff0400eeff000004001400080008000c000c00100000001600f6ff,ceff10001600f8fffaff3e001400e4ff2cecdece6e5114ec4291ce4f08637291
7061,7061,0,fcfffcffdeffeeff100000000c00fcfffaffbaff0c00eeff020030002e000e00,1400e6ff0c00fafff2fff2ff0a000a00040004002600e8ffeaff0c00dcffecff,fcfffcff14000400eeff000024000400ccff0800eeffe0ffeeff300006001600,ceff68000600daff0c00faffd4ff14002c915e50266320925ace7e6226ed18cf
7062,7062,0,ecffecff00000000e2fff2ffecff0c00fafffaffceffeeffd4fff4fffeff0e00,04000400faff0c002e00f2ffeaffeaff1400e2ff360054001c000c00ecffdcff,0e00fcff04000400eeff000024000400faff08000c00eeff0000eefff6ff1600,00001000cafff8ff3e00eafff4ff34008eced462c4ec42cd7e4f0cee42915050
7063,7063,0,ecff1a00eeffeeff1000e2ffdcffecffdaffcaffeeffeeffc6fff4ff3e00feff,04000400faffeaff2e00e2fffaff0a00f2ffd2ff26002600faff1c00fcffdcff,dcfffcff040004000000deff24000400280008000c00feff20000000f6ffe6ff,3000eeffdaff46000c00eaff140004002e5090ed50921e51fe62029100ce2863
7064,7064,0,fcff0a002000deff10001000fcfffcffeaff0c000c00feffe4ff12002e002e00,f6ff1400faff0c002e00f2ff0a00dafff2ff1400f8fff8ff1c000c000c00ecff,0e009cff1400f6ff30000000140004000800eaffeeff0c00eeffeeff1600e6ff,0000eeff06000600faff1c001400e4ff34632c91f2cc36634ceeeacdf04f0aee
7065,7065,0,fcfffcffceff0000200000000c002c00eafffaffeeffeeffe4fff4fffefffeff,2400e6ffdaff0c00e2ffd4ff0a000a00f2fff2fff8ff0600eaff0c001c001c00,fcff1e00f6ffe6ff2000000024000400dafffaff1c000c00eeffceff16000600,deff30001600daffeaff1c002400e4ff6cee92cdc84e94ed52915e4f88637291
7066,7066,0,fcff0a000000deff100000000c001c004c00dafffeffe2fe020002003e00feff,f6fff6ff0c000c00f2ff4c00faff0a000400e2fff8ffc8ff0c000c00ecff2c00,ccfffcff1400f6ff1000200014001400ccff08001c00e0ffeeff1000f6fff6ff,ceff58000600daff1c000c000400f4ff5c91184f566340926acd1064c0ee90cd
7067,7067,0,0a00fcffdeff00001000f2ff0c00fcffcafffaff2c000c00e4ff1200feffeeff,14003200fafffaff0000e2ffeaffeaff04002400f8fff8ff2c000c00fcff0c00,fcfffcfff6ff14005200200004001400daffeafffeff0c00eeff0000f6ffe6ff,eeff0000e8ff16002c001c00e4ff5400e2cc546390eef2cbae4efceeb291204f
7068,7068,0,ecfffcffeeffdeff000020001c000c00fafffaffeeff2c003000f4ff0e001e00,e6ffe6fffaffdaff2e00f2ff1a001a0004000400d8ffc8fffaff1c00ecffecff,0e008cfff6ffe6ffdeff0000f4ff1400eaffccff1c000c000000deff06001600,2000eeffcaff5400faffeaff14000400b84edceed692524d2064729100cdc863
7069,7069,0,fcfffcff0000200000000000ecff0c00caff0c001c00eeff02000200eeff0e00,0400f6ff0c00eaff0000d4ffeaff1a001400f2ff160006000c000c001c00fcff,1e000e000400f6ff1000eefff4fff4ffeaffeaffeeff2a00eeff00000600e6ff,1000deff16000600eaff3e000400d4ff6a649c9142cb346420f02acd4a4e90ef
7070,7070,0,fcfffcff0000000020000000fcff0c000c00daff0c000c00300012000e00eeff,f6ff3200eaff0c00d4ff3e000a001a001400f2ff260006001c00faffecffecff,fcfffcff040004001000eeff0400f4ff080018001c001c00000020001600f6ff,deffeefff8ff0600faff1c001400e4ffb2ef1eccc84df0ee82914e4d1864e291
7071,7071,0,2a00fcffeeff10002000f2ff0c00fcfffaffcaff0c002c0012003000feff0e00,e6ffe6fffafffaff00000000faff0a00d2ff1400260046002c000c000c000c00,fcfffcfff6ff14001000100004000400360018000c00feff0000eeffd6ff1600,ceff2000daffe8ff2c002c00f4ff14009c91cc4da464e692eacb406450f0d8cb
7072,7072,0,fcfffcff100000001000e2ff0c00fcffdafffaffeeffe2fe300022000e000e00,1400f6ffeafffaff20003e00eafffafff2ff1400d8ff06001c001c001c000c00,0e00fcff0400f6ff1000eeff1400040008002800fefffeffdeff1000f6fff6ff,10000000acff46001c000c00a4ff4400aecbea6480f06cca5e4d50f1f291da4d
7073,7073,0,dcfffcff000000001000f2ffecff0c00caff1c00eefffeff0200f4ff0e000e00,f6fff6ffeaff0c0020002e000a00faff2400f2fff8ffb8ffeaffeafffcff0c00,0e002e0004001400deffeeff1400140008000800fefffeff20000000f6ff0600,3000deffdaff54000c00c8ff34003400bc4da2f0e692824c40646291f8cac064
7074,7074,0,fcffecff00000000f2fff2ff0c00fcfffaffdaff0c00ceffe4ff02003e000e00,f6fff6fffaffdaff2e002000faffeaff0400f2ffd8fff8fffafffaffecfffcff,0e00fcff04000400deffeeff04001400faffccffeeff2a00deffeefff6ff0600,1000eeff46000600eaff2c0044000400ea64dc919cc9e464b0f148ca304d3af1
7075,7075,0,ecfffcff0000100000002000ecff0c00caffeaff0c000c00e4ff0200feffeeff,f6ffe6ffeafffaff0000e2ff0a000a00e2fff2ff260006000c000c000c00dcff,dcfffcffe6ff04000000eeff0400f4ff18003600eefffeff0000eefff6ff3600,deff00001600baffeaff3e001400040058f2b2c9a44b60f0e2910e4d60650292
7076,7076,0,0a000a00eeff2000e2ff1000ecfffcffeaff0c000c000c0002000200ceff1e00,140024001c001c00e2ff2e00faff0a00f2ff1400c8ff0600faff2c00fcffecff,fcff1e0014001400deffeeff2400240008002800eefffeffceffeefff6fff6ff,eeff20000600e8ff1c002c00040024003692ac4c34652693b4c980657af2ccc9
7077,7077,0,0a000a0000002000f2ff1000fcff1c001c00faffe2feeeff020002000e000e00,04000400faffeafff2ff2e00eafffaff1400f2ff160016001c000c00fcff0c00,ecff1e000400f6ff1000200014000400faff2800eeff0c003000eeffe6ff1600,30001000bafff8ff2c00c8ffe4ff440062c99a656cf1acc85e4c14f24292384c
7078,7078,0,fcff1a0000002000f2fff2fffcffdcfffafffaffe2fe1c000200f4fffeffeeff,f6ff14000c001c00f2ff2e00faff0a000400140006001600faff1c00ecffccff,fcfffcff14001400eeff100014002400ccffdafffeff1c0020000000f6fff6ff,deffdeffcaff16001c00faff0400f4ff384ca8f27493544b00654892bcc98065
7079,7079,0,0a000a00ceffceff100000000c00ecfffaffdaff0c00feff0200f4ff2e002e00,1400e6ff0c00eafff2ff2e000a000a00f2fff2ff360006000c001c00ecfffcff,dcff0e00f6ff1400eeffeeff04003400eaffeafffeff1c0000002000f6fff6ff,0000ceff1600f8ffdafffaff2400e4ff9a65cc913cc8a46534f384c9b84bdaf2
7080,7080,0,ecffdcffeeffeefff2ff20001c00fcff0c00baff0c000c00020002002e000e00,f6fff6ffeaff1c00d4ff2e000a000a001400f2ffe8ff06002c000c000c000c00,1e001e00f6ff22002000100004002400080008000c000c0010000000f6ff1600,beff10005400e8fffaff3e004400e4ff88f392c8944ac2f22692ae4bd0656292
7081,7081,0,fcfffcff200010000000f2fffcfffcff0c00faff0c002c00120012000e002e00,f6fff6ff1c00faff0000e2fffafffafff2ffe2ff2600e8fffaff0c00fcff1c00,fcfffcff220004000000ceff04001400faff28000c00feff2000200006001600,ceff6800f8ffdaff1c001c00c4ff04006692a84b32665693e4c80e6626f482c8
7082,7082,0,2a00fcff100010000000e2fffcfffcfffaff0c000c00fefff4ff0200eeffeeff,e6ff04000c001c0020003e00eafffafff2ff04003600e8ffeaff1c00dcffecff,dcfffcff0400f6ff0000000014000400eaff4600feffeeff0000eeffe6fff6ff,00001000e8ff06002c00faff1400140022c8366622f3bec79e4b76f48292384b
7083,7083,0,fcfffcffceffceffe2ff2000fcffdcfffafffaff2c00feff220012000e00deff,f6fff6ff0c001c00f2ff2e00faff0a0004000400d8fff8ff0c00faff0c00dcff,ecffdcfff6ff1400eeff00001400f4fffafffaffeeffeeff20001000f6ff2600,1000eeffdaff24000c00eaff24002400164b36f47493f4497e66989232c82066
7084,7084,0,ecff1a0000000000f2ff2000fcff0c00faffdaff0c00feffd4fff4fffefffeff,e6ff0400faff1c00e2fff2ff1a00faffe2ffe2ff160006000c00faffecff0c00,1e009cffe6ff1400deffdeff14000400faff0800eefffeffeeff0000e6ff0600,2000deff0600e8ffeaff0c001400e4ff566686923ec73266b6f470c7bc4a36f4
7085,7085,0,ecff1a000000000000000000fcff1c00faffdaff0c000c00f4ff1200eeffeeff,0400e6fffaff1c00f2ff00001a000a000400140036000600eaff2c00ecffccff,fcff0e00f6fff6ff1000deff1400e4fffafffafffeffeeff0000eeff1600f6ff,deff00001600f8ffc8ff2c001400e4ff54f59cc7e449b0f668927e4ba2669292
7086,7086,0,fcfffcff0000eefff2ffc2ff0c00fcfffaffcaffeeffeeff0200b6ffeeffeeff,f6ff0400faffeaff2e002e000a00faffc0ff1400f8ffd8ff0c001c00fcfffcff,dcff0e00140004001000200014000400faffdaff0c00feffeeff0000f6ffe6ff,deff2000f8ffdafffafffafff4ff2400b692d64aa266a49330c7fe666ef592c7
7087,7087,0,0a00fcffeeff1000f2fff2ffdcfffcff0c00faffeeffdeff02000200eeff0e00,f6ffd6fffaff1c00200020000a00daffd2fff2ffe8fff8ff2c000c00dcffecff,fcff0e00f6ff140000001000140044000800fafffeff1c0000001000f6ff2600,10001000daff16003e00faffe4ff14001cc7066730f720c65a4946f5f292dc49
7088,7088,0,1a00fcff00000000f2ff2000fcff0c000c000c00e2fe1c00d4ffd4ff0e000e00,0400f6ff0c00faff3e00f2ffeaff5a00f2ff04000600f8ff4c000c00ecffecff,1e008cffe6fff6ff100020001400f4fffaffeafffeff1c00eeffeeff0600e6ff,30000000caff46000c00eaff040014004c4970f6e4935049de66089320c61267
7089,7089,0,fcff1a00eeffeeff0000f2fffcff0c000c001c00eeff4c0012000200feffeeff,1400f6ff2c001c00f2ffd4ffeafffafff2ff1400f8ff06000c000c00ecffdcff,ccff1e000400e6ff0000000014000400faffeaff0c000c00000000000600f6ff,00001000f8ff0600faff1c00240004000667069370c5b26676f668c64c497ef6
7090,7090,0,fcff0a00eeff0000f2ff1000fcff0c000c00faffeefffeffe4fff4ffeeff0e00,1400f6ffeaff3c00e2ff0000fafffafff2fff2ffe8ffc8fffaff1c00dcff1c00,0e00dcfff6ff04000000000014002400eaff28001c001c00deff300006000600,ceff10001600dafffafffaff1400e4ffd6f74cc61e48bef70893e44742674e93
7091,7091,0,fcff0a00ceff0000f2ff0000ecff0c00fafffaffeeffeeff12000200defffeff,f6fff6ff0c00eaff000000000a00faff040014000600e8fffaff1c000c00ecff,8cfffcfff6fff6ff0000eeff14001400eaffdafffefffeffceff00000600f6ff,beff10001600caff0c000c00e4ff0400d6928c4840676494c8c43e6776f790c5
7092,7092,0,fcfffcffceffdeff1000f2ff1c00fcff0c001c00deffeeffe4fff4fffeff1e00,f6ff1400fafffaff4c0000000a00faffe2ff0400060016002c000c00fcff0c00,1e009cff04000400eeff000024001400280036002a00feffeeff00000600f6ff,20001000f8ff16002c00eaffe4ff140070c576671ef9e2c458486af86e93fc48
7093,7093,0,0a00dcffdeff1000100000000c00ecffdafffaff0c00eefff4ff0200feffeeff,040004000c00faff3e00f2ff0a000a0014000400f8ffe8ff3c002c00ecff0c00,1e00fcff14001400eeff000014002400eaffeaff0c000c000000eeff16000600,30000000caff0600eaffdaff040024003c4866f844946e477e67189320c59267
7094,7094,0,1a00fcffceff0000f2fff2fffcffecfffaff0c00e2fee2fed4ff0200eeff0e00,140014001c002c00200020001a000a00f2ff0400e8ffe8ff0c00eaffecfffcff,fcff8cff140014001000000014000400ccff0800eeff0c00deff0000f6fff6ff,eeffceffe8ff4600eaff0c000400e4ffdc67569392c4f067caf856c3b24778f8
7095,7095,0,fcfffcff20002000f2ff2000ecff0c00fafffaffeefffeff300002000e00eeff,f6ff1400faff1c00f2fff2fffaff0a000400e2ffe8ffe8ff0c000c00ecffacff,fcffecff0400e6ffeeffdeff0400f4ffeafffaffe0ffeeffeeffeeff3600e6ff,deffeeff1600daff0c002c001400e4ffc8f8e0c4ce4686f948937447f2676e93
7096,7096,0,0a00fcffeeffdefff2ff10000c000c00daffeafff2fee2fee4ff4000deffeeff,f6fff6ff1c00faff20003e00fafffaffe2fff2ff0600f8ffeafffafffcfffcff,ecfffcff040014001000420014004400dafffaff0c00eeffdeffdefff6ff0600,ceff20004600daff1c002c00f4ff3400669366470068849446c3a26808f938c4
7097,7097,0,0a00fcff00001000f2ff0000ecfffcfffaff1c001c00e2fef4fff4ffeeff3e00,040024000c00faffd4fff2ffdaff0a0024000400d8fff8fffafffaffacffbcff,0e00fcff1400e6ff0000000024001400eaff2800feff0c002000eefff6ffe6ff,eeff2000e8fff8ff0c00daffe4ff3400dcc33c687afa72c3a4461af9ae936247
7098,7098,0,fcff0a00200010000000f2ffecffecfffaff0c000c000c00f4ff12002e00eeff,f6ff04000c00faff2e000000eafffaff1400f2fff8ff16001c002c00fcffecff,0e00fcfff6ff14002000000014001400eaff3600fefffeff00000000f6fff6ff,2000eeffcaff46001c00eaff34002400b64698f9a49440468268989368c33268
7099,7099,0,0a00ecff0000eefff2ff0000fcfffcff0c000c00eeff2c0012000200eeffdeff,e6fff6fffaff1c002e00f2ff1a00faff1400f2ffe8ffe8ff1c00daffccfffcff,dcffccff0400f6ff1000eeff14000400faffeafffeff0c00deffceffe6ff0600,4800eefff8ffdaff0c000c00240004006c68b69312c300683efa26c3a246e8f9
7100,7100,0,ecfffcffdeffeeff0000e2ffecfffcff1c00caff0c000c00f4ff1200feff0e00,f6ff14000c000c002e002e000a00fafff2fff2ffe8ff06001c00eaffecffecff,8cfffcff040004000000100004000400ccffdafffeff1c0000000000e6ffd6ff,eeffeeff0600f8ffdaff2c00e4ff0400b2fac0c262459afbfa9364459268ee93
7101,7101,0,0a00fcffdeffeeff00000000fcff0c00eafffaffeeff2c00f4ff0200feffceff,f6ff24000c00faffd4ffe2ff0a001a00d2fff2ffe8fff8ffbaff1c000c00dcff,0e000e00040014000000200014001400280008001c00feff00000000f6ff3600,eeff1000160006001c00faffd4ff4400f69386462068449552c1a268e8faccc2
7102,7102,0,2a00fcff000000001000f2ff0c00fcff0c00faffe2feeeffe4ff1200eeffeeff,f6ff1400faff1c0010003e001a001a00f2fff2ff0600e8ff0c004c00ccffccff,fcff0e00f6ff04001000eeff140024000800dafffeff0c000000200016001600,00002000e8ff06002c00faffe4ff1400a6c1ec680afc0ec264458efb2e94b045
7103,7103,0,0a00bcff0000eeff00001000ecffdcfffaffdaff0c00fefff4ff0200feffdeff,f6ffe6ffeaff0c000000e2ff0a00faffd2ffe2fff8ffd8fffaff0c00ccffbcff,1e008cff0400f6ff0000000014000400eaffdaff1c000c000000eefff6ff1600,7800defff8ff16001c00eaff140004009a4552fb24954245b2682a94bcc1dc68
7104,7104,0,fcfffcff00001000f2fff2ff0c000c000c000c001c00e2fe40001200feff1e00,0400f6ff1c00faffe2ffd4fffaff0a001400f2ffd8ff2600fafffafffcffecff,0e000e0004000400deff1000140004002800faff2a001c00eeffdeffe6fff6ff,1000ceffdaff0600faff0c004400c4ffcc68069420c19068f0fbf2c010459afb
7105,7105,0,fcff0a000000000030001000fcff1c000c00faffdefffeff02000200eefffeff,f6ffe6ff0c00faff00000000faffeaffe2fff2fff8ff1600fafffaffecfffcff,fcff0e00f6ff22000000100004003400ccffeaff0c00eeffceffceffd6ffd6ff,deff10004600e8ffeaff2c000400f4ffb4fc56c12245dafc4a9424454c695e94
7106,7106,0,1a002a00eeffeefff2ff10001c00fcfffaff0c00deffeeffd4ffd4ffceffceff,0400d6ff1c00faff3e0020000a00faff2400f2ff0600f8ff0c00eaffdcff0c00,0e00fcff1400f6ffeeff100004001400fafffaff1c000c00000020000600e6ff,ceffeeff1600e8ff2c001c000400040026948a441069649512c132693afc9cc1
7107,7107,0,fcffecffeeff100000001000dcffecffeafffaffe2fedeffe4fff4fffeff0e00,0400e6fffaff0c00e2ff4c000a00eafff2ff0400160016000c00fafffcffecff,fcffecfff6ff1400eeff100014001400faff0800eefffeffdeff100006000600,10000000daff46002c00b8ffd4ff240066c03c6988fdd0c0264490fc9e94b044
7108,7108,0,1a00fcffeeffeeff00002000fcffecff1c00faff0c00f2fe1200e4ffeeff2e00,f6fff6ff0c001c0020002e00faff4a00e2ffd2ff060006000c000c00dcffecff,4e008cff14001400eeff000024002400eafffaff1c001c00eeffdeffe6ff0600,2000deffcaff1600eaffeaff04001400c44394fd949522445269fa944ac07c69
7109,7109,0,ecff1a00ceffeefff2fff2fffcff0c002c00fafff2fe2c00f4ff2200eeffeeff,140004001c001c002e002e000a00faffe2ffe2ff0600f8ff0c00eaffecff0c00,0e00dcff32001400eeff00001400040018000800feff0c00eeff0000f6ffd6ff,0000000006001600fafffaff540014008e698494a0c0226990fd22c0984322fd
7110,7110,0,fcff0a0010000000f2fff2ffecff0c00faff2c00feffe2fe220012000e00ceff,1400f6ff0c000c002e00e2ff0a000a000400f2ff06001600fafffaff1c000c00,0e00fcff0400040020000000240024000800faff0c00eeffdeff1000f6ff0600,eeff10005400dafffaff1c000400f4ff40fe16c0e44286feda940443bc69d694
7111,7111,0,0a00fcff0000eeff20000000fcff2c000c00faffeeffe2fe220002002e001e00,e6ff0400faff0c0010002e001a001a00e2fff2ff1600f8fffaff0c000c001c00,0e00fcff0400f6ff1000200004001400daffccff1c001c00deffeeffe6ffe6ff,ceff3000f8ffdafffaff1c00e4ffd4ffc494f2427269c4956ebfc26922fedabf
7112,7112,0,2a00fcffeeffeeff000000000c00ecffdafffaffeeffe2fef4fff4ffdeff1e00,d6fff6ffeaff2c00e2ff10000a00faff0400f2ff160046001c001c00dcff0c00,1e001e0004001400eeffeeff3400140046000800eefffeffeeff000006001600,10001000daffe8ff2c00daffe4ff440000bf186a16ff90bfb44240ff36950843
7113,7113,0,ecfffcff10000000e2ff1000fcffecff0c000c00eeffeeffe4ff1200eeffeeff,14001400faff0c003e00f2ffeaff0a0014000400060026000c000c00dcffecff,0e001e000400f6ff0000000004001400faffeaff0c00eeffeeffeeff16000600,2000eeffdaff06001c00eaff04001400424260ff24969442366aea942abf0c6a
7114,7114,0,0a00fcffdeffeeff20000000fcff0c000c00faffeeffe2fef4fff4ffbeffeeff,e6ff1400eaffeaff3e00f2ff0a00fafff2ff1400f8ff2600faffeaffdcff1c00,dcff0e00e6ff140000001000140014001800eaff1c001c0020002000f6ff0600,1000deffe8ff0600daff0c005400f4ff286af49492bef66910ff7ebe3c420aff
7115,7115,0,0a000a00eeff1000000010001c000c00fafffaffceffeeffe4fff4fffeffdeff,f6ffe6ff0c000c000000e2ff0a001a00f2fff2ff360036000c00fafffcfffcff,fcffdcfff6fff6ffeeff200014002400dafffafffeff1c00deff000016000600,deff10000600daffdaff1c000400d4ff0800c0bebe41b6ff3a9544423c6a6695
7116,7116,0,0a00fcffbeffdeffd2fff2ff0c002c001c000c00feffeeff12000200eeffdeff,f6fff6ff0c001c00000000000a000a003600e2ff360026000c001c00ecffdcff,0e00fcff1400e6ffeeff0000040014002800eafffeff0c00deff3000f6fff6ff,beff3000f8ffcafffaff0c00e4ff3400c2959841466a34962ebe966adaff82be
7117,7117,0,fcff0a0000000000e2ff1000fcfffcff0c001c00feff1c0002001200feffeeff,f6fff6ff1c000c00f2ff0000fafffaff1400f2ff1600f8ff1c00faffecffecff,fcffdcfff6ff0400deffeeff24000400daff18001c00eeffeeffdeff1600f6ff,10000000f8ff06002c00eaffe4ff4400a4bd386ae40014be004190ff8695ac41
7118,7118,0,fcffecff0000eeff000010000c000c000c003c001c00eeff5e001200eeff0e00,d6fff6fffaff0c002e000000eaffeaff0400040036002600faff0c00dcffecff,fcfffcff14002200eeff0000f4ff0400bcffbcff0c000c000000eeffd6ff0600,3000eeffdaff16000c00c8ff44001400f840880054964e41866a9a9502be8c6a
7119,7119,0,fcfffcff000000000000e2ff0c00fcfffafffaff0c00eeff300030000e00deff,140014001c001c002e00f2ff0a000a001400f2ffd8ff0600faff0c000c003c00,1e00dcff140004000000deff140024002800eafffeff0c00eeffeefff6ff0600,1000deffe8ff5400faff0c004400e4ff986ae29514bd866a26014ebd1c417c00
7120,7120,0,fcfffcff0000defff2ffe2fffcff1c000c000c00fefffeff12001200eeffeeff,1400f6ff0c000c00e2ffe2ff1a00fafff2fff2ff1600f8ff0c000c00ecffdcff,0e002e0004001400eeffeeff140044002800ccff1c00feffeeffeeffe6fff6ff,100000005400cafffaff0c0024000400780124bdbe40d401ba951040c86ad695
7121,7121,0,fcff2a0000001000000010000c000c00faff0c00e2fee2fe02000200fefffeff,d6ff14000c000c00f2fff2ff0a000a00e2fff2ff26001600faff0c00ecffdcff,fcff9cfff6ff40000000eeff04002400daff08000c000c001000eeff16000600,deff3000f8ffbafffaff2c00e4ff24005e964840866a0097cebcd66a9c0132bd
7122,7122,0,0a002a00beff10002000f2ffecfffcfffaffcafffeff1c0030000200feffeeff,040024001c001c002e003e000a00faff04001400f8ffe8ff2c000c00fcffdcff,8cff1e001400f6ff0000000004002400faffeaffeeffeeffeeff10000600f6ff,10002000daff06002c00eaffe4ff2400a4bcc86a060344bd4c3f6a02f695ca3f
7123,7123,0,fcffecff1000000000000000ecff0c00baff0c00eeffeeff12000200defffeff,f6ff24000c000c00e2ff2000faff0a0004000400060026001c000c00fcffecff,0e000e001400140000001000140034000800ccffeeffeeff0000defff6ff0600,0000deffcaff16000c00daff24004400c83f520250977040c66baa955abc386b
7124,7124,0,fcfffcffdeff00000000e2ff0c001c00cafffafffeffe2fef4ff0200feff0e00,0400f6ff0c001c00d4ff20000a000a001400f2fff8ffd8ff0c00fafffcfffcff,ecffdcff04000400000010000400240036002800e0fffeff0000deffe6ff1600,3000deff54000600eaff1c0054000400e86aa09636bca66a9a024cbb3a3f3c02
7125,7125,0,ecfffcffeeff000000001000ecff0c000c00daffeeffeeffe4ff12000e000e00,1400e6ffdafffaff20002e00faff2a000400f2ff2600f8fffaffeaffecff1c00,fcff0e000400e6ff0000100014000400fafffafffeffeeffeeffeeff06000600,deff20001600daffdaff0c0024000400c202febb623f26039a96ac3f486b4696
7126,7126,0,fcff0a00100000000000f2ff0c00fcff0c000c00eeffeeff12000200feffdeff,f6ff14001c00faff2e002000faff0a00e2ff0400160016002c000c00ecfffcff,0e00fcff04001400eeff000014000400daff3600fefffeff20000000f6fff6ff,ceff10001600daff0c000c00e4ff04001097023f266ba0970cbbf66b3803dabb
7127,7127,0,0a00fcffeeffeefff2fff2fffcffecfffaff0c000c00e2fe4000f4ffeeffeeff,f6ffe6ff1c001c002e002000faff1a00f2ffd2ffe8ff2600faffeaff0c00dcff,0e000e0032000400eeff2000f4ff1400eafffaff0c00eeffceffdefff6ff0600,eeff0000f8ff06001c00fafff4ff140090ba286b360416bbbc3ebc03c696823e
7128,7128,0,fcfffcffeeffceff000020001c00ecff0c00caffdeff2c002200f4ffdefffeff,e6ff14000c000c00f2ff2e000a00faff1400f2ff260026000c00faffecff0c00,0e001e001400040000001000f4ff1400eaffeafffeffeeffeeffeeffe6ff1600,3000deffe8ff06001c00c8ff04002400923e62038097923e266cfa96b8ba786b
7129,7129,0,fcfffcff00000000100000000c000c00caffeaffeeffceff0200f4ffeeffeeff,f6fff6fffaff0c00f2ff20000a000a000400f2ff260016000c000c002c00fcff,0e000e00f6ff1400eeff100024002400eaff08000c00eeffdeffeeff0600f6ff,0000deffe8ff4600eaff1c0054001400186b2097f6ba166b4c04ecbaf23de803
7130,7130,0,bcfffcff1000eeffe2ffe2fffcfffcffeafffafffeffe2fe02000200deff0e00,1400f6fffaff0c000000f2ff0a000a001400f2ff16003600faff0c00dcff2c00,fcfffcff040004000000000024002400daffccffeeffeeff0000deff06000600,eeff10002400daff0c002c005400f4ff6805a0baa43dc604da96ac3dc86bf696
7131,7131,0,ecfffcff0000200010000000fcff0c00faffeaffceffeeff2200f4fffefffeff,e6ff0400faff0c00200000001a000a00f2ffe2ff3600f8ff1c00eaffccffecff,0e00dcfff6ff1400300010000400f4ffeaffdaff0c000c001000eeff06000600,eeff48001600bafffaff1c00140044008097963d766b0098b8b9066c600558ba
7132,7132,0,ecffecffdeffeefff2fff2ff0c000c000c00faff1c000c00f4ff1200feff0e00,f6ff1400eafffaff20002e001a00faffe2fff2ff46000600faff0c000c00ecff,fcff0e00040004001000000014002400faffbcfffeffeeff1000eeff16000600,20003000bafff8ff1c00eaffe4ff240086b9686ba605d0b9dc3dac051e97423d
7133,7133,0,0a00fcffeeffeefff2ff00001c002c00fafffaff0c00feffe4ff30002e000e00,040014000c00eaff2000f2ff0a00faffe2fff2fff8ff9aff0c002c00fcfffcff,9cfffcff140014002000000024000400daff0800feff0c00eeffdeff06000600,2000eeffe8ff1600faffeaff04004400f63c24061098563d666c0a97d8b9d86b
7134,7134,0,fcffecff0000deff200000000c00fcfffafffaff0c00feff12001200fefffeff,0400d6ff0c00eaff2e00f2ffdaffeaff040004003600f8ff0c000c00dcfffcff,0e000e001400140000001000540034000800eafffeffeeff0000000006002600,2000eefff8ff1600daffeaff4400f4ffa86ba097d0b9f66b7c05c8b85a3cd005
7135,7135,0,fcfffcff0000000010001000fcff0c00faff0c000c000c000200d4fffeff0e00,e6ff0400faff0c001000d4fffaffdaff2400f2ff160016000c00cafffcffecff,1e001e00f6ff1400200000000400f4ff0800dafffefffeff0000100016000600,000000000600dafffaff2c0044000400a40606b9963c92069a971c3d286cae97
7136,7136,0,1a000a0000002000f2ff00001c001c000c00faffeefffefff4ff3000fefffeff,f6fff6ff0c00fafff2ff2e000a000a000400f2ff260006001c002c001c00ecff,0e000e00f6fff6ffeeff200014000400faff1800feff0c00ceff200006002600,eeff2000f8ffdaffeaff1c00240044004698d03b266c8098b8b8c66ca006f8b8
7137,7137,0,1a000a00deffeefff2ff1000ecfffcfffaff0c00e2fe1c00d4fff4ff2e000e00,040024001c00fafff2ffe2ff0a000a002400040026000600eaff0c00fcffccff,dcff1e000400f6ff0000000004001400faffccff0c00feff0000deff16001600,0000eeffdafff8ff0c00c8ffe4ff640066b8d86b5207bab88a3b0a070e98da3b
7138,7138,0,ecffecff0000defff2ff1000dcff1c000c00eaffe2fefeff0200e4ffeefffeff,f6ff04000c001c00f2fff2fffaff0a00e2ff04000600f8fffaff0c00fcffdcff,1e000e000400e6ffceffdefff4fff4ff0800eaff0c00eeff2000000006000600,1000defff8ff16000c00eaff24002400703bfc070099d63be66cca97f6b7806c
7139,7139,0,0a000a00eeffdeffe2ff0000dcff0c001c00caffeeff0c00f4ff0200feff0e00,14001400eaff1c00e2ff2e001a00fafff2fff2ff1600d8ff0c001c003c00fcff,fcff1e00e6ff04000000ceff140004004600eafffefffeffeeff100006003600,1000deff0600f8ffeafffaff3400f4ffda6c46984ab8966bba0778b82a3b3008
7140,7140,0,1a000a00deffeefff2ff20000c00fcffdaffeaffdefffeff020002001e000e00,d6fff6ffeafffaff2e002e00faffeafff2ff2400f8ff0600faff0c001c00fcff,1e00ecff14000400eeff100024000400280008002a00feff0000eeff36003600,deff10001600f8ffeafffaff34000400ac0816b8363b72074e989a3ab06c8098
7141,7141,0,ecffecffeeff1000000000000c00fcffeaff0c00eeff0c0002000200feffeeff,e6fff6ffeaffeaff2e00f2fffafffafff2fff2fff8ff16000c00faff1c00fcff,0e00fcff140004000000eeff14001400daffccff2a00feff00000000f6ff1600,deff40000600caff0c000c00240014009698723a466c4e9934b7a66c9208c6b7
7142,7142,0,ecfffcff000000002000e2ffdcfffcfffaff1c00e2feceff3000d4fffefffeff,d6ff2400eafffaff2e00e2ffeaff4a0004002400d8ffe8ff0c001c00dcffbcff,fcffecff0400f6ff200000001400f4fffaff18001c00feff0000eeff0600e6ff,000000000600f8ff1c00faff0400540000b7ea6c0009eab71a3ace08a0987e3a
7143,7143,0,fcff0a002000deff000010000c00ecff1c00dafffefffeff0200f4ffeeff0e00,1400e6ff1c00eaffe2ff20001a000a00f2ff0400060036000c00faff1c000c00,fcfffcff14002200eeffeeff0400040008002800feff1c00eeff1000d6ff0600,1000deffdaff16000c00b8ff1400f4ff68392c093099783ae66cda9706b7c06c
7144,7144,0,fcfffcff00000000f2fff2fffcff1c00fafffaff2c002c00f4ff02000e00feff,14000400fafffaff20004c000a001a00f2ff1400e8ff06003c002c00fcffecff,dcff0e00e6ff14002000eeff0400f4ffeaffeaff2a000c00deff0000d6fff6ff,1000eeff16001600c8ff0c004400e4ff3a6d06997ab7a46c020a02b688393209
7145,7145,0,fcff0a00000000002000f2fffcfffcff0c00caffe2feeeff020002002e003e00,f6fff6fffafffafff2ff2e000a000a001400e2fff8fff8ff0c002c00fcfffcff,ecffecff1400e6ff0000eeff1400f4ffeafffaffeeff0c000000ceff0600f6ff,deff10001600daffeaff2c003400f4ff060ab0b6523990098e982a3a106dc098
7146,7146,0,fcfffcff00003000f2ff0000fcff1c000c00faffeeffeeffe4ffe4ff0e000e00,0400f6ff0c00eafff2ff4c00faffeaff1400140036000600faff1c00fcffccff,ecfffcff3200d8ffeeffeefff4ff0400eaff0800fefffeffdeff000006000600,deff3000f8ffdafffaff0c00f4ff140036995839c46c7e9922b6566dd2098eb6
7147,7147,0,fcfffcffeeff10002000e2ffdcfffcfffaffcaffeefffeff02000200feff2e00,04000400eafffafff2ff00001a000a00e2ff0400060006002c000c00dcff2c00,fcfffcff040004003000eeff24001400eaff1800eefffeffeeff00002600f6ff,00001000f8ff06000c00faffe4ff140030b65a6dc80aeab6f6389e094099d838
7148,7148,0,0a00dcff0000eeff000020000c00fcfffaffdaff0c00feffe4ff0200fefffeff,14000400faff0c003e00f2ff0a000a0004001400d8ff06001c000c00bcff1c00,0e008cfff6fff6ff1000100014001400eaffdaffeefffeff1000eeff0600f6ff,4000deffcaff16000c00eaff340004003838d60ace996239666d7e99aeb5306d
7149,7149,0,fcff1a0010000000f2ffe2ffecff0c00faffcaffeeff0c00f4ff02000e00feff,0400e6ff0c00faffe2ffc4fffaff0a00f2fff2fff8ff06000c000c00ccffdcff,fcff0e001400f6ffeeff200024002400eaff0800feff1c00000000000600f6ff,eeffceffe8ff0600dafffaff3400f4ff6a6db699deb5f46cf20af2b40638c20a
7150,7150,0,bcff0a00100000001000f2fffcfffcfffafffaff0c00defff4ff0200fefffeff,04000400fafffaff2e003e00daff0a00f2ffe2ffe8ff06000c000c00fcfffcff,dcfffcfff6ff1400eeff000024001400eaffdafffeffe0ff0000eeff06000600,deffeeff4600f8ffb8ff0c004400e4ff1e0c54b57238380b9e995237606db099
7151,7151,0,fcffdcff000000000000e2ff0c000c00faffcafffeff2c0012001200feffdeff,1400f6ff0c00faff20002e00fafffaff14000400f8fff8ff0c00eafffcffdcff,8cffdcfff6ff04001000000004000400daffdaff0c000c00deff00001600d6ff,ceff1000f8ffbaff1c000c00f4ff2400d6991838246d1e9a82b4566d260c8eb5
7152,7152,0,fcfffcff00000000f2ff00000c00dcffdafffaffeeff0c000200d4ff0e003e00,040014000c00fafff2fff2ff0a00eafff2ff14000600e8ff0c00fafffcfffcff,0e003e000400040010000000140014000800faffeefffeff00000000f6ff1600,20003000e8ff06002c00fafff4ff4400c4b48a6de60b8eb52237f20cf0992637
7153,7153,0,fcfffcffeeff0000f2fff2ff1c00fcff0c00fafff2feeefff4ff2200deff2e00,f6ff04001c00faffe2ff2e00eaff1a00f2ffe2ffe8ff3600faff0c00ecffccff,fcffecff140014000000eeff04001400180008000c00feff000000000600f6ff,1000deffdaff06002c00c8ff240034000237820d4e9acc37666d7e9920b4a06d
7154,7154,0,0a001a000000eeff10000000fcfffcff1c000c000c000c00d4ff1200ceffeeff,f6fff6fffaff0c00f2ff4c00eaffcaffe2fff2ffd8ffd8ff1c000c000c00fcff,9cffdcff22000400eeffeeff04000400daff0800feff0c00deffcefff6ff1600,1000deff06000600dafffaff24000400266e709a6eb4046d320d60b32e361e0d
7155,7155,0,fcff0a000000100010001000fcffecff0c000c00c2feceff1200e4fffeff2e00,e6fff6ff1c000c00e2ff2e00faff1a00d2ff1400060026001c00eaffecff0c00,fcff1e001400f6ffeeff200014000400eaff28000c000c00eeffdefff6ffe6ff,deff1000f8fff8ffdaff2c002400e4ffb20d96b34e37060d529ab236d06d109a
7156,7156,0,ecfffcffeeff00001000f2ff0c00ecffdafffaff1c00e2fe0200d4ff2e00feff,040014000c00fafff2ff4c00eaff0a001400f2ffd8ff06001c000c00fcfffcff,dcfffcffe6ff1400deff000014003400daffdafffeff0c00eeffeefff6fff6ff,eeff20001600caff1c001c0004001400609ac635246d6e9af2b3086eae0df0b3
7157,7157,0,bcff0a000000eefff2fff2ff1c001c000c001c002c001c0002000200eefffeff,04000400eafffaffd4fff2ffeaff1a001400f2ffb8ff3600fafffaffecffecff,fcfffcff0400f6ffeeff100004000400faff0800feff0c00100000000600e6ff,deff1000daff1600faffc8ffe4ff240046b3266e740f2eb4f235320db09a2e36
7158,7158,0,0a00fcff00000000e2fff2fffcff0c00cafffaff0c00feff22001200deff1e00,f6ff1400faff1c00e2ffe2ffeaff0a00e2fff2ffd8ff06000c000c00dcff0c00,fcffecfff6ff04001000200004001400fafffaff0c000c001000eeff06000600,1000eefff8ff16001c00eaff240024008635ce0e0c9bde35e86d929a50b3e06d
7159,7159,0,fcfffcffeeff00001000f2ff1c000c00fafffaffeeff1c00f4ff1200fefffeff,0400e6ff1c000c003e00f2ff0a00fafff2ffd2ff160006002c00fafffcffdcff,1e00ecff0400d8ff1000000024002400daffeafffeff1c0020002000f6ff0600,1000deff16001600faff0c0054000400466e309b90b3146dc20e00b3ee34d80e
7160,7160,0,ecfffcff0000eeff10001000dcff0c00fafffaffdeff1c00f4ff4000feff2e00,f6ffe6ff0c00fafff2ff20000a000a00f2ff04000600f8ff3c000c00fcfffcff,fcfffcfff6ff140000000000140024000800dafffeff0c00deff10000600f6ff,deff10000600daffeaff0c001400e4ff0e0f76b28e35ba10d29af234f06dc09a
7161,7161,0,ecff0a0020000000f2fff2fffcff1c00eaff0c001c000c001200e4fffeffeeff,0400f6ff0c00eaff2e00f2ffdafffaffe2fff2fff8ff26002c002c00ecfffcff,1e009cff040004001000100004000400daffdaff1c000c00deffeeff06001600,ceff0000e8ffdafffaff1c0014003400209bc634646dbc9b20b2586ec80fb4b2
7162,7162,0,fcfffcff100000000000e2fffcffecfffafffaffeefffeff0200f4ff2e002e00,140014001c00faff100010001a000a00e2fff2ffb8fff8ffeafffaffecff2c00,fcffecfff6ff04000000eeff24000400dafffafffefffeffdeff100026000600,eeff1000f8fff8ff1c00faff0400440046b2666e4a1100b1f2345610309b6634
7163,7163,0,fcfffcffeeffeeffe2ff0000ecffecfffafffaff0c000c00f4fff4ff2e002e00,f6ff04000c00eaff0000e2ff1a000a00e2ffe2ff260026001c000c00dcff1c00,1e00dcff220014001000eeff04000400eaffccfffefffeff0000eefff6ffe6ff,20000000caff46000c00faff1400f4ff643426100c9cd034486e029b74b2206e
7164,7164,0,ecfffcff100000000000e2ff2c00fcfffaffdaff1c00eefff4ff12000e00deff,f6fff6ff0c001c00f2fff2ffeaff1a00e2fff2ffe8ffd8ff2c003c00fcfffcff,1e009cffe6ff1400eeff1000040014002800fafffeff2a0010000000e6ff0600,1000cefff8ff0600fafffaff2400f4ff866e509b3cb0746d56101cb1e6339810
7165,7165,0,fcff0a00000010002000e2ffecff0c00eafffaff2c01eeff40000200deff2e00,04000400fafffaffe2fff2fffafffaff0400f2fff8fff8fffafffafffcffdcff,3e009cfff6ff04001000000004001400acfffafffeffeeff1000eeff06001600,deffeeff0600daffeaff2c001400f4ff36115cb140347e12729ba234206e909b
7166,7166,0,fcffecffeeffeeff0000f2ff0c00ecff0c00daffeeffeeff300012003e00ceff,14001400faff0c00f2ff4c000a000a00d2ffd2ffe8ff0600eaff1c00dcff0c00,2e009cff140004001000eeff1400d4ffdaff08000c00feff000010001600f6ff,aeff48000600baff1c001c0004001400109cf832746d4a9c1cb1786e221154b1
7167,7167,0,fcffecff1000000010000000fcfffcffdaffdaffdeff0c00f4fff4ff2e000e00,24000400faffeaffe2ff2e00faffeafff2fff2ff260006000c00faff2c00ecff,dcffecff14002200eeff0000f4ff1400fafffaff1c00feff3000eeff0600f6ff,eeff2000daff16001c00daff04001400acb0866e2e13e4aff0325610229cf632
7168,7168,0,1a000a00eeff0000e2fff2ff1c000c00daffcafffeffeeffd4ff02001e000e00,0400e6ff0c00eafff2fff2ff0a000a00f2fff2ff060006000c002c00ecfffcff,0e00dcff0400f6ff0000300014001400faff46000c000c000000200006000600,30000000baff5400eaffdaff140044009e318611ea9c7033886e449c9ab0706e
7169,7169,0,fcff0a000000eeffe2fff2ff0c001c000c00caffeeff0c003000d4ff0e00feff,0400e6ff0c001c00f2fff2ff0a00fafff2fff2ffe8ff36000c000c001c001c00,1e00dcff140014000000eeff0400f4ffdaffeaff0c000c000000000006000600,3000cefff8ffe8ffeaff1c005400e4ff966e209c24aff26d7611bcb0fa31c211
7170,7170,0,fcfffcffeeffeefff2fff2fffcfffcffdafffaff0c00deff30000200feff0e00,e6fff6ff0c001c000000e2ff6a00faffe2ff04000600e8ff0c000c00fcff2c00,fcff0e00f6ff04000000100004000400eaff3600feff0c002000200006001600,ceff1000dafff8fffaff2c000400f4ffd0124cb060324e14649c0c31806e929c
7171,7171,0,ecfffcff0000eeff2000e2ff1c001c00faff1c00eefffeff12000200feffeeff,e6fff6ff0c00eafff2ff00000a00eaffe2ff0400740026000c002c002c00ecff,1e001e00220014000000deff140014001800faff0c00feffeeffdefff6ffe6ff,ceff68001600baff0c000c00f4ff0400329d0e316a6e2a9db8af886ea2122ab0
7172,7172,0,1a00fcffeeffeefff2ff00001c00fcffdafffaffeeffeefff4fff4fffeff0e00,040004000c001c00e2ff3e001a00faffe2ffe2ff3600e8ff0c00faffccffecff,1e00fcff040014000000000024001400ccff18001c00feff0000000006000600,00000000e8fff8ff2c00faffc4ff44001cb0e66e3c1546ae1c316a13fa9c7431
7173,7173,0,fcfffcff1000100020001000fcffdcff1c00dafffefffeffe4ffe4ffeefffeff,d6fff6ff1c00fafff2ff2e000a00faffd2fff2ff060006000c002c00fcff2c00,fcfffcfff6ff0400eeff20001400040018002800feff0c0000000000f6ff0600,1000eeffe8ff16000c00daff04002400ce306013aa9d5032686ea49c30afb86e
7174,7174,0,fcfffcffeeffeeff00001000ecfffcff1c001c000c00cefff4ff0200feff0e00,d6ff1400faff1c00f2ff2e00faff1a00f2ffd2ff060054003c000c001c000c00,fcff1e00040004000000eeff1400f4fffaff28000c001c00beffdefff6fff6ff,0000defff8ff0600daff0c002400f4ffc66e629de6ad7a6e1a1308afc4308e13
7175,7175,0,fcff2a000000deff000000000c000c000c00faffeefffeff0200e4ffeeff0e00,f6ffe6ff0c00faffd4ff00000a00fafff2ff0400d8ffe8ff1c001c001c001c00,0e001e00040014001000deff04000400eafffafffeff0c00eeff0000f6fff6ff,000000004600f8ffdaff0c0034000400d01306af9c31ec14449d4c30d86e7a9d
7176,7176,0,fcffecffeeffeeff00001000fcff0c00fafffaff1c001c00120012000e001e00,f6ffe6fffafffaff10002e000a000a00f2ff1400f8ff1600faffeaff1c002c00,dcfffcff140004000000000014001400faffdafffeff0c00eeff2000f6fff6ff,000040000600cafffaff2c00d4ff1400d29d1e308a6e2a9eb8ae286f4e14a8ae
7177,7177,0,ecfffcff0000eeff0000f2ffecff1c00daff0c00eeff1c00e4fff4fffefffeff,f6ff1400faff0c00f2ffe2fffaff0a00e2ff1400360016000c001c001c000c00,1e001e00040014000000100004000400eaffeafffeffeeff1000eeffe6fff6ff,deff3000dafff8ff4e00daffd4ff2400e6aef66edc1528ad2c30d814da9d0a30
7178,7178,0,fcfffcff1000deffe2ff0000fcffecff2c000c00ceffdeff0200f4ff2e000e00,140024000c000c002e00f2ff1a00fafff2fff2fff8ff16001c000c001c000c00,0e000e000400040000002000f4fff4ffeafffaff0c00feff000020000600f6ff,1000eeffdaff06001c00dafff4ff1400182f9c15da9dcc30f86eb89e58ae426f
7179,7179,0,fcfffcffdeffeeff00000000fcfffcff0c00daffeeff2c00d4ffe4fffeff1e00,f6ff14000c00fafff2fff2ff0a00eafff2ff140016001600faffeaffecff0c00,0e009cff0400040000002000f4ff04002800eafffeff2a002000100006000600,0000cefff8fff8fffaff0c001400f4ff266f709eb8acaa6ef81588ae002f4615
7180,7180,0,1a000a00eeff0000e2ff1000fcfffcfffaffdaffeeff0c00f4ffd4fffeff0e00,e6fff6ffeaff0c00e2ff2e000a00faff04001400460046000c001c000c00dcff,fcfffcff14000400ceffeefff4ff04000800daff0c000c00eeff30000600f6ff,eeffeeff1600e8ffb8fffaff0400f4ff481636ae1630fa16b49d242e326f2a9e
7181,7181,0,fcff0a000000eefff2ff10000c00fcfffafffaffdeff2c0012001200eeff3e00,f6fff6ff2c00faff20004c004a00faff1400f2fff8ff06002c00faff2c001c00,fcff0e00f6ff0400eeffeeff14000400eafffaff1c000c002000000016000600,ceff4800f8ffcafffaff3e0004004400d09e882eda6ee89e68ad286f761698ad
7182,7182,0,0a00fcffdeffdeff0000f2fffcffecffeaff0c000c00deffc6ff0200feff0e00,0400e6fffafffaff200020000a00eaffe2fff2ffb8ffd8ff0c000c00ecffecff,fcff2e00f6ff0400deff000014001400daff0800fefffeffeeff30001600f6ff,deff1000dafff8ff1c00daffd4ff04006aad266f5a1738ac542d88176a9ef82d
7183,7183,0,ecfffcff0000ceffd2ff10000c00ecffdaff2c00eeffeeffd4ffd4fffeff1e00,e6ff04000c00faff2e00f2ffeaff0a00040004004600f8ffeaff0c000c001c00,9cffdcff0400f6ff0000000014002400eaffeaff0c000c00eeff000006000600,5800eefff8ff16000c00eafff4ff34006c2dfa16089fd82e286f389f08ad426f
7184,7184,0,ecff1a001000cefff2ff10000c00ecffcaff1c000c00eeffd4ffe4ffeeff2e00,0400f6fffaff1c004c00f2ffeafffaffd2fff2ff060006000c000c00fcff1c00,fcfffcfff6fff6ff1000deff2400d4fffafffaff0c00feff2000deff0600f6ff,1000deff0600f8ffeafffaff3400e4ff466f309fa8abba6e881788ac282d5e17
7185,7185,0,fcff0a00eeffeeff0000f2ffecff0c00faffdaffdefffeffc6fff4ffeeff0e00,f6fff6ffeaffeafff2ff20000a00eaff36001400d8ff16000c000c00fcff0c00,0e000e0014000400100000000400f4ff2800dafffeff0c000000000006000600,eeff00005400caffeaff0c000400d4ff1018f8ac782e6818c89f242d526f329f
7186,7186,0,ecffecff00000000f2fff2ff0c000c00fafffaff1c000c00f4ffe4ffeefffeff,e6ff14000c00eaff20002e000a000a001400f2ff1600f8ff1c001c00ccffccff,2e000e00f6ff0400eeffeeff1400e4fffafffaff0c000c00eeff2000f6ffe6ff,deff6800f8ffcaff0c000c00d4ff040006a0ea2c9a6e189fc8ac586fee1710ac
7187,7187,0,ecffdcff0000eeffe2ff00000c00ecfffafffaff1c000c00c6ff0200feff1e00,0400f6fffaff0c00e2ffe2fffaff1a00d2ff0400f8ff46001c000c00fcffdcff,ecff0e00f6fff6ffeeffeeff14001400eafffaff0c00feffdeff0000f6ffe6ff,10001000f8fff8ff1c00eaffe4ff240088ac366f2019f0aa442c4c18629f982c
7188,7188,0,0a00ecff10000000f2ff00002c000c000c00faffdefffeffe4ff0200eeff2e00,f6ff14001c000c00e2ff3e00eaff5a00f2ff0400e8fff8ff0c000c00fcfffcff,0e000e0014001400deffeeff04001400ccffdaff1c00feff0000000016002600,10000000daff1600faffdaff24003400262c0019969fd82d586fcca0b0ab926f
7189,7189,0,ecffecff10000000100000001c00fcfffafffaff1c00defff4ffd4ff0e000e00,04001400daff0c003e003e001a00eafff2fff2ff64002600faff0c00ecfffcff,9cff0e00f6fff6ffeeff000024002400faffeaff0c000c000000deff06001600,2000eeff06001600eaff1c003400e4ff666f46a072aada6e1c1968ace02bf018
7190,7190,0,ecfffcff00000000f2ff0000ccff0c00fafffafffeffe2fef4ffe4ff1e000e00,040014000c000c00f2fff2ff1a00faff0400f2fff8ff0600faff0c00fcfffcff,fcff0e00f6ff1400deffeefff4ff04000800faff2a00feffeeff0000e6ff0600,eeff00004600f8ffdaff1c003400d4ff7019b4ab882d161aaca0242a926fd29f
7191,7191,0,fcff0a00eeff1000e2fff2fffcffdcffcafffaff2c000c00c6fff4ff3e000e00,040004001c000c00e2fff2ff0a000a001400f2ff260036000c00faffccffdcff,0e000e00f6ff04000000000004000400eafffaff1c000c00eeffeeffd6ffe6ff,ceff30000600cafffaff0c00e4ff240076a0862bea6eb69fe8ab886fe01970ab
7192,7192,0,1a000a00eeff1000e2ff00000c00fcffbafffaff02ffe2fed4ff0200feffeeff,140004001c000c0000000000faff0a00f2fff2ffd8ff0600faff0c001c000c00,9cfffcff040004002000100014000400ccff0800fefffeffeeffeefff6ffd6ff,10001000f8ff06002c00faffe4ff1400e4aa766f041bd2a9842ac01ab4a0002b
7193,7193,0,ecffecff0000eeff0000f2ffecff0c000c00daffeeff1c000200f4ff0e00feff,f6ff04000c000c00e2ff2e00eaff0a000400e2ff2600e8ff1c00eaff1c00dcff,0e001e0014001400eeffeeff140014003600faff1c001c00eeffdeff0600d6ff,2000deffdaff64002c00faff240014000e2a7a1ab6a0882d786fcca0b4aaa26f
7194,7194,0,fcffbcffeeffeefff2fff2fffcffecff1c00caffeeff0c00e4fff4ffeeff2e00,24000400eaff1c00000000000a000a000400040026000600fafffaff0c001c00,1e009cff22001400deff1000f4ff14002800faff0c000c00eeffdefff6ffe6ff,2000defff8ffe8fffafffaff04000400cc6ff6a052a9fa6e801a36aa242a901a
7195,7195,0,fcfffcff000000001000f2ff0c00dcfffaffcaffe2fee2fec6ffe4ff0e00feff,f6ff0400eafffaff3e00d4fffaff0a00f2ff3600260026002c000c00ecffecff,0e001e0014000400eeff000044002400fafffafffeff0c00eeff00000600e6ff,000000005400dafffaff2c003400d4ff5a1b64aa882db41b8ca1b029b26fd4a0
7196,7196,0,0a00ecffeeff0000e2ff10000c00ecffdaffdafffeff0c00c6ffd4ff0e000e00,04002400faff1c00e2ff2000faffeafff2fff2ffd8ff26004c001c00dcff0c00,8cfffcff220004000000deff14001400bcffdaff1c000c000000defff6fff6ff,deff20004600dafffaff1c00f4ff040066a1d428ea6ef6a036aa886fa21b04aa
7197,7197,0,fcffecff00000000000010000c00fcff0c00faff2c012c00020002002e002e00,f6fff6fffafffaffe2fff2ffdaff0a0014003600d8ff06002c002c000c00fcff,0e001e000400f6ff10002000140014001800eaff0c00eeffeeff10000600f6ff,00001000daff06001c00eaff040044009aa9bc6f841cf2a8d028401b44a17429
7198,7198,0,fcffbcff0000000010000000ecff0c00caff0c00deffeefff4ffe4ff0e000e00,e6ff14000c00faff00000000eafffaff04003600f8fff8ff0c000c000c00ecff,1e000e0022001400eeff0000f4ff1400080008000c001c00000000000600f6ff,1000deffdaff16001c00c8ff140034006428bc1c76a15c28986f70a2d4a9c26f
7199,7199,0,bcff0a0000000000f2ff0000fcfffcffcafffaff3c001c00d4ff02002e00eeff,0400e6fffaff0c00e2fff2ffeafffaff140014000600d8ff2c001c00ecff0c00,fcff0e001400f6ffeeffdeff1400040008002800eeff0c00deffdeff06000600,3000defff8ff0600faff0c0024001400cc6fa6a132a84a6f921cb2a98a28a21b
7200,7200,0,0a000a00100000000000f2ffecffecff2c00caff0c000c000200e4ff0e002e00,040014000c00faff4c00d4ff0a00eaff0400f2ffe8ff0600faff0c00dcffdcff,0e009cff140004002000eeff14001400eaff0800feff1c000000eeff1600c6ff,eeffeeff16000600faff0c001400e4ffec1c4aa90c27a21d90a26c27c26fa4a1
7201,7201,0,2a00bcffeeff10000000f2ff1c000c00daffcaffeeff0c00f4ffe4fffeff1e00,f6ff1400faffeaffe2ff20000a001a00f2fff2ffd8ffd8fffaff0c000c00dcff,0e00fcfff6fff6ffeeffceff0400f4ff180008002a000c00deffeeff0600f6ff,000010004600cafffaff1c000400440070a2c427fa6e06a212a9a86fea1c64a9
7202,7202,0,fcffecffeeffeefff2ff0000ecff2c00faff1c000c001c00e4fff4ff1e000e00,04002400fafffaffe2ff0000eaffeafff2ff0400f8ff1600eaffcaffecfffcff,dcfffcfff6ff0400eeff1000040044000800faff2a00feffeeffcefff6ffe6ff,10006800caffdaff0c00eafff4ff4400baa8dc6f401e12a84c27221e54a2da27
7203,7203,0,1a00fcff00000000e2ffe2ffecffecffdafffaffeeff1c00d4ffd4fffefffeff,04000400fafffaffe2ff2e00faff0a00f2ff2400f8ffc8ff1c00fafffcfffcff,dcffdcff040004001000deff24001400faffeaff1c001c0000001000f6fff6ff,68000000cafff8fffaffeaff340014007e268a1e34a26c26786fc0a25aa8e26f
7204,7204,0,fcff1a0010001000f2ff1000ecfffcfffafffafffeff0c00e4ffd4fffefffeff,1400e6ffeaff0c00d4ff2e00eaffeaffe2fff2ff0600f8ff0c000c00fcff0c00,9cff0e000400f6ff1000100004002400daffeaff0c001c0010000000e6fff6ff,1000aefff8ff1600faff0c001400d4ffdc6fa0a264a73a6fb21e42a80a27ca1d
7205,7205,0,fcff0a00eeff00001000f2fffcff1c001c00baffeeffe2fee4ffc6fffefffeff,04000400faffeaff20002000eaff1a00040004001600f8ff0c000c00fcff0c00,1e00fcfff6ff04001000100024001400daff08000c00feffdeffeeff06001600,0000eeff1600caffdaff2c002400e4ffba1e5aa8e025201f00a3cc26d26f84a2
7206,7206,0,fcffecff200010000000d2fffcffecfffaff1c000c00eeffe4ffc6ff0e001e00,04000400eaffdaff2e00f2ff1a000a0014000400e8fff8ff1c002c001c001c00,ecff1e0004001400deffeeff040014000800faff0c001c00ceffeefff6ff0600,deff10001600cafffaff0c00f4ff1400e0a24e262a6fd4a2dea7a86fe21e6aa8
7207,7207,0,dcffecffeeff0000e2ffe2ffecffecfffaffeafffefffeff0200e4fffeff0e00,1400f6ff1c000c00e2ffe2ffeafffaff0400f2ff06001600eaff1c00ecfffcff,fcfffcff1400f6ffdeffeeff14000400faff18000c001c00deffdeff0600f6ff,00003000f8ff06001c00faffd4ff140074a7dc6f601ff4a6fc25d21e40a3a825
7208,7208,0,ecfffcff0000000000000000dcffecffeaff0c00eeff0c00d4ffd4ffeeff0e00,e6ffe6ff0c001c00e2ff00000a00eaff1400e2ffe8ff26001c000c001c001c00,0e00dcff040004000000000024002400fafffaff0c00eeff00000000f6ff1600,1000ceffdaff16003e00faff0400040050255a1f44a31025e86f22a460a7f26f
7209,7209,0,0a000a0000000000f2ff0000fcffecffdafffaff0c001c00c6ff12002e00feff,f6ffd6fffafffafff2ff0000eafffaff0400f2ffd8ff06000c000c00ecff1c00,1e008cfff6ff14000000eefff4ff0400280008000c00feff00001000f6fff6ff,1000defff8ff0600faff1c002400f4ff1c7070a386a6ea6e26206ea79825a21f
7210,7210,0,fcfffcff1000eeff0000e2ffecff0c000c000c00e2feeeffc6ffc6fffeffeeff,f6fff6ff2c00faff200020000a00faff0400f2ff360006000c000c00fcff0c00,9cfffcffe6ff1400eeff000014001400daff18000c00eeffeeff10000600f6ff,beff00001600caffdaff0c00040004006020f4a640245e2022a4cc230270d0a3
7211,7211,0,1a00fcff1000200010000000ecfffcffdafffaffeeff0c00d4fff4ff0e00ceff,040004000c001c00f2ffd4ff0a00faff1400e2ff3600f8fffaff0c000c00fcff,0e000e00040004001000defff4ff0400180008000c001c002000eeff0600e6ff,ceff30004600dafffaff2c00f4ff2400e0a3b0245a6fb8a33ea7c86f9420b8a6
7212,7212,0,ecff0a000000eeff00001000fcff0c00fafffaffe2feeeffc6ffc6ffeefffeff,140004000c000c003e00f2fffaffeafff2ffd2ffe8ff26001c00faffdcff1c00,fcffecff0400f6ff3000deff04000400daff18000c00feffeeff1000e6fff6ff,eeffeeffdaffdaff1c00faff04002400a4a61c70ee2016a6dc23162170a49824
7213,7213,0,2a000a00eeffceff0000f2ff1c00fcffcafffaffeefffeff0200d4ffeeff0e00,f6ffe6fffafffaff3e00f2ff1a00fafff2fff2ffe8fff8fffafffafffcffdcff,fcff0e001400e6ff2000eeff0400040036000800feff0c00eeffceff06000600,2000eeffcaff16001c00faff140024006a23f02088a48023b86f9ea498a6e26f
7214,7214,0,ecff2a000000eeff100010000c00fcff0c00faffeeffeefff4ffd4ffeeffeeff,0400f6ff0c000c004c00f2ff0a000a00f2ffd2ff0600e8ff0c000c000c003c00,fcffecff040022001000eeff04000400eafffafffeffeeffeeff0000f6ffe6ff,3000defff8ff0600faff0c0034001400ec6f6ea486a53a6ff6207ea6a0233421
7215,7215,0,9cffecffeeffeeff00000000fcfffcffdafffaffeeff1c00f4ff0200eeffeeff,e6fff6fffaff0c004c00f2ff0a00faff140004000600f8ff0c00faffecfffcff,fcfffcff220004000000100014000400faff3600feff1c002000eeff0600d6ff,1000eeff6400f8ffeaff1c001400b4ff902134a6402332223ea52a23f26fe8a4
7216,7216,0,fcffecffeeffeefff2ff0000ecffecffeaff0c00feffe2fee4ffe4ff2e00feff,0400f6ff1c000c00f2ff3e00eaff1a00f2fff2ffe8ffd8ffeaff0c001c000c00,0e009cff040014000000000014001400dafffafffeff2a0000000000e6ffe6ff,ceff30001600baff0c001c000400f4ffeea4ba222a6fe8a45ea6e86f5422f8a5
7217,7217,0,0a00ecffdeff0000f2ff00001c000c00daffdaffeeff0c00e4fff4ff0e001e00,1400f6ff1c00fafff2ff0000eafffafff2ff0400f8ff06000c00eafffcff3c00,1e008cff040014000000000034002400eaff2800eeffeeff0000defff6fff6ff,deff1000f8fff8ff1c00faffe4ff240076a51c706222a6a54a22fa2178a5a422
7218,7218,0,ecffbcff00000000e2ff1000fcffecffdaffbaff1c010c00d4ff12000e001e00,f6fff6fffaff0c002e00f2ffeaffeaff36001400f8fff8fffaffbaffecffccff,0e001e00140022001000000004001400180018000c00eeff0000eeff26001600,1000deffdaff36003e00c8ff040014003a22aa2246a53222b86f2ea6a8a5d26f
7219,7219,0,fcfffcff200000000000f2fffcff0c00caffbaffeefffeff020002002e000e00,04001400faff1c000000e2ffeafffaff0400f2ff0600d8fffaff0c00fcffdcff,0e000e00220004000000defff4ff04000800eafffefffeffdeffdefff6ffe6ff,0000deff06000600daff0c0044001400dc6fa8a5c8a45a6faa223ea67422b422
7220,7220,0,1a00fcff10000000f2ff0000fcffecff0c00dafffeff0c00d4ffd4ff0e000e00,14000400faffeaff3e00f2fffaff0a00e2fff2ffb8ffd8fffaff1c00fcffacff,fcffdcff04000400ceff000024002400fafffafffeff1c00000000000600f6ff,000000001600daffeaff1c002400d4ff7a23e6a4dc2050238ea626210270a8a5
7221,7221,0,ecfffcffdeff00001000f2ff0c000c00faffdaff0c002c00d4ffe4ffdeffeeff,040004001c003c00f2ff2000fafffaff140014000600e8fffaff0c000c001c00,dcfffcffe6fff6ff0000deff140024002800daff1c000c00ceff0000f6fff6ff,ceff10001600dafffaff2c001400240034a62021ca6e56a56ea5d86fa023f8a4
7222,7222,0,0a001a001000cefff2ff2000fcff0c001c000c00feff1c00e4ffe4ffeeff3e00,14001400fafffaff10002e00fafffaff040004001600d8fffaff0c00fcff0c00,8cfffcff0400140000000000040024002800faff0c000c002000defff6ff0600,30001000e8ff16002c00eafff4ff240000a4dc6f502458a4a6207c2468a6e420
7223,7223,0,ecff1a00000010000000f2ff0c00fcfffaffbaffeeffeefff4ffe4ff1e002e00,f6ff04000c001c002e00e2fffaff0a000400f2ff0600c8fffaff0c00ecfffcff,0e00ecffe6fff6ff20001000140024002800daff0c000c0000000000f6ff2600,3000eeffe8ff06000c00b8fff4ff14004020aa2366a69c202c70bea670a40270
7224,7224,0,1a002a0000000000e2ff2000fcff0c00daff0c00fefffefff4fff4ff0e00deff,f6ffd6ff1c000c00f2ff20000a000a00f2ff1400d8fff8ff0c001c00ecffecff,fcff0e0004001400200010000400f4ff28000800feff0c000000eeffe6ff0600,2000ceffdaff3600eaff0c002400d4ff1c7004a7c8a34a6fae244ea41220a824
7225,7225,0,fcfffcff000000000000f2fffcfffcff1c00faff1c00fefff4ffe4ff2e00feff,f6fff6ffeaff0c002000f2ff0a00eaff040004002600c8ffeaff1c000c00ecff,2e009cff0400f6ffeeffdeff24004400faff08001c00feff0000eeff1600f6ff,000010000600f8ffdaff2c000400c4ff502550a3801f70256ea7b21ff26fb8a6
7226,7226,0,0a000a0000001000f2ff0000fcffecff0c00faff1c000c00d4fff4fffeff0e00,f6fff6ff0c000c0020002e000a000a0014000400e8ffb8ff0c000c002c00fcff,ecfffcfff6ff14001000000004000400eafffaff0c00feffeeffeeffe6ff1600,eeff20000600dafffaff2c001400240054a78a1f886fc4a63ea4b86f8825f0a3
7227,7227,0,fcffecff10000000e2ff0000dcff0c00daff0c002a000c00e4ffe4fffeff0e00,f6ffe6fffaff1c00f2ffd4fffafffaffb0ff14000600b8ff0c000c00ecff2c00,0e00ecfff6ffe6ffeeff100004000400eaff28001c00feffeeff2000e6ff1600,eeff5800f8ff06002c00faffd4ff540030a31c70e025c8a3421fee2450a7721f
7228,7228,0,0a00fcffeeff0000e2ff2000ecffecffcafffaff0c000c00d4fff4fffeff0e00,d6ffd6ff1c000c003e000000faffeaff1400e2ff0600f8ff1c000c00dcff0c00,fcff8cfff6fff6ff1000000024001400faffeaffeefffeffeeff00000600f6ff,5800eeffdaff0600faffeaff140004009a1e4e2634a7d01ec86f42a880a3c26f
7229,7229,0,0a00dcff2000deff2000f2ff1c00ecfffaffcaffeeff1c00f4ff02000e001e00,3200e6ff2c000c00f2ffe2fffafffaffe2ffd2fff8ffe8ff1c002c00fcffdcff,2e00fcffe6fff6ff10001000040004002800faff0c00eeff1000defff6fff6ff,0000ceffe8ff4600eaff1c001400e4ffbc6f2aa8c8a2da6e5e265ea46a1e6826
7230,7230,0,ecffecff100000000000f2fffcff0c00dafffaff0c00e0ffe4ffc6ff0e002e00,240004000c00faff000000000a000a000400d2fff8ff26002c00faff1c000c00,fcff0e00f6ffe6ff0000deff04001400daffccff0c002a00eeffeefff6fff6ff,eeff00001600e8ffdaff2c000400f4fffe2690a2b01ecc2682a8021ee26f3aa8
7231,7231,0,fcffdcff100010002000f2fffcffdcff0c000c000c000c001200e4ff2e000e00,f6ff14001c000c0020003e00eaff0a00f2ffe2ffe8ffe8ff2c000c00fcff1c00,dcff0e00040004000000eeff24000400eafffaff0c001c00eeffeeffe6ff0600,deff10001600daff0c002c00f4ff14006aa8181e2a6f02a850a3b86f4a27f4a2
7232,7232,0,1a00dcff0000eefff2ff00002c000c00baffdaffeeff1c001200d4ff0e002e00,e6fff6ff1c000c00f2ff20000a000a0004001400f8ffaaff0c001c00ecffdcff,0e000e001400e6ff000000001400040008000800eeffeeff000000000600f6ff,eeff2000e8fff8ff1c00faffd4fff4ff50a2866f7c27d6a1121d5028caa87a1d
7233,7233,0,dcfffcff0000ceff10000000fcff1c00daffaaffeefff2fe020012001e002e00,f6fff6fffafffaff4c0000001a000a00f2fff2ffc8ff0600faff0c00ecfffcff,1e008cff1400f6ff0000300024000400faffeaffeeff0c001000200006001600,1000eeffcaff64001c00faff240034000c1d5e2742a8141d786f72a884a2d26f
7234,7234,0,1a000a00000000000000f2ff1c000c00cafffafffeff0c00d4ffe4ffeefffeff,f6fff6fffaff1c0020002e00eafffafff2ffb0ffb8ffe8fffaffeaffdcffdcff,fcfffcff04000400deff0000f4ff2400faffeaff0c000c000000defff6fff6ff,1000ceffe8ff4600faff0c0044001400cc6ffaa8f6a10a6fdc27b8a1ca1cca27
7235,7235,0,fcfffcff1000000000000000fcff0c00fafffafffeffeeff0200c6fffeff0e00,0400f6ff1c000c002e002e00faffeafff2ff1400e8ffd8ffeafffafffcffccff,fcff8cfff6fff6ffeeffeeff1400f4fffaffccffe0ff1c00deffeeff16000600,ceff10001600e8fffaff2c00f4ffe4ff7428c6a1441c2c28c2a9421dc26f24a9
7236,7236,0,ecffecff00000000f2ff00000c000c00fafffafff2fe0c00f4ff1200eeff2e00,f6ffe6ff0c00eaffe2ff20000a000a00040004001600e8fffafffaffecff0c00,0e009cff14000400deffdeff040014002800eaffeeffeeff000000003600e6ff,eeff48001600daff2c003e0004001400faa8181cea6ed2a890a2e86fe42814a2
7237,7237,0,fcff1a00eeff0000e2ff00000c00fcfffafffafff2fef2fee4ff12000e00eeff,f6ff04000c00faff20002000dafffaff0400d2ffd8ffc8ff0c00faffdcffecff,ecff1e00f6ff0400deff2000e4ff1400faff36001c000c000000000016001600,eeff5800cafff8ff3e00eafff4ff140086a1666fac2816a1501b902864a9021c
7238,7238,0,0a001a0020000000e2fff2fffcffecffcaffcaff0c00eefff4ff02000e00feff,f6ff0400fafffaff4c00e2fffaff0a001400f2fff8fff8ff2c00eaff1c00dcff,fcffdcfff6fff6ff0000eeff04000400eaff08000c001c000000000026001600,0000deffdaff64002c00daff04002400f81be42832a9d41ba86f56aa64a1a26f
7239,7239,0,dcff0a002000eefff2ff20000c000c00fafffaff2a000c00f4ffe4ff0e000e00,f6ffd6ff1c001c002e002e000a000a00f2ff1400d8fff8ff1c001c00ecffccff,0e000e00f6ff2200eeff000014001400fafffafffeff0c00eeff100006000600,3000000006001600faff0c002400f4ff766feaa9e6a0ea6eb02908a1321b9429
7240,7240,0,fcfffcffceff000000002000ecff0c002c00faff0c00f2fe0200e4fffeffeeff,f6ff1400eaff0c00f2fff2ff0a00eaffc0ff04002600f8ff1c000c00dcff2c00,fcfffcff1400e6ffdeff0000040014004600eaff0c00eeff0000100016001600,0000eeff1600f8ff0c003e002400f4ff1e2af6a0241b222aa6aa201ad26f34aa
7241,7241,0,0a00fcff10002000100000000c00fcff0c00faff0c00e4fee4ff0200eeff0e00,0400f6ff1c000c00f2ff3e00faff1a0004001400b8ffd8ff1c00fafffcffdcff,1e00fcff0400f6ff0000deff34000400daff08001c000c00deff200016000600,000010001600dafffaff2c00c4ff140084aa5a1a2a6ff2a9a8a0886f742ae4a0
7242,7242,0,2a00bcff10000000e2ff0000fcff0c003c000c00feffeeff3000f4ffdeffdeff,d6fff6fffaff0c002e002e000a000a001400e2ff260006001c002c00fcffdcff,0e000e0022001400deff000004001400fafffaffeeff0c0000002000e6fff6ff,00002000dafff8ff1c00eaffd4ffe4ffe6a0666f922a66a0101a042ba4aac61a
7243,7243,0,1a000a00100000000000f2fffcfffcff0c00dafff2fefeffe4fff4fffefffeff,140014000c00faff3e00f2ff0a002a00f2ffe2ff36002600faff0c00dcffccff,0e00fcff140004000000eeff14001400eafffaff0c00eeff00002000f6ff3600,1000deffcaff06003e00eafff4ff24007019be2a42aa461a586f16ab84a0926f
7244,7244,0,0a000a0000000000f2ff1000fcffecfffafffaff0c00f2fef4ff12002e00feff,040004000c001c00f2ffe2ffeaff1a000400f2ff2600e8ff1c001c00ecffdcff,0e00dcff14001400eeff1000140004000800fafffeffeeff000000003600f6ff,5800defff8ff06000c000c002400f4ff766f34ab16a01a6ff42a38a07019f02a
7245,7245,0,0a000a00eeff0000f2ff10000c00fcff0c00daffeeff1c00e4ffd4ffeefffeff,f6fff6ff0c000c0020003e001a000a0014000400f8ff46001c001c00ecffdcff,fcff0e0004001400deffbcff14001400faffdafffeff0c000000deff0600f6ff,000000000600daffeaff1c00f4ffd4ff8e2b46a00019222be8abbc19a26f50ab
7246,7246,0,bcff0a00100000002000d2fffcfffcff0c00faff0c00e0ff02000200eefffeff,1400f6ff1c00eaffe2fff2ffeaffeafff2ff04001600d8ff1c002c00fcff0c00,fcff1e0014001400eeff00001400e4ff080008001c000c00000000001600f6ff,ceff30001600caff0c000c000400f4ff84aba018aa6eb2aa749f786f402c02a0
7247,7247,0,1a000a001000eefff2ff1000ecffdcfffaffcaffeeffe0fff4fff4ffeeffeeff,e6ffe6fffafffafff2ffe2fffafffaff0400f2ff360026002c000c002c002c00,0e00dcff0400140000001000040004000800faff1c000c00200020001600f6ff,deff1000f8ff06003e00faffe4ff1400609f566f582e06a05c18982c90abb018
7248,7248,0,ecffdcff100000000000f2ff0c000c00fafffaff2a00e0fff4fff4fffefffeff,e6ff0400eaffdaff2e003e001a00eaffe2fff2ffd8ffc8ff0c000c002c00dcff,0e008cff0400f6ff000000000400d4fffaffeafffeff1c002000300006000600,2000eefff8ff1600faffeafff4ff44008a17002d70abc018886ff8aca29f726f
7249,7249,0,fcfffcffceffeeff0000e2fffcfffcffcaff1c000c000c00e4ff02002e00feff,1400f6ff0c000c003e002e00fafffaff140024000600f8ff0c000c000c00fcff,fcfffcffe6ffe6ff0000eeff140024000800eafffeff0c00ceffdeffe6fff6ff,3000ceffe8ff1600eaff1c0004000400566fb8ac769f2a6ff82d849fae17e62c
7250,7250,0,ecff0a00eeff0000f2fff2fffcffecff0c00faff0c00feffe4ffd4ff0e000e00,040024000c003c002e00e2fffaff0a000400f2ff06003600faff0c009cff0c00,fcff0e000400f6ffdeffeeff240004000800faff1c00feffeeffdefff6ffd6ff,000000001600daffeaff2c00040094ffa22d909faa17162fe8acac15426f20ac
7251,7251,0,2a00fcffeeff00000000f2fffcff0c00daff0c00deffeefff4ffe4ffdeffeeff,f6ffe6ff0c00eaff2e002e00fafffaff04001400e8ffd8ff0c001c000c00fcff,ecfffcff1400f6ffeeff100004000400faff28001c000c002000deffd6fff6ff,ceff10005400caffeaff1c00040004004aadfa16ca6ef0abf49e386fea2d129f
7252,7252,0,0a00fcff1000000020000000fcfffcffdaff2c00eeffe2fe02000200feffeeff,140014000c000c000000e2ff0a00daff1400e2ff16000600faff1c001c00ccff,fcfffcff140014000000100024001400dafffafffeff0c00eeffeefff6ff0600,00001000dafff8ff1c00fafff4ff0400f09e266f862f9a9e6c15c82ef8ac9616
7253,7253,0,2a00fcff10001000f2ff10000c00dcff1c001c00ceff0c00e4ff1200deff2e00,140004001c000c002000f2fffaff5a00f2fff2ff060006000c002c00fcff0c00,ecffdcff140014001000eeff04001400180018001c00feff000000000600f6ff,2000deff0600f8ff2c00faff2400240048161e2ef8acea16386f58adba9e826f
7254,7254,0,fcfffcff0000eefff2ff1000dcff0c00daff0c000c001c001200c6fffeff2e00,1400e6ff0c001c00d4ffc4fffaff0a00f2ffe2fff8ff16001c001c00ecffecff,ecfffcff220014001000defff4ff04000800eafffeffeeffdeffceff06000600,0000eeffe8ff16000c00eaff14000400066f7aadc89eca6ed82e549ee615f02e
7255,7255,0,fcfffcff000000002000f2ffecff0c000c000c00e2fe1c0012000200deffeeff,1400e6fffaff0c003e0000000a00fafff2ffe2ffd8ff3600fafffafffcfffcff,0e00ecff0400f6ffeeff100014001400daffeafffefffeff00003000f6ff0600,0000eeff4600f8ffeaff2c002400f4ffde2ec09e0c16263038ae1c15326f68ad
7256,7256,0,ecff0a0000001000f2fff2fffcfffcff0c00faffeeff1c002200e4ffdefffeff,f6ffe6ff2c001c003e00f2ff0a00faffe2fff2ffd8ffe8fffafffaff2c000c00,0e000e000400e6ff0000deff240004002800fafffeffeeffeeff00001600d6ff,eeff00000600baff0c002c00d4fff4ff76ae4c154a6e58adb49d186f702f4a9e
7257,7257,0,0a00fcff00001000e2ffe2ff1c00ecff3c000c000c00eeffd4ff0200feff3e00,1400e6ffeafffaffd4ff3e00faff0a0004001400d8ff0600fafffaff0c001c00,9cfffcff0400f6ff1000000014000400280018000c001c00eeffdeffe6ffe6ff,eeff3000dafff8ff1c00faffe4ff0400609ed66ecc30aa9dac14782f08ae2615
7258,7258,0,ecff0a0000000000e2fff2ffecfffcffbafffaff0c004c000200e4ff0e00feff,e6ff0400eafffaff3e000000eafffaff040024002600d8ff0c00faffdcfffcff,9cfffcff14002200eeffeeff2400f4ff080018000c000c00eeffcefff6fff6ff,0000deffdaff72002c00dafff4ff2400cc14882fc8ad9c15386f28afea9d326f
7259,7259,0,ecfffcffdeffdefff2ff2000ecffdcff1c00daff0c00eeff020012000e000e00,d6fff6ff0c001c00f2ffd4fffaff0a001400e2ffb8ffb8fffafffaff0c00fcff,fcfffcff0400f6ff2000100034002400460008000c000c00deffeeff2600d6ff,30000000f8ff1600fafffaff2400e4fff66ec6ae8a9d8a6eec30649d0615f02f
7260,7260,0,fcff0a00eeffdeff0000e2ffecfffcffdafffaffeeffeeffe4ff1200feff2e00,14001400fafffaff2e00f2fffaffeaff1400f2ffe8ff36001c00eaffecff0c00,0e00fcff0400f6ff000000002400140028004600eeffeeff1000eefff6ff0600,000000002400f8ff0c002c004400f4ff9e30c29d8c148c3128afca12e26e78ae
7261,7261,0,fcfffcff0000eeffe2fff2ffecfffcff1c00caffeefffeff020012000e000e00,f6fff6ff1c000c00f2fff2fffafffafff2ffe2ffd8fff8ff0c00faffccffecff,0e009cfff6fff6ff1000200014002400fafffaffe0ff0c00eeff0000d6fff6ff,000030000600dafffaff1c00e4ff14001cb040138a6ef6ad249d286fea30aa9d
7262,7262,0,1a001a00eeffeeff000020000c00fcfffafffaffdefffeffe4ff0200deff0e00,f6ff14001c001c00e2ff0000fafffaffe2fff2ff06000600fafffaff0c00fcff,fcfffcfff6fff6ff00000000e4ff0400faff1800fefffeffeeff1000e6fff6ff,eeff6800f8ff06001c00faffc4ff1400529de66e6032aa9daa12103230af8e13
7263,7263,0,0a000a00eeff0000e2ff00000c00ecffcaffdaffeeff0c00120040000e00deff,f6ff0400fafffaff10004c001a000a00f2ff1400b8ff06001c002c00dcffdcff,ecff2e00f6ff0400000000001400f4ffeaffeafffeff0c00000000001600f6ff,10000000f8ff16002c00faffc4ffe4ff90120e31c4aeae13d86e98af2a9df26e
7264,7264,0,fcfffcff10000000100020001c000c00cafffaff0c00e2fe0200f4ffeeff0e00,1400f6fffafffaff2e00e2ff0a000a000400d2ff0600d8ff0c001c00fcfffcff,0e00dcfff6ffe6ff100000000400f4ff280028001c00eeffdeff000026003600,5800deffdaff1600eaff0c0034000400966e1cb0fa9c4a6e4032949cc2125a31
7265,7265,0,fcfffcff1000000010001000ecffecfffaff0c00e2fe1c00f4ff12000e001e00,0400e6fffafffafff2ffe2ffeafffaffd2ff0400b8ff1600faff1c00ecffecff,ecff0e001400f6ff1000deff24000400faff46001c001c000000eefff6ff1600,000000001600e8ffb8ff0c003400f4ff3832129d5e1310336cb06a12026f60b0
7266,7266,0,0a00fcffeeff200000001000fcfffcfffafffaff1c000c000200e4ff1e00eeff,d6ff14001c00faff20000000eaff0a00e2fff2ff36000600faffeaffecfffcff,fcff1e001400f6ff100010000400f4fffaffeafffeff1c00eeffeefff6ff0600,deff30001600daffeaff1c00f4ff1400acb086115a6ec4afb49cb86ef632b29c
7267,7267,0,fcfffcff000010000000e2ffecffecfffaffdaffe2feceff02000200feff2e00,e6ff04001c000c0020002e000a00eaffe2ff1400f8fff8ff2c000c000c00bcff,2e00fcff14000400100010000400d4ff2800eaff0c00feff3000eefff6fff6ff,00000000f8ffe8ff2c000c00e4ff1400909b766ed0336a9cc610a032b0b0e211
7268,7268,0,dcfffcff0000deff00000000fcffdcff0c00eafffeffe2fe4000f4ff2e002e00,d6ffe6fffaff0c00f2ff20000a000a001400f2fff8ffb8fffaffcaffecfffcff,0e00dcffe6fff6ffeeff000004000400eaff0800feff0c00eeff0000f6ff0600,20000000baff1600fafffaff040064003611b832c4afce12986e5cb1729c406e
7269,7269,0,fcff0a0010000000000020000c000c00cafffaffe2fef2fe02004000feff0e00,040014000c000c00e2fff2fffaff1a0024000400c8ffd8ffeafffaff0c000c00,0e000e000400f6ffeeffdeff24000400080036001c001c000000eefff6ff3600,20000000f8ff16000c000c0014000400b66efcb0dc9b2a6e5033549c82114633
7270,7270,0,0a00fcff100010001000f2fffcfffcffdaffdaff2c004c0012001200fefffeff,f6ff1400faff0c00f2ff3e00eaff0a0004001400e8ff16003c000c00fcffdcff,0e00fcff22002200deff000004000400faffeaff76001c0030000000e6ffe6ff,eeff200054001600b8ff1c002400e4ff2833b09b4a11ee345cb1620f306e5ab1
7271,7271,0,fcffecffeeff000010001000fcffecfffafffaffeefffeff0200f4ffdefffeff,e6fff6ffeaffeaff10002e001a001a00e2ffe2ffd8ffd8ff2c002c00fcffecff,fcfffcfff6ff04000000100004000400daffdafffeffeeff100000000600f6ff,ceff00000600e8ff1c001c00e4fff4ff6cb14610da6d54b0429bd86e9633129c
7272,7272,0,1a00ecff00000000e2fff2fffcffecfffaffdaff0c00e2fe12001200feff2e00,2400f6ff0c00faff3e00f2ff0a00faff0400140006008afffaffeaffacfffcff,fcff2e000400f6ffeeff000024001400180036002a00feff1000000006000600,20000000cafff8ff1c00eafff4ff4400209b566ed034dc9b320f0235eab14810
7273,7273,0,dcfffcff0000eeffe2ffd2fffcfffcfffaff0c00eeff0c0002002200deffeeff,14001400daffeafff2ff2e00faff1a0004000400f8ffe8ffeaff0c000c00fcff,fcfffcfff6ff0400eeff0000f4ff2400080036000c001c000000defff6fff6ff,10001000e8ff06000c00daffe4ff44000e0fc634e2b0fa10286e7cb1509b106e
7274,7274,0,ecffecff0000eefff2ff0000fcffecff0c00faffe2feeefff4ff22000e000e00,1400f6fffaff0c002e00e2ffeafffafff2ff1400f8ff0600faffeafffcffecff,0e000e00040032000000deff24001400fafffafffeff2a00deff0000f6fff6ff,1000eeffe8ff64000c00faff14000400366ea6b26c9bca6df234c29a880fce34
7275,7275,0,1a00fcff100010003000e2ffecfffcffdaffeaffeeffe2fe0200f4ff0e00feff,f6ffe6fffaff0c004c00d4fffaffeaffe2ff0400d8ffb8ff0c001c00ecffccff,dcff0e00040004001000100004000400dafffafffeff0c0000002000f6ffe6ff,ceffdeff06001600eaff1c004400b4ff6635e09ac40f7e3510b3420fd06d4ab2
7276,7276,0,fcff1a00eeffeeffe2ff0000ecfffcff1c00caffeeff0c00f4ff1200eeff2e00,f6fff6ff0c00faffd4ff10001a001a00e2ffe2ffe8ffaaff1c000c00dcfffcff,fcfffcffe6fff6ffeeff2000040014004600eaff0c001c00eeffeeff26001600,ceff1000f8ffacfffaff4e0014002400c6b2be0e246d82b1229b686e6e35109b
7277,7277,0,fcfffcff00000000f2ff1000dcffecfffaff1c00c2fe3c0122001200eeff1e00,f6ff14001c00faffe2ffe2ffeaff0a001400040036001600eaff0c00fcff0c00,fcff0e000400e6ff1000200004001400080018006600feffdeffeeff06000600,00003000f8ffdaff2c00faffe4ff4400d09a466e5c362c9bd20de235a6b3c80e
7278,7278,0,fcffdcffeeff1000f2ff0000ecffdcfffafffaffe2feeeff120002000e001e00,f6ffe6ff0c000c004c000000daffeaff040014001600e8fffaffeaff0c00ecff,fcff0e000400140010000000f4ffa4ff0800faff2a00feff0000eeffd6ffd6ff,10000000caff16001c00eaff04003400520d523686b2840f186e22b4b09ae06d
7279,7279,0,fcffdcffeeffdeff1000f2fffcffecff0c00daff0c001c0030002200eeff0e00,e6ffe6ff1c001c00d4ff1000eaffeaffd2ff0400d8ff54000c000c000c002c00,fcff1e00f6ff0400100000000400f4fffaffeaffeeff0c0000004000f6fff6ff,2000beff060006000c00faff24000400366e66b30c9bba6da236e29aa20dde35
7280,7280,0,ecfffcff0000eefff2fff2ff0c00fcffdaffcaffeeffeeff22000200fefffeff,f6fff6ffeaff0c00e2ffe2fffafffaff1400e2fff8ff3600faff0c000c000c00,0e000e0004000400eeffeefff4ff0400daffeafffeffeeff000030000600f6ff,eeff0000f8fff8ffb8ff3e00340004009236809aa60e5c37f2b3a20cb06de6b3
7281,7281,0,fcff0a00eeff1000f2ffe2fffcff0c00daff0c000c000c00d4ff22000e002e00,040024000c000c0010003e000a00eaff1400040016003600fafffaffdcfffcff,fcfffcff14001400deffdeffe4ffd4ff180036000c000c00eeff0000e6ffd6ff,deff58001600baffc8ff1c0024002400e6b3020dd46c56b3729ae86dae36709a
7282,7282,0,fcff1a00ceff0000f2ff0000ecffdcffdafffaffeeffeeff020002001e001e00,14000400faff0c00f2fff2fffaffdaffb0ff0400060006001c000c00dcffccff,9cff0e00f6ffe6ffeeff100004001400eaffdaffe0ff0c000000eeff1600f6ff,deff30000600f8ff2c00faffc4ffe4ff509aba6d2a38669a620c923746b4a00c
7283,7283,0,1a00dcff10000000f2ff00000c00fcfffaff0c00deffceffe4ff02000e00feff,14002400fafffaff0000f2fffaff1a00f2ffe2ffd8ff1600eaffeaffccffdcff,1e001e00f6ff1400eeff0000240014000800fafffefffeffdeffdefff6ff0600,1000eeffcaff16002c00faffe4ff24002e0c82376eb5360e086e42b4109a806d
7284,7284,0,0a00fcff10000000f2ff0000fcfffcffcaffcaffdeffeeff02000200eeff2e00,1400e6fffaffeaff3e0000000a000a00040004000600d8ff0c00fafffcff0c00,2e00ecff04000400deff000014002400460028001c001c00eeffdeff16001600,5800deffdaff4600dafffaff3400f4ff9a6d84b5269a946c76387e99b80bc637
7285,7285,0,fcff1a0000001000f2fff2fffcffecfffaff1c001c00e2fef4fff4fffeffeeff,f6ff1400eaff1c002000d4ffeaffeaff1400e2fff8fff8fffafffaffdcff0c00,1e000e0004001400deffeeff44001400acfffaff0c001c00eeff0000f6ff0600,000000004600e8ffdaffeaff0400f4ff7838c699a60da238f2b4120c706d2eb5
7286,7286,0,fcfffcff0000ceff20000000fcfffcff1c00faffe2fee2fef4ff1200eefffeff,1400f6ff0c00eaff5c002e000a00faff0400f2ff1600c8ff0c00eaff1c00fcff,8cffdcff1400f6ff0000100004001400dafffaff0c000c00eeff00000600e6ff,beff10003600cafffaff2c000400f4ffb4b54e0b946cbeb55e99366d8838a099
7287,7287,0,fcfffcffdeffdefff2fff2fffcfffcff1c00faffeeffdefff4ff0200fefffeff,04000400faffeaffd4ff4c00faffdaff0400f2fff8fff8ffcaff0c00bcff0c00,1e000e000400140010001000140004000800eafffeff0c00deffeefff6fff6ff,eeff1000f8ffe8ff1c002c00f4ff440036992a6d6239be99320a9638ceb5f80a
7288,7288,0,ecfffcff00000000f2fff2ffecff0c00dafffaffe2feceff0200d4ff0e002e00,14001400fafffaffd4ff2e00daff0a000400e2ffe8ffd8fffaffeaffecfffcff,1e000e00f6fff6ff100000001400240008000800feff0c000000000006003600,2000deffcaffe8fffaffeaff04002400e40908392eb69209a66d82b66099306d
7289,7289,0,0a000a0000000000d2fff2ffecfffcfffaff0c001c00eeffe4ff1200eefffeff,f6ff04002c000c00f2ffe2ffdafffaff14000400d8fff8ff2c000c00dcff1c00,fcff0e00d8ff1400eeffeeff04001400faffeaff2a000c0000000000f6ffd6ff,5800eeff06001600faffdaff4400e4ff2a6d80b6de99466c66390e99cc097839
7290,7290,0,fcff0a00eeff00000000e2ffdcffdcffdaffdaffd2fee2fee4fff4ff0e00feff,f6ffe6ff0c000c00e2fff2ffeaffdafff2ffe2ff0600e8ffeaff1c00ccffbcff,0e00dcfff6fff6ff1000000004000400daffeafffeff0c000000deffe6ffe6ff,0000deff0600f8ffeafffaff1400f4ff48390699b208583ae4b64e09106d1eb6
7291,7291,0,ecfffcffeeffeefff2fff2fffcfffcffcaffdafffeffeeffd4ffe4fffeff1e00,e6fff6fffafffafff2ff10000a001a001400f2ffd8ffe8ff0c000c002c002c00,0e002e000400f6ffdeff100024001400fafffaff0c00e0ff00002000f6ff0600,ceff00000600cafffaff2c001400040020b77409266cbab79e98666dc8390099
7292,7292,0,fcff0a00eeff1000f2fff2fffcffdcfffafffaffceffeefff4ffd4ff0e00feff,04003200fafffaff2e00f2ffdafffaff040046002600aafffaff0c000c00ecff,fcff2e0022000400eeff0000f4fff4fffaffeaff1c00feffeeffeeffe6ff1600,deff5800f8fff8ff0c00eaffd4ff4400c698ea6cb63af0983e088a3a26b75c09
7293,7293,0,fcffecff100010000000e2ffdcffdcff0c00eaffeeffe2fee4ffd4fffeffceff,14000400faffeaffe2fff2ff0a00eaffe2fff2ff1600f8ff0c002c00ecff0c00,0e00fcff1400f6ffeeffeeff0400f4ffeafffaff2a00feff0000eeffd6fff6ff,00000000e8ff16001c00b8ff24002400a408823a4ab8d207b66ce4b65e98e06c
7294,7294,0,fcfffcff00002000f2ff0000fcfffcff2c00faffeeffceffd4ff0200eeffbeff,24001400fafffaff20003e00faffeaffe2fff2fff8ff2600eafffaff2c00ecff,1e002e000400f6ffeeffeefff4ff04000800eaff0c00feff30000000e6fff6ff,5800ceff060046001c00faffe4ff1400ca6c80b7e098f66bca3a4e983208583a
7295,7295,0,fcff0a000000200000002000ecffecfffaffeaffeeffeeff0200f4ffcefffeff,f6ffe6ffdafffaff3e00e2ff0a000a00e2fff2ff3600f8ffeafffaff0c00dcff,ecfffcffe6fff6ffeeffdeff140024000800dafffefffeff0000eeff06001600,ceffceff0600dafffaff3e001400c4fff23a7698e206a63bd4b73e08b06c76b7
7296,7296,0,fcff0a00eeffeefff2ff2000fcff0c000c00daff0c00eeffc6ffd4ff0e00feff,040014000c00faffd4ff2e00caff6a000400f2ff1600f8ff2c00faff0c00fcff,ecff0e0014002200ceff000004001400180036001c000c00000000000600f6ff,ceff10001600caffeaff0c001400140086b85407d66b8ab84e98e66c3a3b2e98
7297,7297,0,ecffecffeeff0000000000001c000c00faffdaffe2fee2fe0200d4ffdeff2e00,14000400eaff1c00f2fff2fffaffeafff2ff1400d8ffe8ff0c000c002c000c00,ecfffcff140004000000eefff4fff4ffdaff0800feff0c00eeffeefff6ff0600,deff680016000600fafffaffd4ffe4ff36986a6c663c30987a065a3b26b8c207
7298,7298,0,fcff0a00deffeeffd2ff0000fcffdcffdafffafff2fef2fe3000f4ff2e00feff,1400f6ffeaffeaff0000e2ff0a001a00d2fff2ffb8ff06002c00faffdcff0c00,dcff0e00f6ff140010000000040004003600daffeefffeff200000000600f6ff,0000eeffdaff46002c00daff040024001406a63cb8b97206b66c28b90e98486c
7299,7299,0,ecff0a00eeff100000000000fcfffcffdafffaffcefffeff020002000e00eeff,0400f6fffafffaffe2ffe2fffaff0a00f2ff0400f8ffd8ffeafffafffcff0c00,fcffecffe6fff6ffeeff0000f4fff4ff0800daffeeffe0ffeeffeeff06001600,3000deffe8ff5400eaff2c00040004007a6ce6b83098d66b1c3c5e9880063a3c
7300,7300,0,fcffbcff10001000f2ff0000fcff1c00faff0c00eeffe2fe120022001e000e00,14001400eafffaff2000f2fffaffeaffe2ffe2ffc8ffe8ff0c000c00dcff0c00,0e000e001400f6ff1000eeff14000400eaffdaff0c000c00000000001600f6ff,deffeeff4600f8ffdaff1c001400f4ff063db0978605063dd8b8fc04086c28b9
7301,7301,0,0a00ecff00000000f2ff1000ecffdcfffafffaffceff0c00e4ffe4ffdeff0e00,3200f6ff0c00faff2e00d4fffaff0a000400e2fff8fff8ff1c00fafffcffecff,0e00dcff3200f6ff30000000f4ff1400ccfffafffeff0c00deffeefff6ffe6ff,eeff00001600dafffaff1c00e4fff4ff76b90406766bb8b9ea97a66c923cfe97
7302,7302,0,0a00ecff10001000f2ff10000c000c00faff0c00eeffdeff0200f4ff2e00eeff,f6ff14000c00eaff2e00e2fffaffeaff0400f2ffd8ff16000c00faff0c00fcff,fcffdcff04000400ceff0000f4ff0400daff1800e0fffeff000000000600e6ff,ceff6800f8fff8ff2c000c00e4ff24006097886b663d00980c052c3ec8b99005
7303,7303,0,ecffdcff00000000f2fff2fffcffdcff1c000c00eeffdefff4ff1200fefffeff,0400f6fffaff1c002e0020000a00fafff2fff2ffd8ff1600faff0c00ecff1c00,0e000e000400f6ff1000eeff24001400180028000c00eeffeeffeeff1600f6ff,0000deffbaff54002c00eaff040004002805a63d40ba0604766ca8b96e97d86b
7304,7304,0,0a00ecff0000eeff1000f2ff0c00fcfffaff0c00d2fee2fee4fff4ffdeff0e00,140004001c00eaffe2ff2e00dafffaff36001400e8ff3600faff0c00ecfffcff,1e001e002200f6ffdeffeeff240014002800eaff1c000c00deffceffd6ff0600,3000deff06001600faff0c0004000400586b80baa097366b2c3eda96e004b23d
7305,7305,0,dcfffcff10000000f2ff0000ecff1c000c00daffeeffe2fef4ffd4fffeffeeff,240014000c00faff2000f2ffeaffdaffe2ff040006002600faffeafffcffecff,dcfffcff140014001000eeff14001400faffeaff1c000c00eeffeeff0600e6ff,0000eeff0600f8ffeaff1c0004000400423e40977603323e7cba7c04c86b48ba
7306,7306,0,fcfffcff00002000f2ff0000fcffdcfffaffcaffeeffdeff0200f4ff2e00eeff,e6ffd6ff0c000c00d4ff2e000a001a00f2ffc0ffc8ffd8fffaffaaff0c000c00,1e008cff14001400000020000400f4ffdaffdaff0c000c00000000000600f6ff,ceff00004600daff0c001c0024000400c0ba3203e66a56bbda96466c323ed696
7307,7307,0,ecffecff00001000e2ff0000dcff0c00faffdafffeffc2fe2200e4ff0e000e00,f6fff6ff1c000c00e2ff2e000a000a000400f2ffb8ffd8ff0c000c00ecff0c00,0e002e0004000400000000000400f4ffdaff28000c000c002000deff16002600,eeff20000600f8ff0c00eaffe4ff24001097186bd23e80974a03ac3ef8bad803
7308,7308,0,fcffdcff10001000f2ff10000c00dcff0c00daffeeffe2fe120002000e00eeff,f6fff6fffaffeaff3e002e00eaff0a0004000400e8ffc8ff0c00fafffcff0c00,1e000e0014001400deffceffe4fff4fffafffaff2a000c00eeffeeffe6fff6ff,20001000daff16000c00eafff4ff1400e202e23ee6bb8603166c4cbbb696c86b
7309,7309,0,ecff0a00eeff000020000000bcffdcfffafffaffe2fefeff300012000e00eeff,f6fff6ff0c00faff0000e2ffeaff0a00e2ffe2ff160016002c00faff0c00ecff,1e00fcfff6fff6ff0000eefff4ff0400ccffdafffefffeff1000defff6fff6ff,1000cefff8ff4600faffeaff2400f4ffe86a20bb2097f66aec3eda965803923e
7310,7310,0,ecfffcffeeff1000f2ff1000ecffecff0c00eaffe2fefeff40001200fefffeff,e6fff6ff1c000c0010003e00faffdaff0400d2ffc8ff1600faff0c001c001c00,fcfffcfff6ff04001000000014001400daffdafffefffeffeeff00001600d6ff,1000deff1600f8ffc8ff1c00f4ffe4ff823f90969802a23ffebb2a02886b18bb
7311,7311,0,ecff0a00100010001000e2fffcffdcfffafffaffe2feeefff4ff1200eeffdeff,e6ff0400faff0c000000e2fffafffaffe2ff3600f8fff8fffaff0c000c000c00,fcff0e000400d8ff0000000014000400eaff0800feff2a0000002000f6fff6ff,eeff30004600daff1c003e0004000400b0bb0202c66ad4bc9a96f66baa3f7696
7312,7312,0,fcfffcff1000deff00000000ecffecff0c00faffeeffeefff4ffe4ffeefffeff,0400e6ff0c00faffd4ff2000fafffafff2ffe2ff360006000c000c000c001c00,ecff2e0022000400eeff00000400f4fffaffeafffeffeeffdeff0000e6ffe6ff,00006800e8ffdaff0c00eafff4ff34005e96d86ab040a29696018040d2bc1c02
7313,7313,0,fcfffcff0000000010001000fcfffcfffafffafffeffe2fe020002002e000e00,e6fff6fffaff0c004c00c4ff0a000a00f2ff0400f8ff0600eafffaff2c002c00,1e00dcff04002200000000002400f4ffccffdaff0c00eeffeeffeeff0600d6ff,00001000baff16002c00b8ffe4ff44003801584034bd1201c66b5ebc2696f86a
7314,7314,0,bcfffcff0000eefff2ff0000fcff1c00faff0c00deffcefff4ff0200eeff1e00,040014000c000c00e2ff2e005a001a00e2ff0400f8ffe8ff2c000c00fcff1c00,fcff1e0014001400eeff1000f4ff4400faffdaff0c00feffeeffeefff6ff0600,3000defff8ff16000c000c0014001400a86a64bd9296266ae0406a952c016c40
7315,7315,0,ecffecff20001000f2fff2fffcffecff0c001c00e2fed2fe0200f4ffeeff0e00,f6ff0400fafffaff0000e2ff0a00caff0400f2fff8ffaafffaff0c001c00ecff,0e00dcff0400f6ff0000deff04001400eaffdaff0c00eeffeeffeeff0600f6ff,eeffdefff8ffcaffc8ff1c002400e4ff0841e29502010e41eebc66019c6a02bd
7316,7316,0,1a001a0000000000f2ff00000c00fcfffaffdaffe2fee2fef4ff0200feffdeff,e6fff6fffafffaff10003e000a001a00f2ffe2ff0600d8fffafffaffccffecff,9cff0e002200f6ffeeff000014000400faffacfffeffe0ff20000000d6ff1600,eeff20000600daff0c001c001400e4ffa4bd6800f66974bd4a95966bcc40f695
7317,7317,0,1a00ecff1000eefff2fff2fffcfffcffeaffeaff0c00eeffc6fff4ff0e000e00,0400f6ff0c00faff0000d4fffaff0a0004001400f8ff0600fafffaff0c000c00,dcff2e00040014000000deff14000400080028000c00feff0000000006000600,eeff1000f8fff8ff0c00faffe4ff1400a295486aae41629666004041d2bd6c00
7318,7318,0,1a00fcff10000000e2ff10000c00dcff0c00daffe2fe2c00e4fff4ffdeffeeff,f6fff6ff0c000c0020002e001a001a0004000400e8ffb8ffeafffaff1c001c00,fcffecff04000400eeff000014001400daff0800eeff0c00deff0000f6ff0600,10000000daff06001c00daff04004400c6ff8841b2be86ff866bdebdd6955c6a
7319,7319,0,0a000a0010000000d2fff2ff1c002c000c001c00eeff0c00300022000e002e00,f6ff04001c001c00f2ff2e00eaff0a000400140016002600eaff0c000c00fcff,0e000e0014001400eeff000014001400dafffaff0c00feffdeffdeff0600f6ff,0000deffe8ff1600dafffaff04001400286a90be2496b66934422a95aaffac41
7320,7320,0,fcff0a002000eefff2ff0000dcffdcff0c001c00eefffeff02002200eeffeeff,f6ff14000c000c003e00e2ff0a005a000400f2ff06003600eaff0c00ccff1c00,0e001e00f6fff6ffceffeeff1400f4fffaffeaff0c002a00ceffeeff0600e6ff,0000eeff1600daffdaff0c003400040022428295f6fea442cebd80fe3c6a82be
7321,7321,0,0a00fcff00001000e2ffd2fffcffdcffeafffaffe2fe1c00f4fff4ff1e000e00,0400e6fffaff0c00f2ff2e00faff0a00f2ffc0ffb8ff0600eaff0c00dcff2c00,fcfffcff0400f6ffeeff100014001400faff0800feff0c00eeff1000e6ff1600,eeff30000600dafffafffafff4ff040020bf20ff826932bfca94766b9c429695
7322,7322,0,ecffecff00002000f2ffe2fffcfffcfffaffdaffeeffe2fee4ffe4fffefffeff,f6ff1400faff0c00e2fff2fffaff1a00f2ff1400d8ff2600eaffeaffacffccff,fcff2e001400140010001000140004000800faffeeff1c002000deffe6ffe6ff,00002000f8fff8ff1c00eafff4ff44007295ae69f442b49530fe64436abf0aff
7323,7323,0,ecfffcff10002000f2ff1000fcfffcff0c00daff0c00e2fe020040001e000e00,f6fff6ff0c001c00e2ff3e00eaff0a00f2ffd2ff360026000c00eaffecffbcff,0e001e0004002200eeffeeff04000400eaffeafffeff0c0030001000d6ff1600,2000deffbaff64001c00eaffe4fff4ff10fe0243b0bfe8fd266a5ebf36950c6a
7324,7324,0,0a00ecffeeff00000000e2fffcffecff0c00faffeeffceff120002002e002e00,f6ffe6fffafffaff20003e00faff0a00e2fff2ff4600e8ffeaffeafffcff1c00,ecfffcff140014001000000014000400fafffafffeffeeff2000deffe6fff6ff,3000deffdaff5400daffeaff1400e4ff7c6980bfa495226934438a9482fd7843
7325,7325,0,fcfffcff1000eeffe2fff2ffdcffecff0c00faffe2fe2c00020030004e00feff,f6fff6fffafffaffe2ff2e000a00faff04000400f8fff8ff1c001c001c00dcff,1e00fcff0400f6ffeeff000014000400dafffaff0c00feff0000000016000600,0000eeff1600daffb8ff0c003400f4ff82438494eafcc24322c020febc69eabf
7326,7326,0,0a00fcff00000000e2ffd2fffcfffcfffafffaffe2feeeffd4ffe4ff2e002e00,f6ff04000c000c0020002e00faff5a00f2ffe2ffc8ff06001c00eaff0c00fcff,0e000e001400f6ffdeffdeff0400240036000800feff0c00deffdefff6fff6ff,eeff1000f8ffe8fffaff1c001400e4ff86c074fd026990c08a9462691844e694
7327,7327,0,fcff0a001000000000001000ecffdcfffaff0c00ceffeeff020002000e00feff,f6ff04000c00eafff2ffe2ffeafffaff0400f2fff8ff0600eaff2c00dcffecff,0e001e002200140000000000140004000800fafffeffeeff0000eeffc6ff1600,00005800e8fff8ff1c000c00b4ffe4ff26944c6952447495e0fcc643ecc072fd
7328,7328,0,fcff2a0000000000000020001c00fcfffaff0c00eeffeeff50002200deffeeff,f6ffe6fffaff0c0010002e00fafffaffe2fff2ffd8ff2600faffeaffecfffcff,0e00fcff0400f6ff00000000e4ffd4ff1800dafffefffeffeeffeeffe6ffe6ff,20001000caff06002c00eafff4ff340084fcaa44e0c05afc826992c1d6948c69
7329,7329,0,fcffecff0000deffe2ff10000c00fcff0c001c00e2fee2fe020012003e00eeff,1400f6ffeaff0c00e2ff20001a000a001400d2ffd8ffe8ff0c00eaffecfffcff,2e00fcffe6ff0400deff10000400f4ff0800dafffefffeffdeffdeffe6ff0600,3000eeffcaff3600faff0c000400f4ff0c6926c14495b2680645ba94eafbc044
7330,7330,0,fcff0a0010002000f2ffd2ffdcffecfffafffaff0c00e2fe5e0012003e000e00,040032000c00faffd4ff4c00faff5a00e2ff2400e8ffe8fffaffeafffcfffcff,fcff0e00140004000000eeff0400240008000800fefffeff0000deff0600f6ff,1000100016001600daff2c002400c4ff7a450694fafbb24452c14efb3c693cc1
7331,7331,0,0a00fcff000020000000f2ffecffdcfffafffaff1c00feff22001200eeffeeff,f6fff6ff0c000c00f2ff2e00eafffafff2ffe2ffd8ffe8ff0c001c000c00fcff,0e000e001400f6ffdeff000004001400daff18000c001c00eeff0000f6ffd6ff,eeff00005400dafffaff2c000400f4ff10c2d2fac268e0c12a94526930456e94
7332,7332,0,fcffdcffeeffeeff00001000ecffecff0c001c00e2fee2fe12000200eeffeeff,e6ffd6ffeaff0c002e002e000a00faff1400e2ffe8fff8ff0c00eaffdcff1c00,fcfffcff04001400eeff100004000400fafffaffeeffe0ff000000001600f6ff,eeff3000f8ffdaff1c001c00d4ff1400a693bc685245f4940efba645fcc16afb
7333,7333,0,ecffecff00000000e2ff5c000c00fcff0c003c00eeffeeff400030000e00feff,f6ff1400fafffafff2ffd4ff1a000a00d2ffe2fff8fff8fffaffeafffcff1c00,fcff0e000400f6ff1000000024000400eafffaff0c00eeff0000deff16001600,30000000daff16002c00faffe4ff240082fa364620c2bafaa26826c2fe93ec68
7334,7334,0,0a002a001000eefff2ff2000ecffecffeaff0c00eeffdeff020002000e00feff,f6fff6ff0c000c00f2ffe2fffaff0a0004000400f8ffe8ff0c00fafffcffdcff,1e000e0022000400eeffeeff1400040046000800fefffeff0000200006000600,68000000e8ff4600fafffaff3400f4ff7c68b0c2149572689645fa9358fac045
7335,7335,0,dcff0a000000eefff2fff2ffdcfffcfffafffaffe2fee2fe30003000fefffeff,f6fff6ff0c001c00f2fff2ff1a00eaff0400e2ffe8ff06001c00eaffecffecff,8cfffcff14001400eeff2000140004000800bcfffefffeff000010001600e6ff,0000eeff1600f8ffdaff0c00e4ffd4ffa64696934afa7e4662c32efaa26818c3
7336,7336,0,ecfffcff00002000200000000c000c000c00faffe2fee2fe02001200feffdeff,f6ffe6fffaff1c00f2ff3e000a000a000400f2fff8ffd8ffeaffeaff3c002c00,fcff0e00f6ff0400deff000014001400daffeafffefffeff0000eefff6ff0600,ceff10001600daff0c001c0024000400f0c2d8f89067b2c3989362682247fe93
7337,7337,0,0a00bcff1000eeff0000f2ff1c00fcff2c002c00e2fed2fe220002001e002e00,14001400fafffaffd4ff3e00faff0a0004001400d8fff8ff0c000c000c001c00,0e00fcff040014001000000014001400bcffccff0c00eeffdeff0000f6ff2600,deff5800e8ffdaff1c00fafff4ff140086932c68ae4674941af9c446d8c3b8f9
7338,7338,0,0a002a0030000000f2ff00000c00ecff1c003c00f2fee2fe020022000e000e00,1400f6ff0c00faff00003e00eaff1a00f2ffe2ff06000600eaffcaff0c001c00,acff2e00220004000000eefff4fff4fffaffdaff0c000c00eeff1000f6fff6ff,0000eeffdaff06001c00daff0400240078f8464742c416f9de67c0c5ce936268
7339,7339,0,fcff1a000000000000000000ecffdcffdafffaffe2fe5c00400002000e00eeff,f6ff1400faff0c004c000000eaff0a00f2fff2fff8ffe8ff1c000c00ecfffcff,1e001e0004002200eeff00001400f4ff2800daff1c001c00eeffeefff6ffd6ff,0000ceffdaff6400eafffaff1400c4ffcc6760c45494f0675447889388f88247
7340,7340,0,ecfffcff0000100020002000ecff1c00dafffaff1c00e2fe020002000e000e00,d6ff1400eaff0c002e0020001a00daff1400e2ffe8ff1600fafffaff1c004c00,9cff0e000400e6ffeeffeeff24000400daffdaffeeffeeffeeffeeff0600f6ff,eeff00001600f8ffeaff2c004400d4ffbc473693a6f88e47f0c496f7126868c4
7341,7341,0,0a00fcff00001000f2fff2ffecff0c00daff0c001c00eeff0200f4ff2e001e00,f6ff0400eafffafff2ff20000a001a00f2fff2ff0600e8ff0c000c00ecfffcff,ecff2e000400f6ff0000defff4ff0400faff28000c00feff0000cefff6ffd6ff,eeff300046009cffeafffafff4ff1400a0c406f85067e2c438938e671248ae93
7342,7342,0,fcfffcffeeff0000f2ff2000ecff0c00eaff0c00eefffefff4ff1200fefffeff,e6ffe6fffafffafff2fff2ffeaff0a00d2ff240026000600eaffeafffcffdcff,ecfffcff1400f6ffeeffeefff4ff1400eaffeaff0c00feffeeff2000f6ff0600,eeff30000600e8ff0c00c8ffe4ffe4ff0693cc67ce476494a6f7b848f0c4a6f7
7343,7343,0,ecfffcff000010000000f2fffcffecfffafffafffeffdeff3000f4ffdeff0e00,f6fff6ff0c00eaff4c00f2ff0a00eaffd2ffb0ffe8ff26000c000c000c001c00,fcff0e00140004001000000004000400faffdafffeffeeff00000000d6ff2600,1000deffcaff06000c00dafff4ff0400b0f65c4890c59ef75e67c0c56e93b267
7344,7344,0,ecfffcff0000eeff00000000fcff0c00cafffaff0c00feff5000f4ff2e001e00,f6fff6fffaffeaff3e00d4fffaffeaffd2ffd2ff16003600eafffaffecff1c00,8cff0e00f6ffe6ff00003000040004001800daffeeff0c00eeff00000600c6ff,5800ceffe8ff1600fafffaff0400f4ff16673cc6d49310678848e89226f7cc48
7345,7345,0,fcffecffeeff00001000e2fffcff1c00eaff0c00ceffeefff4ff22002e000e00,e6fff6ffdafffaff3e00d4ffeaff0a00d2fff2ff3600f8ff1c002c001c00fcff,0e002e0004000400eeff00001400140018001800eefffeffceffdefff6fff6ff,eeffeeff0600daffb8ff1c002400d4ff6c49e69210f76e4880c686f75267c0c5
7346,7346,0,fcff1a00100020002000e2ff0c000c000c00eaffceffeeffe4ffe4ff0e000e00,140004000c00faff2e00e2fffaffeaff0400f2ff0600d8ff0c001c000c00fcff,2e001e0014000400000010002400140028003600feffe0ffdeffdeffe6fff6ff,eeff30005400daffeaff1c00f4ffe4ffccc660f6a26610c608932e677a490293
7347,7347,0,ecffecffeeff10000000f2fffcffecffdaff0c00ceff2c001200e4ff0e001e00,f6fff6fffaffdaff2e00e2fffaffeafff2fff2ffe8ff16002c000c000c000c00,1e002e00f6ff1400000000001400140008001800eefffeff30000000f6ffd6ff,deff10000600f8ff0c001c00b4ffe4ffc692e666ee48a493e6f51849c0c60ef6
7348,7348,0,ecfffcff000010001000f2fffcffecffcafffaff0c00eefff4ff1200eeff0e00,e6ffe6ffdafffaff0000e2fffafffafff2ff1400e8ffe8ff0c002c00dcfffcff,9cfffcfff6fff6ff20001000140024002800ccfffeff0c0000002000f6ff2600,30000000daff06002c00eafff4ff140020f68c497ec680f6fe6600c7e2921267
7349,7349,0,fcffecffeeff00000000f2fffcfffcff0c000c00f2fee2fe02000200fefffeff,1400f6ff0c000c00f2ffe2ff0a000a00f2ff04000600d8ff0c000c002c000c00,0e002e00040004000000ceff14000400080036000c001c00ceffdefff6fff6ff,2000cefff8fff8ffdafffaff1400f4ff76662cc7569342667a4998923ef5ec49
7350,7350,0,0a00fcff1000ceff5c00f2ffdcfffcff0c00faffd0ffeeff02000200eeff0e00,04000400fafffaff000000000a00fafff2ffd2fff8fff8fffaff0c00ecff0c00,dcffdcfff6fff6ff10001000040014000800ccff0c001c000000deff06000600,0000ceff0600f8ffdaff2c004400e4ffc64a9692c2f5244a60c726f4a26638c7
7351,7351,0,fcffecffceff1000f2ff0000ccfffcfffaffeafffeffeefff4fff4fffeff0e00,1400e6ff1c00eaff3e002e000a000a00f2ffe2ffd8fff8ff2c000c00dcfffcff,fcffdcff14001400eeff100014001400faffdaffe0ff0c00eeff10001600f6ff,deff100046000600faff1c002400040042c874f4c4656ec78892ee66d24ac292
7352,7352,0,fcfffcffeeffeefff2fff2fffcffecffdaffdaffeeff1c00020012002e001e00,140014000c00faff2e0020001a000a00e2ffd2fff8ffd8ff2c00eaffdcfffcff,fcff1e00f6ff0400deffeeff240014000800faff1c00e0ffeeffdeff0600f6ff,00002000f8ffdafffaff0c00f4ff240056923666c44a6693d6f3be4a72c896f4
7353,7353,0,fcff0a0010000000f2ff00000c00ecff0c000c00feffeeff020030000e001e00,04001400eaff1c002e0020000a001a0014000400e8ffb8fffaff0c00ecffecff,fcff1e0004000400100000001400f4ffccff08000c000c00eeff000006001600,20001000f8ff16000c00c8ffe4ff340018f3b84beec724f44e6634c882923c66
7354,7354,0,fcff2a000000eeff1000f2fffcfffcfffaff1c00feffeeff12000200deffdeff,0400e6ff0c000c002e00f2ffeaff0a00f2ff04003600f8ff0c001c000c000c00,9cffecfff6ff1400eeff000014001400ccffeafffeff1c0020000000f6fff6ff,2000deff160016002c00eaff0400d4ff266682c846931266fe4a5892b6f39e4b
7355,7355,0,ecff1a00000000003000f2ff1c00fcffdaffcaffeeffe0ff02000200eeff1e00,04001400daff0c003e00f2fffaffeaff2400040006000600eaff2c00fcff0c00,0e001e000400f6ff00002000f4ff1400acff8eff0c00feff000000001600d6ff,1000ceff16000600daff1c001400a4ff184c669274f3244b54c9d6f3c06582c8
7356,7356,0,fcfffcff00001000000010000c000c001c000c00d0ffeeff020012000e000e00,04001400dafffaff2e002e000a000a0014001400f8ffd8ff2c00eaff3c00fcff,0e00fcff0400f6ffdeffdeff04001400eaff1800feffeeffeeff300006002600,eeff30006400baffeaff2c001400e4ff72c9a8f214659cc8d2916e65de4b6292
7357,7357,0,1a000a00eeff1000f2ff1000ecff0c00faffdafffefffeff0200f4ff1e00eeff,1400f6ffeaff0c000000d4ff0a000a00f2ffd2ff2600e8ffeafffaff1c00ecff,0e001e0014000400ceff000004000400eafffaff1c001c00eeffeefff6fff6ff,eeff48000600daff1c00eafff4fff4ffcc917a65a44b569364f26e4bbcc926f3
7358,7358,0,fcfffcff200010000000f2ffdcffecffdafffaffeeff1c00400002000e00eeff,d6ff2400fafffaff0000f2ff0a00fafff2fff2ffd8ff1600fafffaff0c00fcff,fcfffcff0400f6ff0000deff14001400bcffeaff0c00feff0000beffd6fff6ff,10000000daff16003e00daffe4ff540028f2fc4c7cc9bef00e66a8ca1292a065
7359,7359,0,ecffecff10000000f2ff2000ecfffcfffaffdaffe0ff0c00300030000e00eeff,e6ff0400faff0c0020003e00eaffeaffe2ffd2ffd8fff8ff0c002c000c00ecff,9cfffcff040004001000100014002400ccffeafffeff1c0020000000e6ffd6ff,3000eefff8ff54000c001c000400e4ff3a653cca56935465be4c489294f17e4c
7360,7360,0,0a000a0000000000f2fff2fffcff1c00fafffaff0c00eeff22000200deff0e00,1400f6ff0c00eaff2e00f2fffaff0a00f2ffd2fff8ffe8ff1c001c001c00dcff,fcffdcfff6ffe6ffdeff2000f4ff04000800faffeeffe0ff2000100006001600,000010001600f8ffeaff2c002400f4fffc4cac9138f0044cd8ca10f140654cca
7361,7361,0,fcffecff10001000f2ff0000ecff0c001c003c00f2fe0c003000d4ffeeff0e00,04001400eaff0c00e2ffe2ffeafffafff2fff2ff0600d8ffeaff1c00fcffecff,dcffdcfff6ff04000000deff040014000800eaff1c001c00eeff0000f6ff0600,eeff30001600baffdaff1c000400e4ffcccadcf0b4642ccad2910e66464d3292
7362,7362,0,0a000a0020001000e2ff2000fcffdcff0c00daffe4feeefff4ffd4ff0e00feff,1400f6fffafffaff3e003e00faffeaffd2ff0400d8ffd8ffeaff0c000c000c00,dcff0e0014001400eeff0000040004003600fafffeff1c0020000000d6ffd6ff,deff10000600e8ff2c00faffc4ff14009c91ea64c24c909260f02e4e78cbf4f0
7363,7363,0,ecffecff0000eeff00000000fcffecffdaff1c000c00f2fef4fff4ff0e00eeff,0400f6ffeafffafff2ffe2ff0a000a00f2ff1400f8ff06000c000c000c00ecff,1e00dcff040004001000000014002400dafffaff0c000c003000eefff6ffe6ff,10000000caff16002c00daff040004001cf0fc4dfccad0ee6064f8caf291e064
7364,7364,0,ecfffcff1000deff10003000dcfffcff0c000c00eefffeff02002200fefffeff,14000400fafffaff2e000000eaff0a0004002400b8ffd8ff0c002c00ecffecff,fcfffcff04002200200010000400f4ffdaff0800eefffeff100010000600f6ff,3000cefff8ff0600faffeaff0400e4ff8a6472ccd69244642e4e6291aaeffa4d
7365,7365,0,fcff0a0010000000f2ff3000ccfffcff0c000c000c000c0030001200ceffeeff,e6ff0400fafffaffe2ffe2ff0a00daffe2ffe2fff8ff36000c00eafffcfffcff,1e00ecffe6ff1400deffeefff4ff1400eaffeafffeff1c001000eefff6ff0600,100030001600e8ffeaff0c0024000400784e8c91e0ee924d7acc30f0a06408cc
7366,7366,0,fcfffcffeeff000010000000fcfffcff1c00eaffeeffeeff220002000e00deff,e6ffe6ff0c00faff2e00f2ffdafffaffe2fff2ff36002600faff1c00dcffdcff,dcff0e00140014000000100004001400ccfffaff1c002a0000000000f6fff6ff,deff10004600f8fffaff3e002400e4ffb2cc66efa6635acbb29110642a4ed291
7367,7367,0,0a001a0010000000e2ff0000fcffecffcaffdafff2feeefff4ff02000e002e00,1400f6fffaffeaff3e00f2fffaffeaff1400f2fff8fff8ff0c000c00dcfffcff,fcfffcff0400f6ff1000000004000400eaff2800fefffeff10002000e6fff6ff,00002000e8fff8ff3e000c00e4ff24006c91e663804e80927cef3e4e00cd90ef
7368,7368,0,0a00fcff00000000f2ff1000ccfffcfffaffcaffeeffe0ff12000200feff0e00,1400f6ff0c00caff20002e000a00faffe2ff1400f8ff06002c00faff0c000c00,1e000e0004000400eeff200024000400fafffaff0c00feff1000eeff06000600,0000deffdafff8ff1c000c001400240066eef84ec2cc84ed00643aced291f863
7369,7369,0,2a000a0020000000e2fff2fffcff0c000c000c00eefff2fe120002002e003e00,040004000c000c00f2ffe2fffafffafff2ff140016001600eafffaff0c001c00,0e009cff040014000000100024001400fafffaffeeff1c000000defff6fff6ff,6800ceff16000600faffdaff44000400346372cd509276633e4fa291e8ed804f
7370,7370,0,0a000a00100020000000e2ffecfffcffbafffaffe0ffe0ff02001200feff0e00,e6ff0400faff0c003e00f2ff0a00eaff1400040006000600eaffeafffcff0c00,ecff0e00f6ff04000000eeffd4fff4ff0800eaffeeff1c001000eeff16000600,eeffeeff06001600eaff1c00f4ffe4ff984f7c91c4ecb04e1aceccedb863b0cd
7371,7371,0,0a00fcff00002000200010001c00fcfffaffdaffeeffd0fff4ff30002e000e00,f6ffe6ffdafffaffe2ff2e00fafffafff2ff0400f8ff0600fafffafffcff0c00,0e00dcfff6ffe6ff0000200004000400daffdaff0c00feff000020001600f6ff,000010000600caffeaff2c00040014006ecebaedf66222cd62914e63c04fa291
7372,7372,0,ecff0a0020000000100010001c00fcffbaff0c00eeffe0ff02001200feffdeff,04000400eaffdaff2e00f2ffeafffafff2ff14001600c8ffeafffaffdcffccff,fcff0e0004000400eeff1000140024000800daff0c001c00200010000600f6ff,eeff6800f8ffe8ff3e000c00f4ff04002c91f462764f5092bced225030ce88ed
7373,7373,0,2a00fcff1000eeffe2ff1000fcff1c00dafffaffeeffd0ff0200e4fffefffeff,1400f6ff0c000c00d4ff20000a00fafff2ff1400d8ffe8fffaffeaffdcfffcff,0e000e001400f6ffeeff0000f4ff24000800daff0c000c00eeffeefff6ff1600,10001000caff16000c00daff040044001aed2e5012ce04ec2e639ace62911863
7374,7374,0,fcff2a001000eefff2ff2000fcffecffcafffaffeeff0c0012000200eeff0e00,f6fff6ff1c00eaff00000000faff4a00f2ff0400c8ff16001c00faff1c00fcff,fcff0e000400040000001000f4ff2400daffeaff0c000c0030000000e6ff0600,2000eefff8ff2400eaffeaff0400e4ffc462fece5092c662b2501291b8ecb050
7375,7375,0,fcffecff00002000f2ff4e00ecff0c00eafffaffe2fefeff0200f4fffeffceff,e6fff6ffeaffeaff20002e001a00eafff2ffe2fff8fff8ff0c001c00dcff2c00,1e00dcfff6ff22000000100004000400daffccfffeff2a002000300006000600,0000eeff24001600daff1c004400e4ff6e502c9136ebb64feacefcecf86238cf
7376,7376,0,fcfffcffeeff2000e2ff1000ecfffcff0c000c00cefffefff4ffe4ff2e000e00,0400f6ff0c00fafff2ff2e000a00eaff24000400e8ff1600eaff1c00fcffecff,fcffdcfff6ff0400eeff0000140004002800eaff1c00feff0000eeffd6ff0600,deff10001600f8fffaff2c00f4ff140014d0beebc6623ecf12919e62ea508291
7377,7377,0,1a00fcff00000000f2ff1000fcfffcfffaff2c000c00d2fe02000200eeffeeff,1400f6fffafffaffd4ffd4fffaffeafff2ff1400360006000c00fafffcffdcff,fcff0e0014001400eeff000014002400ccffeaff1c000c000000eeffe6ffe6ff,100010000600f8ff2c000c00c4ff44000c912462b2522092dceb6250a8cfd0eb
7378,7378,0,bcffbcff00000000f2ff2000fcffdcfffaffeaff0c00deff1200f4ffeeff0e00,f6ff1400fafffafff2ff0000faffeaffe2ffe2fff8ffd8ff1c00eaffecffecff,1e00fcff140004002000eeff040004000800fafffeff1c0000002000f6fff6ff,30001000f8ff16003e00eaff04002400beea2e513ecfcee95e62aed022912c62
7379,7379,0,0a00fcff00000000f2ff0000ecff1c001c00caffeeffeeffe4ff0200eeffeeff,f6ff0400eaffeafff2ff3e00fafffaff0400f2ffe8fff8ff1c002c00fcfffcff,0e009cff0400f6ffeeff000014002400eafffaffe0ff0c00eeffeeff16000600,1000defff8ff1600faff0c00e4fff4ffa86144d0009256627251e290c4eaba51
7380,7380,0,fcff0a00eeff0000f2ff10000c00fcffeafffaffeeffc2fe0200f4ff0e00eeff,0400d6fffaff1c00e2fff2ff0a00eaff040004000600d8ff0c000c003c00dcff,9cfffcff0400f6ff00000000f4ff1400daffdaff1c000c00eeffeeff06001600,deff100072001600eaff1c000400f4ffbe51cc900ee9f252ced04ceb9c61f8cf
7381,7381,0,ecfffcff00001000e2ff0000ecfffcffdafffaffeeffceffe4ff0200eefffeff,1400f6ffeaffeaff2e00d4fffaffdaffe2ffe2ffd8ffd8ff2c000c00dcffecff,fcfffcfff6fff6ff0000eeff2400f4ffccff0800fefffeffeeff300006000600,eeff30000600dafffaff2c00e4ffc4ff44d184e9a0613ed0c2901e620a522291
7382,7382,0,ecffecff100010004e000000ecffecffcafffaffc2fee2fe0200f4ff2e00feff,1400f6fffaffeafff2ff2000eaff0a001400f2ffc8ffe8ff0c000c00ecfffcff,fcff1e00f6ff0400eeffeeff14002400eaffccfffeffeeff1000eefff6fff6ff,eeff7800f8fff8ff2c001c00f4fff4ffdc9048618253b09186e9fa527cd104ea
7383,7383,0,fcff1a0010001000000010000c00bcfffaffcaffe2fef2fef4fff4ffeefffeff,0400f6ffdaff0c00e2ff00001a00faff040004000600e8ffeaff2c00fcffdcff,1e00dcff0400f6ff0000deff040014003600faff0c000c00eeff0000e6ff2600,10000000daff54002c00daff0400040032e92852fed020e83a612ed122917c61
7384,7384,0,0a00fcff0000eeffe2ffe2fffcff1c00caff0c00e2fee2fe0200c6ffdeff2e00,24000400fafffaffe2ff0000faff0a00e2ff1400360006000c000c001c001c00,1e000e0004000400eeffeeff04000400eaff2800feff0c00eeffceffe6ff1600,30000000e8ff5400fafffaff040014004861a4d1c0916061a652d29084e99a52
7385,7385,0,ecff0a000000000000000000ecff0c00eafffaffeeffe2fe02001200eefffeff,f6fff6fffafffaffe2ffe2ff0a00faff0400040016002600fafffaff2c00ecff,1e000e0014000400eeff000024001400dafffafffefffeff2000100006001600,eeffeeff46000600daff1c001400d4ff2a539c90b0e7f253c2d256e90c61ccd1
7386,7386,0,fcfffcff200000000000e2fffcfffcffdafffaffe2feceff2200f4ffeeffeeff,040014001c000c002e00f2ff0a00eafff2ff04000600f8ff0c001c001c00ccff,dcfffcff0400e6ff0000eeff04000400faff0800feff0c00eeff20000600d6ff,deff10000600cafffaff3e000400f4ffe0d272e8b260bad1b290aa607653d890
7387,7387,0,0a00ecff00002000f2ff00000c00ecffdaffcaffe2fee2fe30003000feffeeff,14001400faff0c000000e2ff0a00fafff2ff1400060026001c003c00fcffecff,1e00fcfff6ff0400000000000400140028000800fefffeffeeff000006000600,10001000f8ff06001c000c00d4ffd4ff9c9088606254a091a8e78a534ed33ae8
7388,7388,0,0a000a0010000000e2ff2000ecffecffdaffbaffeeffe2fe0200d4ff0e000e00,04001400eafffaffd4ff0000eaff0a00f2ff04000600c8ff2c000c00dcff0c00,0e000e0014000400deffeeff14000400dafffaff1c000c00eeff20001600f6ff,30003000baff06002c00c8ffe4ff14007ce72254d0d200e7ca6044d4c890cc60
7389,7389,0,fcff0a0000001000d2fff2ff0c00ecffdafffaffc2feeeff0200e4ff1e000e00,e6ff1400fafffaffe2ff2000eaff1a00f2ffe2ffe8ffc8ff4c000c00ecfffcff,dcff0e001400f6ff00000000040004000800faff1c001c0000000000f6fff6ff,2000eeffdaff4600fafffaff04001400486060d3c09182604c54a290dae7b653
7390,7390,0,fcff0a000000eeff000000000c00dcffdaff0c00feffdeff02001200eeffeeff,040004000c000c00e2ff20001a000a00f2fff2ffc8ff16000c001c001c00fcff,0e00ecffe6ff1400deff00001400e4ff1800faff1c000c000000eeff1600e6ff,eeff000006000600eaff2c003400a4ff96547c90b0e6705514d49ae53260fed3
7391,7391,0,fcfffcffbeff1000f2ff0000ecffecff0c00caffeefffeff020012000e003e00,e6fff6ff0c00fafff2ff00000a000a000400f2ff1600d8ff1c002c00ecfffcff,0e000e00f6fff6ffeeffeeff14001400eaff18000c00feff00000000f6fff6ff,eeff10000600caffeaff0c00f4ff0400d0d3bce6ec5f50d5b2909a605654b890
7392,7392,0,fcffecff1000eefff2fff2fffcfffcff0c001c00e2feeeff300002000e00deff,14000400faffdaff00000000faffeaff0400360046002600eafffaff4c002c00,0e000e00f6ff0400eeffeeff240004002800ccfffeff2a000000deff0600f6ff,eeff5800daff06002c00faffc4ff34006c9028601e56709148e65c55e6d4b8e6
7393,7393,0,fcffecff00001000f2ff1000fcfffcffcaffcafff2fe0c0012001200feff0e00,1400f6fffafffaff0000e2ffeafffaff0400e2fff8ffe8fffaff0c002c001c00,0e000e0004001400deff0000140004000800faff0c00feffeeff100026001600,30001000caff06002c00eafff4ff140040e5e654f0d524e5965f64d4b890aa5f
7394,7394,0,1a002a00100010000000f2ffccff1c00caff0c000c004c00e4ff30000e000e00,04001400faff0c00f2ff0000eafffaff0400f2ff1600f8ff2c002c000c00ccff,1e00fcffe6ff0400000000000400f4ffeaff2800feffeeff0000ceff1600f6ff,3000eeffe8ff1600faff0c00f4ff0400525f4cd58091645f3c559290d8e51e55
7395,7395,0,fcfffcff00000000000000000c000c00dafffaffceffeeff120002001e000e00,0400e6ffeafffaff0000e2fffaff0a000400d2ffc8ffe8ff0c001c000c00dcff,fcffdcfff6fff6ff0000100024001400faffeaff0c000c001000deff06001600,1000eeff0600f8fffaff0c002400f4ff86557c9004e54e5654d52ae55a5f86d5
7396,7396,0,0a00fcff00001000f2ffe2ffecff1c00fafffaffceffdeff120050003e001e00,e6ff1400faff0c00e2ff3e00eaff0a000400e2ff0600e8ff1c000c00dcff0c00,0e000e0004000400ceff10001400f4ffdaffccfffefffeffeeff20000600f6ff,eeff10001600daff0c001c00e4ff040058d610e5245fded6a290665f7e55a890
7397,7397,0,fcfffcff100000000000e2ff0c000c00faff0c00feffeeff12003000feffeeff,1400f6fffafffaffe2ffe2fffafffafff2ff0400f8ffc8ff0c00faffecfffcff,0e000e003200f6ff1000deff0400f4ff0800eaffeeffeeff0000deff26000600,000030000600f8ff2c000c001400f4ff6c90f25efe5690911ae44c55f6d5f8e4
7398,7398,0,0a000a000000eeffe2ff1000fcfffcfffaffeaffceffeeffe4ff02000e003e00,f6ff1400eaff0c0020002e00fafffafff2ff1400d8ffe8fffafffaff0c00fcff,dcfffcfff6ff14000000eeff04001400280028000c000c003000200006000600,20001000caff06000c00b8ff14003400b0e4b6559cd734e4c65ec4d69890fa5e
7399,7399,0,fcffecff10000000f2ff0000ecff0c00faffeaffe2feeeff1200f4fffeffeeff,1400e6ffeaff1c005c00f2ff0a000a001400f2ff0600f8ff1c000c000c00fcff,1e008cff0400140010001000f4ff24000800faff1c00eeff00002000f6ff0600,2000befff8ff16001c000c0014001400825ef8d68091945e9c56ee8f80e4ce55
7400,7400,0,fcfffcff000010000000e2fffcfffcff0c00faff1c00f2fe120002001e000e00,14000400faff0c000000f2ff0a00faff1400f2ffe8fff8fffaff0c00dcfffcff,0e00dcff14001400deff00000400f4fffaffeaff1c000c0020001000f6fff6ff,eeff000006000600faff0c00f4ffd4ff92564c90a6e24e5744d768e2125e1ed7
7401,7401,0,1a00fcffeeff0000f2ff0000fcff1c002c00faff1c00feff40000200fefffeff,e6ffe6ff0c00fafff2ff0000faffeaff04000400060036000c000c001c00fcff,dcffdcfff6fff6ff0000eeff04002400eaff0800feff1c00eeff2000f6ff0600,beff30005400dafffaff2c00e4ff040038d72ae3845e3cd8de8f965e5e566890
7402,7402,0,ecff0a00000000000000f2ffecffdcfffafffaff2c000c00f4ff0200feffdeff,0400d6fffafffafff2ff00000a000a001400140006002600caff2c00fcff1c00,0e00ecfff6ff14002000200034000400faff0800feff0c001000eeff1600e6ff,eeff10000600daff2c00faffe4fff4ff4c90325e6e57ea90a8e21c579ed7c0e3
7403,7403,0,fcffecff1000eefff2ff10000c000c00faffdaffdeff0c00f4ff12000e000e00,f6ff24000c00eaff10004c000a001a000400f2ff06001600faff1c00fcffbcff,dcfffcfff6ff04001000deff14001400faffeaff7600feffeeff40001600f6ff,10001000daff06001c00daffe4ff14005ae21257ecd8b4e2165e84d77890d25d
7404,7404,0,0a001a001000eeff1000e2fffcff0c00faffdaff2c00eeff2200e4ffdeff2e00,24000400daffeaff0000f2ffeafffaffe2ff0400f8ff3600eaffeafffcffdcff,dcfffcff0400f6ff1000eeff04000400360008001c000c0010000000e6ffe6ff,20000000e8ff46000c00fafff4ff1400965d4ed84091b85d9c57ce8fb4e26657
7405,7405,0,fcfffcff10001000f2ff0000dcfffcfffaffbaff0c00eeff12002200fefffeff,040004000c00eaff20002e000a00faffd2fff2ffd8ff36000c00eaffecffecff,0e00ecff14001400eeff000004001400280018001c00feff000020000600e6ff,0000eeff16000600eaff1c002400d4ff82576c9050e13e58a8d8a4e1625db0d8
7406,7406,0,dcffecffceff1000f2fff2ff0c000c00eafffaffeeffe2fe220030002e000e00,e6ff0400eafffaffe2ff20001a000a000400e2ffd8ff06000c000c000c00dcff,ecfffcff04000400000000000400140028001800fefffeffdeff00001600f6ff,ceff30001600daff0c000c0014000400ded86ee1285d4cd98290365db6573890
7407,7407,0,fcff0a001000000000001000fcffccfffafffaffeeffeeff22001200eeff1e00,040024000c000c00e2fff2fffaff1a00e2ffe2fff8ff1600faffbaffdcffdcff,fcff1e00e6ff04002000000004000400eaffccff1c00eeff10000000f6ff0600,ceff58000600daff0c00faffe4ff44005c90065dc458ea90f4e0105860d964e1
7408,7408,0,ecffecff00000000f2ff0000ecffdcff0c001c00eeffe2fe0200e4ff2e00eeff,140014000c000c003e00f2ffeafffaff140004001600c8fffaff1c00ccffecff,0e001e00f6ff04001000deff0400f4ff180008000c000c00100020000600f6ff,eeff0000daff16003e00c8ffe4ff5400cee02858c8daa2e0165d2cda4890325d
7409,7409,0,fcfffcffeeff00000000f2ff1c000c00fafffaffeeffeeff1200f4ffeefffeff,1400e6fffafffaffe2ff20000a000a001400f2ff260046001c000c000c00dcff,9cfffcff14002200eeffeeff04000400daffdafffeffeeff0000deffd6fff6ff,1000ceffdaff46000c00fafff4ffd4ffe65c6ada0a91e85cc058de8ff4e02658
7410,7410,0,1a002a00eeff0000f2fff2fffcff0c00caff1c00eeffeeff220022000e002e00,e6fff6ffeafffaff0000f2ff4a00faff04000400f8fff8ff0c002c00dcffecff,fcff0e0004000400deffeeff140014003600bcffeeff1c002000eeff36000600,2000defff8fff8ffeaff1c003400f4ff88583c9022e0e4584cdaa0dfc25ce0d9
7411,7411,0,fcfffcffeeffeefff2fff2ff0c00ecfffafffaff1c00f2fe120002000e000e00,1400f6ff0c00eafff2ff00000a00faff140014004600e8ff0c000c000c00ecff,1e00fcff1400f6ffeeffeeff140004000800ccff0c000c00eeff00002600d6ff,eeff10001600e8ffeaff2c00d4ffc4ffaada0ee0485c38dbde8f165db8583890
7412,7412,0,2a001a002000100010001000ecfffcfffaffdaffdeff4c00220012000e00feff,140004000c00eaff2e00f2ff0a00faff140014001600aaff2c00aaff1c00ccff,fcff2e000400f6ffdeffeeff14000400daff08000c001c00deff000036001600,eeff1000e8ff06001c000c00d4ffe4ff3c90325cb459ea9060dfa059a0da02e0
7413,7413,0,ecff0a0010000000f2ff1000fcfffcffeafffaff0c00eeffd4ff12002e000e00,e6ff0400eafffaff4c00f2fffaff1a00f2ff1400e8fff8fffaff1c003c001c00,2e00dcfff6ff04001000000014000400eaff18000c000c002000deff16000600,00000000baff16002c00eaffd4ff0400e8dee858e8db04df265cccda58901a5c
7414,7414,0,ecffecff20000000e2ff00000c000c00bafffaffeeff2c00f4ff2200feff0e00,0400e6ff0c000c003e00e2ff0a001a00f2fff2fff8fff8ff0c000c000c00dcff,0e001e0004001400100010003400f4fffafffaff0c00eeffeeffdefff6ff1600,3000eeffdaff16001c00eaffe4fff4ffd25baadb5091985b145a629052df3859
7415,7415,0,fcfffcffeeff00001000f2fffcfffcff0c00caff2c000c00f4ff0200feff0e00,f6fff6ff0c000c00d4ff20005a00fafff2ff0400160006000c000c00fcffccff,fcff1e001400e6ff00000000f4ff0400fafffaff1c000c00deffeeff0600e6ff,1000beff1600daff0c001c002400d4ff68593c9036de9a5a30dc20df9a5bb2db
7416,7416,0,fcff0a0010001000f2ff00001c00ecff0c00faff0c000c005000f4fffefffeff,1400f6fffaff0c00e2ff3e000a00fafff2ffe2ff160006000c00eaff0c00ecff,1e008cfff6ff14002000100014004400ccff08000c000c002000eefff6fff6ff,eeff10006400caffc8ff3e000400d4ffacdcb8de685ba8dcde8fc45a98593890
7417,7417,0,0a000a002000eeff100000000c000c00dafffaff0c000c0040001200eeffeeff,140004000c001c00e2ff2e000a00fafff2fff2ff36000600faff0c00dcff0c00,9cff0e00e6ff0400000010001400f4ffeaffccff0c000c003000eeff06001600,ceff20000600e8ff1c00faffb4ff04003c90b45aaa5ada9070deb059dadc2ade
7418,7418,0,fcfffcffeeff0000f2fff2ff0c00ecffcaff0c000c000c00d4ffe4ff0e00feff,04001400fafffafff2ff00000a000a0024002400c8fff8fffaff2c00dcffecff,dcff1e00f6ff0400200000001400f4ffeaff2800eeff1c000000200016001600,20000000cafff8ff0c00daffe4fff4ff6cddc85996dde6dd045b50dd18901a5b
7419,7419,0,fcfffcff00001000f2ff1000ecff0c00faffdafffeffeeff02003000deff0e00,d6ffe6ff0c000c00000000000a00faff0400f2ff160036000c000c000c00dcff,ecfffcff140014000000eeff140014001800faff0c006600eeff0000f6ff2600,1000deff060024001c00faff0400f4ff425a7cdd1a91485ba45a42909add385a
7420,7420,0,0a000a00eeffeeff0000e2ff1c001c00fafffaff1c00f2fef4ffe4ffeeffeeff,f6ff2400fafffaff0000d4ff0a000a00f2ff1400160036000c002c001c00fcff,dcff1e001400140010002000140024002800daffeeffe0ffdeff3000e6ff0600,eeffeefff8ffe8fffaff0c000400e4ff745a4c9006dd285ba0dd60dc5e5a6add
7421,7421,0,fcffecff000000001000f2ff0c00fcff1c00daff2c00eeffd4fff4ff0e00ceff,f6ff04000c000c00000000000a00fafff2fff2ff1600f8fffafffaffdcffdcff,fcfffcff140004000000000014000400daff3600feff0c000000eeff0600f6ff,eeff00000600caff0c002c00d4ffe4ffacddecdcda5a46de4290f45abe5a1890
7422,7422,0,fcfffcff000010000000d2ff0c00fcffcaffeaff0c00e2fef4ff2200eeffeeff,0400f6fffaff0c00f2ff3e00eaff0a001400e2ff16003600faff1c00ecfffcff,1e000e000400f6ff1000eeff04000400faffdaff0c001c00deffeeff0600f6ff,eeff3000f8fff8ff2c00faffe4ff04004c90b859b85bea9020dc945b6adefadc
7423,7423,0,fcff2a00eeff0000f2fff2fffcff0c00faffcaffeeff1c0002002200deffeeff,1400f6fffaff0c00000000001a000a00f2ffe2ff0600f8ff3c00eafffcffdcff,fcfffcfff6ff0400deff0000f4ff2400eaffdafffeff1c0000000000e6fff6ff,10000000dafff8ff1c00eaffe4fff4ff6cdc145bf4de08dc345aa0de3890a859
7424,7424,0,ecfffcff00001000e2ff10001c000c00fafffaffeeffeefff4fff4ff0e00feff,0400e6fffaff1c0010004c00faff1a00f2fff2ff060006003c002c00fcff0c00,dcfffcfff6ff04001000100034001400faffdaff0c000c000000defff6ff0600,1000defff8ff1600daffdaffe4fff4ff5859c8deda908a5ad65b5290e2db3a5b
7425,7425,0,0a00fcff2000100000000000ecfffcff0c00eaff0c000c00f4ff0200eeff0e00,1400e6fffaff0c00d4ff2000fafffafff2fff2ff2600f8ff0c000c00fcffecff,1e00fcfff6fff6ffeeffdefff4fff4ff280008001c000c000000deff06000600,3000eeff4600f8ffdafffafff4ffa4ffb25b3c90a8db285c60df5cdb685902df
7426,7426,0,fcfffcff00001000f2ff10000c001c00fafffaffceff1c0002000200fefffeff,d6ff14000c00faff20004c00eafffafff2ff0400060046001c000c00ecffecff,1e00fcff04001400100000001400b4fffafffaff1c001c000000eeff2600f6ff,000010001600f8ff0c001c000400d4ffcedf0adba459f2df72904059ea5b3890
7427,7427,0,fcfffcff20001000100000000c001c001c00fafffeffdeff22000200eefffeff,0400e6ffeaff0c00e2ff2000eafffafff2ff0400d8ffe8ff1c000c000c000c00,fcfffcff1400f6ff10000000140004000800eaff1c000c00deffeefff6ffe6ff,00003000f8ffe8ff2c000c00f4ff04005c909858885cea903cda065c02e0b2db
7428,7428,0,ecfffcff000000000000f2ff0c00fcffdafffaff0c001c0012001200eefffeff,04001400faffeafff2fff2fffaff1a00f2ffe2fff8fff8ff0c000c00fcff1c00,ecff0e00f6fff6ffdeffeeff240034000800eaffeeff1c00eeffeeffe6ffe6ff,20001000f8ff16003e00fafff4ff040018da225c72e008dbf058f4e018900859
7429,7429,0,fcff0a0010000000f2ff1000fcff1c00faff1c001c000c0002001200ceff0e00,040004000c001c003e0000000a000a000400e2ff36002600faffeafffcffecff,1e000e00e6ff04000000eeff04002400faff08000c00feffeeffeeff16001600,20000000060024002c00eaff1400e4ff68585ee01a914459a65c629080da7a5c
7430,7430,0,dcffecff1000eeff10000000dcff1c00cafffaffeeff0c0002001200eeffeeff,d6ffe6ff0c001c001000f2ff1a00fafff2ffe2ffe8ff3600faff0c00ecffecff,fcff0e00f6fff6ff00001000040014001800daff0c000c00eeff20002600e6ff,eeffeeff0600e8ffb8ff0c000400e4ffc65c4c9002da785db4e038d96858e4e0
7431,7431,0,fcfffcffeeff000020000000fcfffcff0c000c00eeffd2fe020002002e00eeff,f6ffe6ff2c001c00e2ff00000a00faff0400f2fff8fff8ff0c00fafffcffdcff,1e00ecfff6fff6ffeeffeeff140014000800faff0c00eeffceffeeffe6ff0600,deff20001600e8ffeaff0c00e4ffe4fffee03ed99458f2e042901059c25c2890
7432,7432,0,fcfffcff10000000f2fff2ffecff1c00daffcafffeffe2fe02000200eeffeeff,040014000c002c00f2ff00000a001a00e2ff04000600d8ff2c00faffccff0c00,ccfffcffe6ff14002000eefff4ff2400daff0800eeff0c00eeffeefff6ff1600,eeff2000f8ffdaff0c00faffe4ff24003c90f857485d9091f8d8465da4e150d9
7433,7433,0,ecffdcff10001000000000000c00dcff0c000c00deffeeff12000200eeff2e00,e6ff1400faff1c00e2ff5c001a000a0004000400d8fff8ff1c000c000c00ecff,9cff1e000400f6ff2000100004001400180028000c000c00eeff100026001600,3000eeffdaff16002c00c8ffd4ff0400eed8465df2e194d9505844e128908657
7434,7434,0,0a00fcff00001000200000000c00fcfffaff1c00deff2c000200e4ffceff0e00,04001400fafffaff3e0000001a00fafff2fff2ff1600d8ff1c000c00fcffccff,ecff3e00f6fff6ff0000100014001400faffdaffeefffeff10000000e6ff0600,2000deffdaff0600faffeafff4ffc4ff52576ae290919458565d3290c0d8725d
7435,7435,0,1a00fcff0000100000001000fcff0c00daffeafffefffeff120002000e00eeff,14001400dafffafff2fff2ff0a000a001400f2ff260026000c000c001c000c00,0e000e0004000400ceffeeff04001400fafffafffeff0c00deffeefff6ff0600,0000eeff16000600b8ffeaff1400e4ff865d4c90bed8b85d98e2c8d8465734e2
7436,7436,0,2a00fcffeeff2000f2fff2ffecffecff0c00faffeeffceff12002200eeff0e00,e6ff24000c001c002e004c00faff0a00d2fff2ffd8ffd8fffaff1c00ecffacff,ecff0e001400140010000000140004001800faff1c000c0000002000f6fff6ff,ceff10000600daffeaff1c002400f4ff2ae30ed8f05764e342900c57d25d2890
7437,7437,0,0a00fcff10000000f2ff0000fcfffcffcaffbafffeffe2fe120002000e00eeff,f6ff24001c001c00e2ff20000a00faffe2fff2ff160006000c001c00fcfffcff,fcff0e00f6ff04002000000024000400180056001c000c00eeff0000e6ff0600,deff1000caffe8ff1c00eaffe4fff4ff4c901257945efa90a4d7265e30e3a8d7
7438,7438,0,1a00ecff1000200000002000fcffdcfffaffdaffc2fedeff22004000fefffeff,040004000c00faff0000d4ff0a000a00f2ffe2ff36003600eafffafffcff1c00,2e00fcff0400e6ffeeff1000040004001800eafffeff0c00eeffeeffd6ff1600,eeffeeffbaff16002c00dafff4ff0400c8d6325e44e4acd79c5602e53890f656
7439,7439,0,ecfffcffeeff00001000f2ff0c000c000c00faff0c00e2fe1200e4ffeeff0e00,040004000c001c003e00e2ff0a00eafff2ff1400d8ffe8ff1c000c00fcfffcff,1e000e00140004001000000014002400fafffaffeeff0c00100000000600f6ff,2000ceffdaff16001c00faff1400140072569ae360911057765e5290d8d6425e
7440,7440,0,0a000a0000000000e2ff3000fcff0c00daffdaffdeff1c002200e4fffeff0e00,140014000c001c000000e2fffaff1a0024000400f8ffe8ff0c000c00ecfffcff,fcff0e00f6ff140000003000f4fff4fffaffdafffeff0c000000eeff36000600,eeffeeff06000600daffeaff3400e4ffd25e8c90bed6f45e12e514d6de5550e4
7441,7441,0,fcff0a0000002000f2fff2ffecff0c000c00faff0c00f2fe1200f4ff0e000e00,040014000c00faff2e00f2ffeafffafff2ff1400f8ffd8ff0c000c00fcfffcff,ecffdcfff6ff04001000deff340014000800daff0c00feffeeff0000f6ffe6ff,deff30004600dafffaff0c000400040040e538d6d056c4e48290bc56a25e6890
7442,7442,0,ecff1a0010000000f2ff00000c00ecfffafffaffdeffeeff1200e4fffeffeeff,1400f6ff1c002c000000e2fffafffafff2ff0400e8ff0600faff0c000c00fcff,fcfffcff14000400eeff1000040014002800ccff0c00feffeeffeefff6fff6ff,ceffeeff1600f8ff1c001c00e4ff34008c90c655245f609154d5365f88e510d6
7443,7443,0,0a00dcff00001000f2ff20001c003c000c00caffeeff0c00120030001e002e00,f6ff1400faff0c003e002e00faff1a00040014001600c8ff0c000c001c00fcff,0e00fcff0400040000002000040014000800fafffeff2a002000eefff6ff3600,30000000caff06000c00faffe4ff14006cd5f25e74e58ed6fc5562e558908e55
7444,7444,0,2a000a0010000000f2ff0000fcfffcffdaffcaffdeffeeff500012000e000e00,040004000c001c00f2fff2ff1a00faff04000400d8ffe8ff2c002c00dcff0c00,fcff1e00f6fff6ff2000bcff04001400ccffdaff1c001c00deffeefff6ff0600,3000eeffe8ff16001c00faffe4ff140066550ce6a0911e56265f629030d5da5e
7445,7445,0,fcfffcff200000000000f2ffecff0c00dafffaffe2feeeff22000200feffdeff,1400f6ff1c00faff00000000faff0a00e2ff14000600e8fffafffaff0c00fcff,1e002e0014000400000000002400040028002800feff0c002000eeff06000600,0000deff16000600daff2c001400c4ff925f9c90a0d5645f02e714d5ee54c8e5
7446,7446,0,fcfffcff000000002000f2ff0c00ecff0c00eafffeffe2fe02000200feff0e00,f6ffe6ff0c000c002e0000000a00faff0400f2ff160026000c00faff0c000c00,dcff0e00140004001000000014000400ccffbcfffeff1c00eeff2000f6ff0600,deff00000600daffeaff3e00f4ffe4fface6dcd45055c0e6b29018547a5f7890
7447,7447,0,fcffbcff0000eefff2ff10001c00dcfffaff0c000c00eeff30003000feffeeff,f6ff04000c00faffe2ff20000a00faffe2ff0400360006000c001c00fcff0c00,fcff0e00d8ff14000000000014002400eaff46000c00feff1000eeff16003600,eeff10000600e8fffaff1c00e4ff04008c90c6543460809104d4c65fc8e6c0d4
7448,7448,0,fcfffcff00002000e2ffe2ff1c00ecfffaff1c00deffeeff0200f4ffeeffceff,e6ff14001c000c002e000000faffeaffe2ff14002600e8ffcaff2c001c00dcff,0e00fcfff6ff04001000100024000400fafffaff0c000c00eeff000016000600,20001000cafff8ff1c00faffe4ff040020d3286020e7a0d4185456e888907654
7449,7449,0,fcfffcff1000eeff1000e2ffecffecff0c00faffeeffeeff02000200deffaeff,f6ff14000c001c00200020000a00faff0400f2ff260016001c000c000c00fcff,1e00fcff140004002000200004001400eaffdafffefffeff0000eeff0600e6ff,1000ceffdaff24000c00eafff4fff4ff22543ce7b09102557a60a29098d3ca5f
7450,7450,0,fcfffcffdeff000000001000ecffecffcafffaffceffeeff12000200feffdeff,f6ff1400eaff3c00e2ff10000a00faff14000400160006002c00faffecffdcff,0e008cff040004001000eeff14001400eaffdaffeeff0c003000eeff36001600,eeffdefff8ff0600eafffaff3400d4ff78609c9020d4d26026e8e2d2e653eae7
7451,7451,0,0a00fcffceff1000f2ff2000ecfffcffdafffaff0c00cefff4ff2200deff0e00,0400e6ff1c001c0000000000eaff0a000400f2ff260036000c002c001c000c00,1e001e00f6fff6ff1000100044001400080028000c001c000000200016001600,deff00001600cafffaff1c00e4fff4ff02e8bed2f254c0e7f290a6538c60b890
7452,7452,0,fcff2a0000000000f2ff0000fcff1c000c000c00feffeeff22001200feff0e00,2400e6ff2c000c00f2ff2e001a00fafff2ffe2fff8ff1600faff0c00fcff2c00,1e000e000400f6ffeeff000014000400faff08000c00eeff0000defff6fff6ff,eeff10000600daff0c00faffe4ff2400cc902a53f0609091c2d2fa602ae838d3
7453,7453,0,fcffdcff20000000f2ff20000c000c002c000c00eefffeff2200e4fffeff1e00,f6fff6ff1c000c00e2ff0000eaff0a00f2ff04003600e8ff2c00caffdcffecff,0e002e00040004000000eeff14000400280028001c001c0000002000e6fff6ff,10001000dafff8ff2c00daffe4ff44001ed2b8609ee872d3c652e6e8c8908653
7454,7454,0,dcfffcff100000001000f2ffecffccfffaff0c00feffceff02002200deffeeff,e6ffe6ff1c001c00f2fff2ffeafffafff2ff040026003600faff0c00dcffecff,dcffdcfff6fff6ff0000200004003400dafffafffeffeeffdeff1000f6fff6ff,1000ceffdaff0600faffeaff14000400b852c2e8e09192534a61a2903cd2ec60
7455,7455,0,dcff1a00eeff200000000000ecff1c003c00faffdeffceffe4fff4ff2e000e00,0400f6fffafffaff2e000000fafffaff0400e2fff8ff16000c000c00ccffdcff,ecffdcff1400f6ff1000eeff140024002800daff0c00feff200000001600f6ff,0000cefff8ff1600daff1c005400f4ff1861ac9086d09061fae992d2ba5254e9
7456,7456,0,fcff0a0020001000e2ffe2ff1c000c00daff0c00feffe2fed4fff4ff1e002e00,f6ff14000c00eaff0000d4ff0a000a000400f2ff2600e8fffaff0c00fcffecff,acff9cff140014002000eeff04002400360008000c00feff0000eeffe6ff0600,000010001600e8fffaff3e001400140084e954d1b2539ee9d29026526c612291
7457,7457,0,2a00fcff10000000e2ffe2ffecffdcff1c00faff0c00eeff0200f4fffeffdeff,2400d6ff0c000c002e00d4fffafffafff2fff2ff260016001c00faffccffccff,ecff0e0022000400200010002400f4ffeaff08000c000c00eeffeefff6fff6ff,000010000600daff1c00faffc4ff1400cc90ce5116620092eed04a6124ea2cd1
7458,7458,0,fcfffcff00001000f2fff2ffecfffcffdaffdaff1c00cefff4fff4ff2e00feff,f6ff0400eaff0c00e2ff20001a000a00f2ff0400060006000c002c001c00dcff,dcff2e0014002200deff0000140024000800daffeeffeeffeeffeeff06000600,10000000daff24004e00eaff1400340094d058610eea46d08251fcebf8903a52
7459,7459,0,fcfffcff0000100000000000fcffecffbaffdaffeeff2c0030001200eefffeff,f6fff6ff0c001c000000f2ff0a00faffe2ffd2fff8ff16001c00faffbcff0c00,fcfffcff1400040010000000140014000800faff1c00eeff0000eeff0600f6ff,2000eeffdaff1600eaffeaff14002400be51fee9009232530e620291c2d0cc61
7460,7460,0,fcffecff100020000000f2ffecfffcff0c00daff1c00fefff4ff0200feff0e00,04001400eafffafff2ff0000faffeaff0400f2ff160036000c003c00ecffdcff,1e00fcff040004001000000014001400faff28001c000c00eeffeefff6ff0600,0000000006001600dafffaff1400e4ffc861fc901ecf56623aeb8acfca5110eb
7461,7461,0,fcfffcff00002000f2fff2fffcfffcffcaff0c000c001c00120012000e001e00,d6ffe6ff2c00faffe2ffe2ff0a00faff04000400540006000c00faffecff9cff,9cff0e00140004001000100004000400faff3600eefffeffdeff1000e6ffe6ff,ceffeeff0600daffdaff1c000400e4ff8eeb54d06252feeaf29062513c62f890
7462,7462,0,dcfffcff10001000f2fff2fffcffecffcaffdafffeff1c0002003000feff0e00,e6fff6ff0c00faff2e002e000a00fafff2fff2ffd8ffe8ffeaff1c00dcffdcff,fcff2e001400e6ff0000eeff14001400faffeafffefffeff0000eeffe6ff0600,eeff10001600daff1c001c00d4ff4400fc90de50866220922acf7e62e0ebe2cf
7463,7463,0,dcfffcffeeffeefff2ffe2ffecffecfffaffdaffeeffe2fe020002001e00feff,d6ff1400daffeaff100010001a00faffe2ffe2ffe8ffe8ff2c000c00dcff0c00,fcff1e0004000400eeff1000f4ff2400faffdaff0c00d0ffeeffeefff6fff6ff,eeff1000f8ff06001c00faff04005400dece446294eb20ceb2505cec52913a51
7464,7464,0,0a000a0000000000f2ff0000fcff0c00fafffaffeeffe2fe12000200feffeeff,140004000c00faffe2ffe2ff1a000a001400e2ff06000600eaff0c00fcff2c00,fcfffcff040014001000deff0400f4ffdaff0800fefffeffdeffeeff06000600,10000000e8ff16001c00eaff24001400be50ceeb309214529e62229128cfac62
7465,7465,0,0a00fcff100000001000e2ffecfffcfffafffaff0c00eeff02000200fefffeff,e6ff04000c00faffd4fff2fffafffaff0400e2ff06003600faff2c001c00ecff,0e00dcff0400140000001000140024000800ccff0c000c002000eefff6ff0600,eeffeeff46004600daff2c000400c4ff74622c9172cd06630ced7acf605060ec
7466,7466,0,ecff0a000000deffe2ff2000fcffecffdafffaffeeffeeff40003000eefffeff,e6ffd6fffaff1c002e0000001a00eaffe2ff0400f8ffe8ffcafffaff1c000c00,2e00ecfff6ff0400100000001400e4ffeaffdaffeefffeff0000eeffe6ffd6ff,ceff00001600caffeaff2c001400f4ff5cecaece4e51b4ec12914e4ff8627291
7467,7467,0,0a00bcff10000000200020001c000c00fafffaff2c00eeff120002000e002e00,e6ffe6ffdaffeaff0000f2fffaffeaff3600e2ff2600b8ff0c000c00ccff0c00,dcfffcff040014000000100044001400daffeaff0c000c0000001000e6fff6ff,deff1000e8ffdaff1c000c00e4ff14002c912e50866330927acefe62a6ede0cd
7468,7468,0,1a003a000000eefff2ffe2fffcff0c00dafffaff2c00feff12001200feffeeff,1400f6ff1c000c003e00e2ff0a00eafff2ff14000600d8fffaff0c00dcffecff,0e001e00f6ff04001000eeff04002400dafffaff0c00e0ff20003000d6ff1600,00001000cafff8ff0c00eaffd4fff4ff1eced462c4ecf2cc2e4fbceea291c04f
7469,7469,0,fcff2a0010000000f2ff1000ecfffcfffaffdaffeeffdeffe4fff4ff0e00eeff,f6ffe6fffaff1c000000e2fffafffaffe2ff0400060036000c000c00fcfffcff,0e000e000400f6ff1000eeff04000400eaffdafffeff0c001000defff6ffe6ff,3000eeffdaff4600faffeaffd4ff2400684f0cee4092be50e063529180cd7863
7470,7470,0,1a003a00100020001000f2ff0c000c00faffdaff2c000c0012003000feffeeff,d6ff0400eaff0c00f2ff2e001a000a000400e2fff8ff3600eaff0c00bcffdcff,0e00dcff0400f6ff2000000014000400daffdafffefffeff0000eeff1600f6ff,0000cefff8ff06000c001c002400040054636c91e2cb46630cefeacc204fb0ee
7471,7471,0,fcffdcff10000000000010000c00fcffdaffcaffdeffcefff4ff2200eeff2e00,140014001c001c002e003e000a000a0036001400c8ff06000c002c00ecfffcff,1e002e00f6fff6ff10000000f4ff0400daff0800eeffeeffeeff100036000600,ceff10002400e8fffaff2c002400e4ffbcee02cd184e24eea2915e4fd863a291
7472,7472,0,fcfffcff10001000e2fff2fffcffecffcafffaff2c002c00220002000e00feff,0400f6ff1c00faffe2fff2ff0a00faff1400f2ffe8ff2600eaff0c001c001c00,0e000e00f6ff04000000000014001400faff0800fefffeff0000eefff6fff6ff,deff10001600f8ffeafffaffd4fff4ff7c91d84eb66370928acc206420eff0cc
7473,7473,0,fcfffcff20001000f2ff1000fcff0c00daffcaff1c00eeff12000200ceff0e00,d6fff6ff0c00eaff00000000faff1a0014003600160006001c00caffdcfffcff,ecff1e00040014000000000014002400faffccff2a002a00300030000600f6ff,0000eefff8ff06000c00c8ffd4ff1400eecb7a6420ef62cb1e4e0cef9291d04e
7474,7474,0,0a001a001000100000000000dcffccfffaff0c00feffe2fef4fff4ffeeffeeff,d6ffe6fffaff1c003e0000000a004a00f2fff2ff360006000c000c000c009cff,0e00fcffd8ff040000002000f4ff1400ccffeafffeff0c00100000000600f6ff,0000befff8ff1600faff0c003400f4ffcc4db2eff692124d5064b291d8cb2864
7475,7475,0,fcfffcff1000eefff2ff0000fcff0c00fafffaffeeffeeff12000200feffeeff,1400f6ff0c001c00f2ffd4ff1a00fafff2fff2fff8ff3600eaff0c00dcffdcff,1e000e00e6ffe6ff1000deff1400240008000800feffe0ff2000000016001600,1000deff1600f8ffc8ff1c0044000400ba648c91b4ca746480f03accda4d80f0
7476,7476,0,1a00ecff00001000f2fff2ff2c002c001c00faffe2feeeff120040000e00aeff,e6ffe6ff1c000c000000d4ff1a000a001400f2ffc8ff06002c00faffecfffcff,0e000e00f6ff14001000eeff1400240008003600fefffeff20002000e6ff0600,eeff10006400f8ffdaff1c001400e4ffeef06ecb824c10f072910e4dc064f291
7477,7477,0,0a000a0000000000f2ff2000ecff0c00dafffafffeffeeffe4ff30000e00feff,f6fff6fffaff1c0000000000faff0a0014001400f8fff8ff1c000c00ecff0c00,fcff0e0014000400eeff100004002400eafffaff0c00e0ffeeff0000f6ffd6ff,ceff48000600dafffafffaffd4ff1400bc919c4d8464f692bacb90642af118cb
7478,7478,0,bcff0a0000000000f2ffe2ff0c00fcffdaffdaffe2fefeff02000200eeff0e00,f6ffe6ff0c00faffe2ff00001a000a00e2fff2ffe8ffe8ff0c000c00ecfffcff,fcff0e00e6fff6ff1000100014001400faffeaff0c00feffeeffeeffe6fff6ff,3000eefff8ff06003e00eaff240034002ccafa64a0f08cc9ee4cb0f1f291d04c
7479,7479,0,0a00fcff100010001000f2ff0c00fcffcaff0c00feffeeff120002000e00eeff,f6ffe6fffaffeaff000000001a000a001400f2fff8fff8ff0c000c00dcffecff,ecff0e000400f6ff0000000024002400dafffaffe0fffeff0000eeff06000600,1000deffdaff46000c001c0014002400ec4c8ef10693a44b006536924cca3065
7480,7480,0,fcfffcff0000eeff10001000fcff0c00faffdafffeffeeff1200e4ff0e000e00,04001400daffeaffe2fff2ff1a00faffd2fff2fff8ff06000c00faffacffacff,2e000e001400f6ffceffeeff04001400bcff9eff0c00e0ff0000000006000600,1000eefff8ff1600b8ff0c001400f4ff6a65bc910cc9e46494f254c9484c5af2
7481,7481,0,fcfffcff000000000000f2ffecfffcffbaffbaffeeff0c00f4ffe4ffeeffeeff,f6ff24002c000c00d4ff2e00daff4a001400040036000600faff0c000c00fcff,1e001e00040014001000000004000400eaffdafffeff0c00eeff20000600e6ff,deff00005400e8fffaff1c00f4fff4ffa8f22cca444bbcf126928e4c30653292
7482,7482,0,1a000a0020001000f2ff3000fcffdcffeafffaffe2fedeff120012000e00aeff,e6ff14000c00faffd4ff3e00faffeaff1400f2ff0600f8ff0c000c00dcffecff,0e000e00f6fff6ff00000000f4ff1400daff0800feffeeffeeff2000f6ff0600,deff00000600e8ff2c002c00e4ff2400dc91f84b04656693f4c83e6606f3bcc9
7483,7483,0,1a00ecff00000000f2ff00000c000c00fafffaffeeff1c0002004000eefffeff,e6fff6ffeaffeaff20003e00faff0a00f2fff2ffe8fff8ff1c00faff0c00ecff,1e00fcfff6ff04001000200014000400faff1800eefffeffceff0000f6ff1600,0000eeffcafff8ff1c00faffe4ff3400f2c8aa6522f21ec82e4cd4f27292584c
7484,7484,0,1a00fcff1000deffe2ff2000fcff0c00fafffaffeeffeeff02000200feff2e00,2400f6fffaff1c00d4ff2e000a00faff0400e2ff2600f8ffeaffeaffccffecff,fcff0e00320014000000200024002400daffeaff0c001c00ceffeefff6fff6ff,3000deffe8ff24000c00b8ff34002400c84b18f33693d44a70652692a2c8b065
7485,7485,0,fcfffcff20002000f2fff2ff0c001c00fafffaffdefffefff4ff0200eeff0e00,14001400fafffaff0000e2ff1a000a00f2ff14000600f8ff2c00cafffcffdcff,2e009cff14000400deff100004001400bcffeaff2a00feff0000eefff6ffe6ff,1000000016007200daff1c0024000400e66576926ec7e26506f414c9484b06f4
7486,7486,0,fcfffcff00002000f2ff00000c00ecfffafffaff0c00feff4000d4ffdeff0e00,e6fff6fffafffaff2e004c000a00eafff2fff2ff26000600faffeaffecfffcff,1e00dcff1400f6ff10000000440014002800eaffe0ff0c0010001000f6fff6ff,deff00001600e8fffaff1c00d4ffe4ffe8f342c8544a52f598929e4bf065a292
7487,7487,0,fcfffcffeeff10000000f2fffcfffcff1c000c00e2feceffe4ff02000e00feff,e6ff0400daffeaff4c00f2ff0a00fafff2ff04000600e8ff0c001c00ecff0c00,2e000e00f6ffe6ff0000100024000400eaffeaffe0fffeffdeffdeff06001600,eeff1000daffdafffaff0c00140004007692564b1266749354c85e6676f4f2c7
7488,7488,0,0a000a0000000000e2fff2ff0c000c000c00faff1c00e2fe2200e4ff0e00feff,f6ff0400eaff0c000000f2fffaff0a001400f2ff360046000c002c001c00ecff,0e000e00f6fff6ffeeffeeff14003400dafffaff2a00eeffdeff200016000600,10001000cafff8ff2c00daff040044009cc7666622f6aec69a4986f5d292284b
7489,7489,0,dcfffcff10000000e2ff0000ccff0c001c001c001c001c00c6fff4ffeeffeeff,1400f6ff1c002c002e00d4fffafffaff1400f2ff360006000c000c00fcff0c00,fcff0e003200e6ff00001000f4ff0400eaff08000c001c00deff00000600f6ff,10000000daff6400faffeaff0400f4ff064b44f594937e49de668892f8c6b266
7490,7490,0,ecffdcff000010000000f2ffecfffcfffaff1c00feff0c0022000200ceff0e00,f6fff6ff0c00faff0000f2ffeafffafff2ffe2ff260016001c000c00dcffecff,ecffdcfff6ff1400100010000400f4ffdaffbcfffeff0c001000eeff16000600,1000deff16000600faff1c004400e4ff8666769230c6526636f6a8c51c4a6ef5
7491,7491,0,ecfffcff0000eeff20000000fcff1c00eafffafffeffeefff4ff30000e00feff,f6ff1400eafffaff00000000faff1a00f2fff2ff060016003c000c000c001c00,fcfffcfff6fff6ffeeffeeff14000400faff1800eeff0c00eeffeeffe6ff2600,000030001600caffeaff3e002400040010f69cc6c04800f728935a492267c292
7492,7492,0,1a00ecffeeff00003000f2ff1c001c00fafffaff0c00f2fee4ff0200feffeeff,240024000c00faff0000e2ff1a000a0024000400f8ff16001c002c00ccff0c00,1e001e00140014001000eeff14000400daff08001c00eeffeeffeefff6ff0600,eeff3000f8ffdafffaffeaffe4ff4400e6927c49d066949368c57e67aef680c6
7493,7493,0,0a00ecff200020001000e2ffecffecff0c00daffe2fe0c00e4ffd4ff0e000e00,f6fff6ff1c00faff3e00d4fffaff0a00f2fff2ffe8ff06000c00faffdcffecff,fcfffcff1400140000000000d4ff1400daff18000c00feffeeff0000f6ff0600,00001000060006001c00faffe4ff0400bcc606674ef790c5a84876f5e2923c49
7494,7494,0,dcfffcff100020001000f2ffdcfffcffdaff0c001c00eeff12000200eeff0e00,e6ff1400eafffaff0000e2ffdafffaffe2ffe2ffd8ff54001c001c00ccfffcff,0e000e000400140000002000040014000800eafffeffeeff0000eeffe6fff6ff,2000eefff8ff16000c00faff0400f4ffcc48e0f64494c0485e672893b0c53267
7495,7495,0,fcff0a00ceffceff10000000fcfffcfffafffaff1c00f2fef4ff1200feff1e00,0400f6fffaffeaffe2ffe2ff0a00eaff0400f2fff8ff16000c000c00fcfffcff,2e001e00f6fff6ff0000eeff54002400faff0800feff0c000000100016001600,0000cefff8ff1600faff1c006400e4ff6667f69222c5406796f718c52c4936f7
7496,7496,0,0a00fcff00000000f2ffe2fffcff1c000c00faff1c001c00f4fff4ffceff1e00,f6ff04000c000c00d4ff0000faff1a00e2ff140026000600faff1c000c000c00,0e000e0014001400eeffdefff4ff1400faffeaff1c001c00deff0000e6ffe6ff,000000006400daffdaff0c004400040006f880c5be478ef8f8927447b2675e93
7497,7497,0,0a00ecff20002000e2ffe2fffcffecfffaffdaff2c000c000200f4fffeffceff,d6ff14000c00eafff2fff2ffeaffeafff2fff2ff060016000c000c00fcffecff,fcff1e0032001400deffeeff1400f4ffccffdaff0c001c000000deffd6ff0600,deff1000f8ffdaff0c000c00b4ff04001693bc488067149468c47e67b6f720c5
7498,7498,0,fcffdcff1000eeff0000f2ffecfffcffeaffeaff2c000c00120002002e000e00,1400f6fffaffeaff2e003e00fafffafff2ff0400360016002c00cafffcffecff,0e000e00f6ff14001000eeff14000400fafffaffeeff0c0000000000d6fff6ff,deff0000e8fff8ff3e001c00d4ff4400d0c4cc67e6f942c4b447faf85e93b247
7499,7499,0,dcfffcff100000002000f2fffcff0c00fafffaff0c000c0030002200fefffeff,14000400faff1c00d4fff2ff0a00faff2400e2ff0600e8ff2c00fafffcfffcff,fcfffcff0400d8ffeeff1000440004001800eaff1c000c00eeffeeff06000600,1000ceffcaff16001c000c004400e4fffc4798f88494ee46ae67489358c4e267
7500,7500,0,2a001a000000eeff0000f2ffecff0c00daff0c00eeffdefff4fff4fffeff0e00,04001400fafffafff2fff2fffaff1a00240014003600e8ffcaffcaffdcff0c00,0e00fcff0400e6ffeeffeeff2400f4fffafffaff0c00feffeeffeeff0600f6ff,1000deff06000600c8ffeaff0400d4ff3c687693b2c36067eaf8f6c26247d8f8
7501,7501,0,ecff1a002000100030000000ecff1c00dafffaff0c000c00e4ff02000e00deff,0400f6ff0c00faffe2ff2e00faffcaff14000400060036001c00eafffcffdcff,0e000e001400e6ffeeff100004001400daff18001c000c003000defff6ffe6ff,beffdeff1600daffeaff1c001400b4ff58f940c340467afa3893144712688e93
7502,7502,0,0a000a0020000000100030000c000c00eafffaff1c001c00120012000e00eeff,14001400eaff0c00f2ff00000a00faff0400f2ff060026000c000c00fcfffcff,fcff0e000400f6ffeeff0000240024004600eaff0c00eeff000000002600e6ff,beff1000f8fff8fffaff2c00f4ff14007693d6460068e494b6c2926898f968c3
7503,7503,0,fcffecff0000defff2ffe2ffecfffcff0c00faff0c00e2fe02000200eeff2e00,f6fff6fffafffafff2ff2e000a005a0004000400f8ffc8ff3c000c00fcff0c00,ecff1e00040004000000100004001400eaffdaff0c00feffeeffeeff26000600,20001000dafff8ff2c00daffe4ff140040c26c688afad2c294466af9de934247
7504,7504,0,ecfffcff10000000f2ff1000ecfffcfffaff0c00deffeefff4fff4ffdeff0e00,f6fff6ff0c001c00e2ff1000eafffaff3600f2fff8ff06000c000c00ecff0c00,1e002e00140004000000deff040004003600faff1c001c002000eeffe6ff0600,2000defff8ff1600faffb8ff24001400764672fa0495a245a2680a9428c36268
7505,7505,0,1a000a00200000000000f2ffdcfffcff0c00faff2c001c00020002000e000e00,1400f6fffaff0c002e00f2ff1a00dafff2ff140026003600eaff0c00ecff2c00,1e001e0022001400eeff10000400e4fffaffacff1c000c00eeffeeffe6ffe6ff,eeffceff16001600eafffaffe4ffc4ffcc68d69390c14068defa56c21046c8fa
7506,7506,0,fcfffcff100010002000f2fffcffecffdaffbafffeffeeff12002200feffeeff,1400e6fffaffeafff2ffe2ff0a00faff0400f2ff06003600faff0c000c00ccff,0e000e000400f6ff2000000024000400eaffdaff1c000c0000001000f6fff6ff,ceffeeff46000600faff3e00f4fff4ffd2fa20c26245bafb1a944445cc681e94
7507,7507,0,0a00fcffdeffeefff2ff0000fcff1c003c00daff0c00eeffe4fff4ffdefffeff,04001400fafffaff1000d4ff0a001a00040014002600d8ff0c000c001c002c00,ecff2e00e6ffd8ffeeffeeff04001400eaffccfffefffeffbeffeeff06000600,ceff68000600bafffaff0c0004000400c6939a458068049542c1e268aafb2cc2
7508,7508,0,0a001a00eeffeefff2fff2fffcfffcffbafffafffeff1c001200e4ffcefffeff,040014000c00fafff2ffd4ff0a00faff240004000600aaff0c00fafffcffecff,1e001e0014001400deffceffd4ff0400faff18000c001c000000deffe6ff0600,00001000f8ff0600faffdaffe4fff4ff46c1dc684afc80c1a644d0fc4e944045
7509,7509,0,fcffecffeeff10000000e2fffcff0c00daffdaffceff1c00220012000e00feff,d6ffe6ff0c000c0020003e00faffeafff2fff2ff360016000c000c00ecff1c00,ecff0e00140022001000100004001400daff0800feff1c0000000000d6ffe6ff,0000defff8ff16001c00b8ff040024003a45a2fb2495924472694a948cc11c69
7510,7510,0,fcfffcff1000000020002000fcff0c00faffbaffdeffdeff300030002e00ceff,e6fff6ff0c000c00f2ff3e000a00faff040004009aff16002c001c000c00fcff,2e00dcffe6ff1400100010000400f4fffaffdafffeff0c00deffeeff0600f6ff,0000cefff8ff1600faff3e002400d4ff2c69e693b0c0a06830fd72c0b0444afc
7511,7511,0,ecffecff10000000100010000c00ecffdafffaff0c00e2fee4ff0200feff0e00,04000400fafffaffe2ff2e00faff0a0024000400f8ffc8ff1c000c00fcfffcff,3e001e00d8ffe6ff0000eeff14000400eaff08000c00feffdeff000006001600,eeff10006400baffeaff2c002400140044fd66c092430afd8a9436448c696e94
7512,7512,0,1a00ecff000000001000e2ff0c00ecfffafffaff0c00eeff020022000e000e00,140004000c00faff0000f2fffafffaff14001400360006000c000c000c00fcff,9cff1e00f6ff14000000deff04002400eaff1800eefffeffceffdeffe6fff6ff,beff58000600e8ffeafffaffc4ff04006694f64332699495cebf826932fdbcc0
7513,7513,0,fcfffcff1000100010002000ecffdcff0c00cafffeffeeff0200f4ffdeffeeff,040004000c00faff2e00e2fffaffeaff14001400f8ff26002c000c000c000c00,0e000e00040004000000100014001400daffccfffeffeeff10000000e6fff6ff,00000000f8ff46000c00c8fff4ff240066c07c6908fef0bf3443e0fc0695f843
7514,7514,0,ecfffcffeeffeeffe2ffd2ff0c00dcff1c00faffceffeeff12000200deff0e00,0400e6fffaff0c00f2ffd4fffaffeafff2ffd2ff260006000c000c002c00fcff,0e00ecff040014003000100024000400bcffccffe0ffe0ffeeffeefff6ff0600,1000deffdaff54001c00faff14000400a24240feb4959243566aea94cabf9c69
7515,7515,0,1a00fcffeeffeeff000000000c00dcffbafffaff0c000c00120012002e001e00,e6ff1400fafffaffe2ff2e00eafffaff0400140026001600eaff0c000c00fcff,dcfffcff040004002000100014000400eaffccfffeffe0ffdeffeeff06000600,0000eefff8ffdaffb8ff0c00340024009e69a49412bf526960fe5ebf384322fe
7516,7516,0,1a000a00100000000000e2fffcfffcfffaff0c000c00eeff02000200deff2e00,f6ff24000c000c00e2ff0000daffeaffe2fff2ff1600f8ffcaff0c000c001c00,8cff0e00f6ff1400deff100004000400faff0800feff0c0010000000f6ffe6ff,eeff10006400daffeaff3e000400e4ff30fff0be844256ffda94a041fc697695
7517,7517,0,fcffdcff0000100010001000fcffecffcafffaffeefffefff4ff1200eeff0e00,e6ff14001c002c0020002000eaffeaff1400f2fff8fff8ff0c000c00fcff0c00,8cff0e00f6ff0400deffeeff1400f4fffaff08000c001c0040002000e6ffd6ff,eeff20001600daff1c00faffe4ff0400d4945242f669e495bebe8269b2fe4abf
7518,7518,0,fcff0a001000eeff00001000dcffdcffdaffdaff0c000c00020012000e00eeff,2400e6ff0c00eaff3e00d4ff0a000a00f2ffe2ffe8ff2600faff0c00fcff0c00,0e000e00d8fff6ff1000eeff34001400dafffafffefffeffdeffeefff6ff3600,00000000e8fff8ff1c00dafff4ff340000bf186a76ffd2be2442660046959c42
7519,7519,0,0a00ecff10000000e2ff1000ecffecff0c00faff4c000c00120012000e003e00,04000400faff0c002e00d4fffaffeaff1400f2ffe8ff06002c00faffdcfffcff,fcff1e00040004001000000024002400280008001c00eeffceffeefff6ff1600,1000beffdaff16000c00daff1400240068410800f4958e41366aca9482be2c6a
7520,7520,0,fcfffcff00001000f2ff00000c001c00cafffaff2c00e2fe120012002e00feff,f6ff14000c00eaff20002e001a00faffe2fff2ff0600f8ff0c002c000c000c00,9cff0e00040014000000eefff4ff1400eaffeaffeeff1c000000eefff6fff6ff,1000eeff0600f8ffdaff0c004400f4ff486aa295f4bdf6691600cebccc418aff
7521,7521,0,ecfffcff00002000f2fff2ff0c000c00fafffaff0c00fefff4ff22001e00feff,f6fff6ffeafffaffe2ff2e00faffeaff0400e2fff8fff8fffaff0c00ecff0c00,1e00fcfff6ff0400000000003400f4ff1800faff0c001c00ceff10000600f6ff,ceffeeff1600dafffaff2c000400b4ffa80040be3e4154003a9514428c6a9695
7522,7522,0,0a00ecff00000000f2ff1000fcffecfffaff0c00feffdeff30000200feff2e00,14001400daffdaffe2ff2e00faff1a00d2ff1400360006000c001c002c000c00,3e00fcfff6ff04000000100004001400faff1800eeff0c000000000036001600,eeff2000e8fff8ff1c001c00e4ff2400c295f840266a24961ebdb66aac0092bd
7523,7523,0,1a00fcff000020000000d2ff2c00fcfffaff0c00eeffeefff4ff22002e002e00,e6ff04000c00eaffe2fff2ff0a00faff0400f2ff36000600eaff0c000c003c00,0e00ecff04000400eeffeeff14002400eaffdaff0c000c0010000000e6ff0600,20000000daff0600faffeaffe4ff540084bd986a1401b4bdf0408600d6959c41
7524,7524,0,0a000a000000ceff200020000c000c00dafffaff0c01eefff4ff0200feff2e00,1400f6fffafffaffd4ffe2fffafffaff0400f2ff2600f8ff0c000c000c001c00,1e008cff2200f6ffeeffdeffe4ff0400fafffafffeff0c00eeffeeff0600d6ff,0000eeffdaff46001c00daff0400240048404801a2969040d66aaa9522bd9c6a
7525,7525,0,0a000a0010000000e2ffd2fffcff0c00eaffeaff2c00eeff4000e4ff2e00eeff,14001400eafffafff2ffe2ff1a00eafff2ffd2ffe8ff1600faff2c000c000c00,0e00fcfff6ff140010000000140024000800faffeeff0c003000cefff6ffe6ff,0000deff1600f8fffaff2c000400d4ff886a3e96b4bc266a7a02debcec40cc01
7526,7526,0,fcfffcffeeffdeff100020000c00fcffdaff0c00eeff1c000200f4ff1e001e00,14001400fafffaff2e00e2ffeafffaffd2ff0400e8ffe8ffeaff2c000c00fcff,8cff0e000400f6ffeeff0000240004002800eaff3a001c00deff0000e6fff6ff,deff00005400f8fffaff1c001400e4ff1202c4bcaa3fa401da95ac3fe86ae695
7527,7527,0,fcfffcffeeffeeffe2fff2fffcff1c00faff0c001c00feff22001200eeff2e00,140014000c00faffd4fff2ff0a001a00f2ff040006000600cafffafffcfffcff,ecfffcfff6fff6ffdeff10000400f4ff28004600eefffeff100000000600d6ff,eeff10001600e8ff0c000c00040014009096623fb66af096eebbc66b8c024abc
7528,7528,0,ecfffcff1000000000000000ecfffcfffaff0c003c01eeff40003000eeff2e00,040024000c00faff4c00d4ff0a000a0004002400e8ffe8fffafffaff1c00fcff,ecff0e000400140010001000040004000800faff0c00feffeeff2000f6ff0600,00001000f8ff16002c00faff0400040060bbd86a2603d6bbac3f4a038696ba3f
7529,7529,0,fcff0a00eeff0000f2ff10000c00dcffaaffdafffeffeeffe4fff4fffeffdeff,e6ff1400faff1c002e002e00faff0a00f2fff2ff2600c8ff0c002c001c002c00,1e00dcff040014001000100014001400faff18001c00feff0000eefff6fff6ff,5800beffdaff46000c00c8fff4ff0400023ff2025097223ff66bda96eabb486b
7530,7530,0,ecfffcffeeff0000e2ff0000ecfffcffaaffcaff2c00feff120012000e00feff,f6ff0400eafffaff20001000faff0a00f2ff0400d8ff16000c001c001c00ccff,0e002e00f6fff6ff000020001400f4fffaffeaff1c001c00300000001600f6ff,1000deff16001600faff1c000400d4ffe86ad09666bba66a2a038cba1a3fa803
7531,7531,0,fcff0a0000002000f2ff00001c00ecfffaffbaffeeff2c00120012000e000e00,f6fff6ff0c00eafff2ffe2fffaff0a00d2ff1400e8fff8ff1c000c00ecfffcff,ecff0e0004000400000000000400e4ff2800fafffefffeffeeffeeffe6ffe6ff,eeff00001600f8fffaff3e001400e4ffa20300bb623eb603ba964c3f686bc696
7532,7532,0,1a00ecff00001000f2ff1000fcfffcffdaffcaffeeff0c004000f4fffefffeff,f6ffe6ffeaff0c002000f2ffdaffeaff0400040006002600faff0c00fcfffcff,0e000e0004001400000000000400f4ff3600ccff1c000c0020000000f6ffe6ff,eeff30000600e8ff1c000c00e4fff4fff096823ef66ab097bcba366cb004c8ba
7533,7533,0,0a00fcffceffeeff1000d2ff0c000c000c000c00eeff0c00300030000e00eeff,0400e6ffcaff0c00e2ff2e000a000a00f2fff2ff16000600faff0c001c001c00,9cff0e000400f6ffeeff100014000400dafffaff0c00feff10002000f6fff6ff,eeff2000f8ff06003e00eafff4ff140040ba586ba60426bb3c3e2c041e97323e
7534,7534,0,0a002a003000000010001000ecff0c00faffcafffeff1c00e4ff3000fefffeff,f6ff04002c00faff2000f2ffeafffafff2ff0400260036000c00faffecff2c00,ecff0e000400f6ffeeffeeff14000400eaff08000c00feff0000eefff6fff6ff,2000eeffdaff54001c000c0024002400c63df804d097763d666c6a9758ba986b
7535,7535,0,0a000a000000000010001000ecff0c00dafffaff1c00deff02000200feff0e00,04002400eafffaff2000e2ffeaffeafff2fff2ff060036000c00faffecffccff,dcff0e0014001400100000002400f4ff280028001c000c00deffeeff06000600,3000defff8ff06000c000c0014000400886b509796ba866b4c054cbaa23d4005
7536,7536,0,fcfffcffeeff100000004e00fcfffcff0c001c002c00e2fe1200d4fffefffeff,f6ffd6ff1c00daff2e00f2ff0a00eafff2ffe2ff26002600fafffaff0c001c00,fcff1e002200220030003000140024000800faff1c000c00eeff0000f6fff6ff,ceffeeff1600caffeaff3e0004000400140676b9f63c86056a97fc3cf86b5e97
7537,7537,0,1a00ecffeeff000000000000ecfffcffeaff2c00e2fee2fee4ff1200fefffeff,04000400eaff0c00f2ffd4fffafffafff2ffd2ffe8ffc8fffaff0c00ccff0c00,fcffecff040004002000000014002400dafffafffeffe0ffdeffeefff6ff1600,deff6800f8fff8ff0c002c00f4ffc4ff3698063d566bf097c8b8466c6006b8b9
7538,7538,0,fcff1a001000ceff200010000c000c000c00faff2c00e2fe020002000e000e00,04001400eaff0c00f2fff2ff0a00eaff0400040016001600baffeafffcffdcff,9cffecfff6ff04000000100014001400eaff1800fefffeff0000eeffe6ff1600,eeff1000f8ff16001c00faffe4ff2400e6b8886b1406b0b94c3cec06ae97b23c
7539,7539,0,ecfffcff0000000000000000ecffdcfffaff0c00eeffeeff22000200eeffeeff,14000400faffeaff3e000000eafffaff0400f2ff160006000c000c00ecff0c00,0e00fcff040014002000eeffe4ff0400faff0800eeff0c000000deff1600f6ff,20000000daff54000c00daff04000400003c34076098463c966c7a97f8b8186c
7540,7540,0,dcfffcffdeffeeff20002000fcff0c00baffbaffeeff1c0022000200eeffeeff,f6ff1400faff0c00f2ffe2ffeaffeaff0400e2ffe8ff2600faffeaffccff1c00,8cffdcff0400f6ff1000000024001400eafffaffeeff0c00eeffeeff16001600,00000000f8ff4600daff0c0044002400a86b3698cab8966bea06d4b7ca3ba006
7541,7541,0,1a00fcffeeffdeff0000f2fffcff1c00faff0c001c000c00f4ff12002e000e00,1400f6fffafffaff20002e00dafffaff0400d2ff0600e8ff0c000c000c001c00,0e003e000400040000000000040024003600eaffeeff1c003000eeffe6ff0600,eeff00005400dafffaff2c0024000400bc0766b8163cb2078a970c3cb06c0e98
7542,7542,0,2a00fcff100000000000f2ff0c000c00faffcaff2c012c00f4ff0200feffeeff,040024000c00faffd4ff1000eaffeaff0400f2ff460016000c000c00fcff1c00,0e002e0004000400eeff000004000400faff2800eefffeffeeffeefff6fff6ff,deff30001600caff1c000c00d4ff24003698c23a366cd098b4b7e66ca00788b8
7543,7543,0,fcfffcff10001000f2ff00000c000c00aaffeafffeffceff02000200eeff1e00,1400e6fffaff1c0020002e00faff0a00d2ff1400360006000c00faffecff0c00,fcfffcffd8ff14000000eefff4ff0400ccfffafffeffeeff0000000016000600,0000eeffdafff8ff1c00daffe4ff540090b7ca6cb2075ab82a3baa070e981a3b
7544,7544,0,0a001a00eeff000020000000fcfffcffeaff1c00deffeeff12004000feffeeff,f6fff6fffaffeaffd4ff2e000a00fafff2ff040016001600faff2c00ecffecff,fcff0e00f6ff0400000010000400f4ff5600faffeefffeff0000defff6ff0600,5800eeffdaff16001c001c0024001400423a3c086098f63a266dae98c6b7a06c
7545,7545,0,2a002a00deffeefff2ff00000c002c00faffeaffdeffeeffe4ff0200eefffeff,04002400eafffaffe2fff2ff0a00faff1400040026002600faff0c000c00fcff,fcff0e0014001400bcffeeff2400f4ff3600eaff0c00feff2000ceffd6fff6ff,0000defff8ff0600faff0c0044000400fa6ca6987ab7166cae0844b76e3ac208
7546,7546,0,2a002a001000eefff2ffd2ff0c000c00eafffaffeefff2fe0200e4ffeeffeeff,040014001c00eaff2e00d4fffaff0a00e2ff1400540016000c00eafffcff0c00,fcffdcff040022001000eeff140004000800eafffefffeff00003000e6fff6ff,beffeeff1600f8ffeaff3e000400c4ff0c0920b7a83a82086e98a639b06cb098
7547,7547,0,1a001a0000001000e2fff2fffcfffcfffaffcaff0c000c00f4ff2200eefffeff,040004000c000c00f2ffe2fffaffeaff040014000600d8ff0c00fafffcff1c00,0e009cff1400040010000000140094ff1800fafffefffeff100010002600f6ff,000000000600caff0c002c0004001400e6988839166ce09882b6f66c8209f6b6
7548,7548,0,ecff1a00eeffeeffe2ff10001c00dcff0c000c00ceffdeff12001200fefffeff,0400f6ffeafffaff2e004c000a000a0004001400d8ffc8ff0c001c00fcfffcff,1e000e00e6fff6ffdeff1000f4ff0400eaffdafffeff0c00eeffeeff06000600,20002000daff06002c00daff04002400d0b6fa6cf009fab63639820a00999839
7549,7549,0,fcff2a001000000000000000fcff1c00fafffaffceffdeffc6ffe4ff2e00feff,14001400daffeafff2ffe2ff0a002a0014002400e8ffe8ff0c00faff0c000c00,ecff3e001400f6ff10001000d4ff1400fafffaffeefffeffeeffceff06000600,3000defff8ff16001c00daff1400140008398c097e99a239166d5e98aeb6106d
7550,7550,0,1a000a00000040001000f2fffcfffcffcafffaffeeffe2fed4ffe4ffdeff0e00,040014003c00faff2e00f2fffaff0a00f2fff2ff0600f8ff0c00faff0c00ecff,fcfffcfff6ff14001000eeffe4ffd4ffccff0800fefffeff0000eeffe6ffe6ff,0000deff16001600daffeaff2400d4ff0a6d36999cb6666c220a02b6b838c209
7551,7551,0,ecff0a0000001000d2fff2ffdcffecff0c00faff1c00fefff4ffd4ffeeff0e00,e6ffd6ff0c000c002e00e2fffafffaffd2ff0400f8ff2600fafffaffdcfffcff,0e00ecff14000400300010002400e4fffaffdaffeefffeff10000000f6ffe6ff,deffeeff1600daff0c002c002400f4ff660aa4b51239700a4e994639106d4099
7552,7552,0,fcfffcff0000000000000000fcfffcfffaff0c00e2fe0c00120012009c000e00,e6ff2400daff0c00d4ffe2ff0a00faff0400f2ffaaff06002c000c002c000c00,ecff2e0014000400deff520004002400eafffafffefffeffeeffdeff06000600,ceff20001600daff1c000c000400240056996838a46cfe9962b5566da20afeb5
7553,7553,0,fcffecff10000000200010000c00fcfffaffdafffeff4c003000e4ffeeff0e00,f6ff32002c00eaff3e00f2fffaff0a000400e2ffe8ffd8ff0c000c00ecfffcff,1e000e000400140000001000f4ff2400180028000c00e0ff10000000f6ff0600,00002000f8ff06000c00eafff4ff540054b56a6df00a0eb64638d20ab0996838
7554,7554,0,0a000a000000eefff2ff1000fcfffcff0c00daffdeffeeff0200e4ff2e000e00,24002400fafffafff2ff2000daffeafff2ffe2ffe8fff8fffaff0c00ecffecff,ecfffcff220014000000eeff14000400faffdafffefffeffeeff1000d6fff6ff,1000deffdaff46001c00eaffe4fff4ffb237ce0b0e9ab238086ede99ceb4806d
7555,7555,0,ecfffcff1000000010001000ecfffcffeafffaffeeffeeff1200d4ff1e00eeff,d6ffe6ffeaff0c00f2ff2e00dafffaff0400e2ffe8ff2600faff0c000c00fcff,0e000e000400f6ff1000100004001400faffccffe0fffeff0000000036001600,0000cefff8ff16000c001c005400d4ff7a6da6997eb5046d420ce2b49637060c
7556,7556,0,0a00ecff0000eeff100000001c00dcff0c00fafffeffdeff0200f4ffeeffeeff,040004001c00faff20002e000a00eaff140014000600b8ff1c000c00ecff2c00,0e000e000400140000000000240004000800eaffeeffd0ffdeff0000e6fff6ff,000010000600daffc8ff2c00f4ffe4ffd20cc4b4cc37d60b529a1237a06df099
7557,7557,0,fcff2a000000000000000000fcff0c00baff0c00cefffeff0200c6fffeffeeff,140014000c00eaff3e00e2fffafffaff04000400d8fff8ffeaff0c00dcff1c00,fcfffcff04000400deff0000f4ff1400eaff28001c00feff0000eeffe6fff6ff,ceff58001600daffeafffaffe4ff0400609a0237f46c3e9a12b4d86d860c0eb5
7558,7558,0,bcfffcff100000000000f2ffecfffcfffafffaff1c000c00f4fff4ffeefffeff,d6fff6ffeaff0c000000f2ff0a00faffd2ffe2ff060006000c00eaffdcffacff,fcffdcff04002200100000000400f4ffccffeaffeefffeff20001000e6ff0600,eeff0000f8ff06001c00fafff4ff540066b38a6d260d4eb5b236d20d209aae36
7559,7559,0,ecffecffeeff10000000f2ff1c00dcfffaff2c00eeff0c00f4ff02000e000e00,04000400eafffaff2e000000eaff1a00e2fff2ff3600f8ff0c00eaffdcffacff,0e008cff0400f6ff1000deff0400f4ff08000800eefffeffeeffeeff2600f6ff,6800deffdaff16001c00faffe4ff04006236920d0c9b9e37386e729ac0b3a06d
7560,7560,0,dcfffcff00001000200010000c00fcffdaff0c00d2fedeffe4ffd4fffeff3e00,1400f6ff0c00faffe2ffd4ff2a000a0024000400d8ffe8ffeaff0c00dcff0c00,1e000e001400f6ffeeffeeff240014001800eaff1c000c002000eeff1600f6ff,1000eeff0600f8ffeaff0c0054000400266e809afeb3f46c220e50b3ee35f20d
7561,7561,0,fcfffcff20000000e2ffe2fffcffecfffafffafffeffeeffe4fff4ffbeff2e00,14000400faffdaffd4ffd4ff0a000a00f2ff0400f8fff8ff0c00faffdcffecff,3e00ecff040004000000deff14000400daffeaff0c00feffdeffeeffd6ff0600,eeffeeff6400e8ffdaff0c00f4ff04008e0e36b3de35940f929a3236d06da09a
7562,7562,0,dcfffcff0000ceff10002000fcff0c00cafffaff2c00feff020002000e000e00,e6fff6ff0c000c000000f2ffeafffaffe2ffe2ff160036000c00faffccffccff,fcff0e001400f6ffeeff0000340004002800eaff0c001c0000000000d6ffc6ff,ceff20004600daff0c000c00c4ff0400c09a7635646d6c9b30b3786ea80e50b3
7563,7563,0,dcffdcff10000000000000000c00ecffcaffdaffe2fe0c00d4fff4fffefffeff,f6fff6fffaff0c00200000001a000a00e2ff2400f8fff8ff1c000c00fcfffcff,dcfffcff140004003000000024001400eaffeaffeefffeff10000000f6ffd6ff,deff1000baff06003e00faffd4ff140066b2566eba1040b10235120ec09a6e35
7564,7564,0,1a000a001000defff2fff2fffcffecff0c00faffeeffeeffe4ffe4fffefffeff,24002400faff0c00e2ff20000a001a000400d2ff06000600fafffaff2c00ecff,1e002e000400f6ff0000eeff1400140008000800eefffeff000000000600f6ff,5800eeffdafff8ff0c000c0014001400b434500fec9b6e35086e429bd4b2006e
7565,7565,0,1a000a000000defff2ffe2ffdcff0c002c00faffceffeeffe4fff4ffdeffeeff,140014000c002c00f2ffe2ff1a000a00f2ff140016004600eaffcaffccff0c00,dcff0e0014000400eeffeeff1400d4ff080046000c001c00deffdeffe6ffe6ff,2000eefff8ff0600eafffaff0400e4ff366e609b00b1246d920f80b2ce34580f
7566,7566,0,0a000a00000000000000f2ffdcfffcffcaffbaffeeffeeff02000200feffeeff,d6ffd6ff1c001c002e00e2ffeaff0a00f2fff2ffd8ffe8fffaff0c00ccfffcff,9cffdcff0400f6ff2000eeff1400e4ffdaffbcfffeff2a001000eefff6ffe6ff,deff0000240006001c003e00f4ffe4ff6610bcb190345a11329b7234206e209b
7567,7567,0,1a000a00100000000000f2fffcfffcfffafffaffeefffeff02001200feffeeff,0400f6ff0c00faffe2ff2e001a001a003600e2ffe8ff0600eaff0c00ecffecff,2e00fcfff6ff04001000eeff1400040008000800eeffeeff2000300006000600,eeff4800f8ffe8ff2c003e001400e4ff809b0034d26dec9bccb1686e581034b2
7568,7568,0,bcff0a00deff0000000010000c000c00eaff1c00deffcefff4ffd4ff0e001e00,0400f6ff0c00fafff2ff4c00faff0a0014001400f8ff06000c000c00fcffecff,0e001e001400f6ffeeffdeff1400140008001800feffeeffdeffeefff6fff6ff,10001000daffdafffafffaffd4ff54004cb1566e4e12f4af6033f610129cf633
7569,7569,0,0a000a0000001000f2ff00000c000c00fafffaff2c00ceffd4ff0200ceffeeff,f6fff6ff0c001c002e00e2ffdaff0a00e2fff2ff06004600eaffbafffcfffcff,1e009cfff6ff040000001000f4ff1400daff0800fefffeff0000eeffc6fff6ff,3000deffbaff54000c00daff04002400083366113a9c6033a86ea29b74b1506e
7570,7570,0,ecfffcff2000100010000000fcffdcffcaffbaffdeffeefff4ffd4fffefffeff,1400f6ff0c000c003e00e2fffaffdaffd2ffe2ff060026000c000c00ecfffcff,8cfffcfff6ff1400eeffeeff1400e4ffccffdaffeeffeeff10000000f6ffd6ff,eeffbeff16002400fafffaff0400b4ff766ed09b84aff26de6107cb006338211
7571,7571,0,ecff0a0000002000100010001c00fcfffafffaffceffeeff120012001e00eeff,f6ff04000c00faffe2ff20000a001a00f2fff2ff1600e8fffafffafffcfffcff,acff9cfff6ffd8ffeeff100014000400dafffaffeeffe0ff2000200006000600,eeffeeff4600daff0c002c001400c4ff66110cb11033fe12649c5033506e129c
7572,7572,0,fcffdcff100000000000f2ff1c001c00fafffaffe2fe1c00e4ffe4ffdeff0e00,04000400faffeafff2fff2ff0a001a000400040016000600bafffaff1c000c00,0e002e003200d8ffeeff0000f4ff2400faff0800feffe0ffeeff100006001600,deff20004600cafffaff1c00d4fff4ff209c58323a6e5a9c7cb0986e321204b1
7573,7573,0,fcfffcff00000000e2ff0000ecff0c001c00faffeeff0c00c6fff4ffceffeeff,24001400eafffaff2e000000daff0a00d2ff1400540026000c00cafffcff2c00,dcff0e000400040010000000040014009eff0800feff0c0020000000e6fff6ff,eeff3000f8fff8ff2c00eaffa4fff4ff4cb0966e5e1454af20326611ca9cea31
7574,7574,0,dcffecff0000100020000000ecffdcffdafffafffeffceff300012000e000e00,0400f6fffaff0c00f2ffe2fffafffaffe2ffd2fff8fff8ff1c000c00fcfffcff,0e00fcfff6fff6ff200042001400f4ffccffdaffeeff1c00100000000600f6ff,1000eeffe8ff46001c00eafff4ff14001e3160124a9d8032b86ea49c1ab0506e
7575,7575,0,fcfffcffdeff100000001000ecffecffdafffaffdeffceff020002002e00feff,1400e6ffdafffaff20003e000a00faff0400f2fff8fff8ff1c000c00fcfffcff,8cff0e0004000400000000000400f4ffeaffccffeefffeffdeffcefff6ff1600,2000beff16000600daff0c001400f4ff966e7e9ce4ae5a6eba125cb08a314e13
7576,7576,0,0a000a00eeffeefff2ff0000ecff0c00eafffaffeefffefff4ff02000e000e00,0400e6ffdaff0c00c4ff20000a001a00e2ffe2fff8ff2600eaffeafffcfffcff,0e002e00f6fff6ffeeffeeff1400140008000800fefffeffceff000006001600,000000000600daffdaff1c0024000400601376af00327e14c49c0c31026f0a9d
7577,7577,0,ecff0a00eeff100010001000fcff0c00caffcaff2c000c00120012000e00ceff,140014000c000c00f2ffd4fffaff0a001400040036000600fafffaffccfffcff,dcfffcff14000400deffeeffa4fff4ff280056000c00feffdeffdefff6ffc6ff,eeff3000f8ffdafffafffafff4ff0400929dfe30026eca9d58afe86e5e1380af
7578,7578,0,fcffccff10000000d2fff2ffecffdcff0c00faffe2fe0c00120002000e000e00,040014002c00faff4c002e000a00fafff2ff0400f8ff26000c00fafffcffecff,ecffecff1400f6ff1000eeff14000400eaff1800eefffeff3000000016000600,eeff1000dafff8ff4e00faff04000400e6ae966e0c15f6adfc301c147a9daa30
7579,7579,0,fcffecff0000000000000000fcff0c000c000c00eeffe2fe02002200eeffeeff,24000400eafffafff2ff2e000a00faff1400f2ffe8ff06001c000c001c000c00,0e001e00f6ffe6ff1000000004001400eaffeaffe0ffeeff1000300016001600,1000deffcafff8ff1c00eaff24002400a82fa013da9d0c31e86e649da8aed86e
7580,7580,0,fcff0a0010001000f2ff3000ecfffcffdaffcaff2c00eefff4ff1200eefffeff,14000400eafffafff2ffd4ff0a000a00f2fff2ff0600c8ffeaffeaffecffccff,0e000e0014001400deff100024001400faff0800feff1c002000deff06001600,eeff0000e8ffe8ffc8ff1c002400e4ffd66ed29d18ad6a6e881468aeaa2fd614
7581,7581,0,2a00fcff000000002000d2ffdcfffcffcaffdaffe2feeeff12002200feff0e00,e6ff04000c000c003e0000001a000a00f2ff0400f8ffe8fffafffaff0c00ccff,0e008cff04000400eeffdeff04000400faffdaffeeffeeff200040000600f6ff,deff00005400daffeaff0c00140004004c1566ae6c307a16a49d2c30d86efa9d
7582,7582,0,dcffecff100010000000f2fffcff0c00daff1c00eeffe2fe12000200eeff2e00,04000400eaff0c00e2ff20001a00faff04001400f8ffe8ff0c000c001c002c00,fcfffcff140004003000eeff44001400daff0800eeffeeff000020000600f6ff,deff00005400dafffaff0c00f4ffe4ff509e682faa6e2a9e38ae586fb61518ae
7583,7583,0,fcffdcff2000cefff2ff2000ecfffcffbafffafffeff0c003000e4ff0e00eeff,e6fff6fffaffeaff4c00e2ff1a000a00e2ffd2ffd8ffc8ffeaffeaffecff0c00,0e00fcffe6ffe6ffeeffeeff040014000800eafffeffeeffeeffeeff06000600,10001000caff06003e000c00e4ff240036aee66eda1608ad442e48151a9e3a2f
7584,7584,0,ecfffcff0000defff2ffd2fffcfffcffcafffaffe2fee2fe120012000e000e00,0400f6fffaff0c002000d4ffdaff0a00140014004600d8ffeaff0c00ecfffcff,1e00fcff04000400eeffeefff4ff0400eaff2800feffeeffeeffdefff6ff0600,30001000f8ff54002c000c00e4ff0400882e18169a9ed62ff86e389fe8ad426f
7585,7585,0,fcfffcff2000eefff2ffe2ffecffccffdafffaffeefffeff02001200fefffeff,140014001c00eaff2e00d4ffeaffeaff0400f2ff360036000c002c00ecffdcff,fcffdcff140014001000100004000400eafffaffeeff0c00eeff00000600e6ff,1000deffdaff5400eaff0c00e4ffe4ff466fe09e48acba6ec81608ae582e4616
7586,7586,0,0a000a00eeff000030000000dcfffcfffafffaff0c00eeff02004000feffdeff,3200f6fffafffaff2e002000faffeaff0400140046006400bafffafffcffecff,dcffdcfff6ff0400eeff20000400f4fffafffaff1c00feffeeffeeff16000600,ceff10004600f8ffeaff2c002400f4fffa165aad462fa817789f642d826f8a9e
7587,7587,0,0a00fcff0000eefff2ffe2fffcfffcfffafffaffeeffeefff4fff4ff2e00eeff,14000400eaffeaff2000e2ff5a000a00f2fff2ff16000600eaff1c00fcfffcff,ecff0e001400f6ff0000eeff14001400eaff0800feff0c00ceffeeff4600e6ff,deff30001600daff1c00faffd4ff1400f09ecc2dca6e369f38ad186f4e1768ad
7588,7588,0,fcfffcff1000eefff2ff0000ecffecffbaffdaff1c00e2fe2200f4ffeefffeff,140004000c000c0020001000fafffaffe2ff14001600f8ff0c00caff2c00ecff,fcff0e000400f6ff20000000f4ff0400daffdaff0c00feffeeff0000f6ff0600,00003000daff06000c00c8fff4ff1400b8ac266f881808ac242db817429f682d
7589,7589,0,fcfffcff10000000f2ff0000fcfffcffdaffcaff2c00feff400002003e00ceff,240014001c00faff2e00f2ff0a00faff0400f2ff26003600faffeafffcfffcff,1e000e00220014001000000014001400eaffdafffeff0c0000002000f6ffe6ff,1000eeffdaff46000c00c8ffe4ffd4fffa2c3a17669fd82e386fb89fc8ac826f
7590,7590,0,fcff0a000000100010000000ecff1c00cafffaff0c000c0040000200eeff2e00,14000400eaffeafff2ffd4ff1a00faff0400f2ff2600f8ff1c00faffdcffdcff,fcfffcfff6ff14002000000024001400fafffaffe0ff0c002000eeffe6fff6ff,1000eeffdaff1600eaff0c0014000400466f409ff0aaba6e6c1828acc82c7018
7591,7591,0,fcfffcffeeff0000e2ff00000c000c003c000c000c000c00f4ffd4fffeff2e00,e6ff04002c000c0010003e001a000a00e2ff1400f8ff3600faff0c00dcff0c00,0e00fcffe6ff1400deff000014000400faff3600eefffeffeeff000006001600,1000000016000600eaff3e001400f4ffd01844ac082e70197ca0642c926fb29f
7592,7592,0,fcff0a00200010001000f2ff1c00fcffbafffaffeeff0c000200e4ffdeff0e00,f6fff6fffaff0c00e2ffd4ffdaffeaff140004000600e8fffafffaff8cffecff,1e00dcfff6fff6ffeeff00001400140018002800eeff1c0000004000f6ff1600,eeff2000e8ffcafffaff0c001400140036a0362cea6eb69f28ac686fa018c0ab
7593,7593,0,fcfffcff00003000300010001c000c00caffdaffeeff2c002200f4fffeffeeff,1400f6ffcaff0c002e000000dafffaff0400f2ff360036000c000c000c00fcff,fcfffcff2200e6ff1000100014001400eafffaff1c00feffeeff000006001600,10002000e8fff8ff3e00eaffd4ff3400d4ab566fb019b2aae42bcc18e29f002c
7594,7594,0,0a003a000000deff0000f2fffcfffcff1c000c000c00ceff120022000e000e00,14001400eafffaff2000e2ff0a00faff04000400e8ffd8ff2c001c00ecfffcff,0e00fcfff6ff0400ceffeeff1400f4fffafffafffefffeff2000deff0600e6ff,68000000e8ff54000c000c0024000400862b401916a0982d886f2ca150ab926f
7595,7595,0,1a001a000000eefff2ff0000ecfffcffeafffaff1c000c0002000200eeff1e00,14001400eafffafff2fff2ffeaff0a001400140006001600faff0c00ccff1c00,0e00fcff0400140000000000140004000800faff0c000c000000defff6fff6ff,2000deffdaff4600fafffaff14000400666f46a0f2a9ca6e101a08ac102b8019
7596,7596,0,fcff0a00000010001000f2ff0c000c00faff0c00eeff1c00e4ff0200feffeeff,f6ffe6ff0c000c00f2ff2e000a000a002400f2ff26001600faff0c001c00ccff,0e00dcff22000400eeff000004001400daff2800feff0c00eeff1000f6ffe6ff,eeff00001600caff0c001c002400f4ff6a1af4aa882de41a2ca15029c26fc4a0
7597,7597,0,1a000a00deff100020003000fcffecffcaffeaffeeffeefff4ff02000e00eeff,0400f6fffafffaff3e002e000a000a000400f2ff260046002c001c00ecffecff,0e007cff14001400eeff000004000400daff2800fefffeff0000deffe6ff1600,deff20004600f8ffeaff1c00d4fff4fff6a0fe29da6ee6a0e6aa686f501a20ab
7598,7598,0,1a00ecffeeffeeff00000000ecff1c00daff0c00eeffeeff12000200feffeeff,f6ff0400faff1c003e00f2ff0a002a0004001400f8fff8ff2c000c00dcffecff,0e00fcff14001400eeffeeff24004400eaffeafffeff0c00000020000600f6ff,1000eeffdaffdaff3e00faff0400040064aa766fb41b02a9a029501ba4a0742a
7599,7599,0,fcff1a002000cefff2ff00000c00ecffdafffaff2c00eeff12000200feff0e00,0400f6fffaffeaffe2fff2fffaff0a00140004002600f8ffcafffafffcff0c00,4e00fcfff6ff0400deff000014002400faffdaffeeff0c00eeff000016001600,1000eeffdaff16001c00eaff040024003429ea1af6a0882d786f8ca174aa726f
7600,7600,0,fcfffcff000010001000f2fffcff1c00faffcaff2c001c00120012000e000e00,f6ff14000c001c00f2ff2e00eaffeaffe2ff04001600e8ff0c000c000c00fcff,2e000e00f6ff2200eeff1000e4ff14000800eafffefffeff200000000600f6ff,0000eeffe8ff1600eaff0c001400d4ffbc6f66a1e2a8da6e501b26aab429321b
7601,7601,0,1a00ecffeeff0000100020002c00fcffcaffcafffeff0c00020040000e000e00,14001400cafffaffd4ff3e000a00eafff2fff2ff360026000c001c000c001c00,ecfffcff0400f6ffeeff1000040004002800daffeeff0c001000defff6fff6ff,eeffdeff5400e8ffdaff1c000400e4ff7a1b8aa94c28441c30a23029926f54a1
7602,7602,0,fcff2a00eeff1000f2ff10002c000c000c00daff2c001c001200f4ff3e00deff,24001400eaffeaff0000f2ffeafffaffe2ff0400e8ffe8ff1c00cafffcffccff,0e000e00f6ff0400100010002400f4ff3600eafffefffeff0000eefff6ff1600,deff10002400cafffaff0c00f4ffc4ffa6a1a4281a6f06a292a9b86f421c84a9
7603,7603,0,fcfffcff100000000000f2ff1c001c000c00daffe2fee2fe120012000e00eeff,1400f6fffafffaff4c00c4fffaff0a00e2ffe2ff060006002c001c001c002c00,fcff0e00040014001000eeff04001400faffeaff0c00feff0000deff0600f6ff,eeff0000e8fff8ff1c00fafff4ff24005aa9866f721da2a8a028121c94a1f428
7604,7604,0,0a000a00100040000000e2ff0c00fcfffaffeaff1c00defff4fff4ff2e000e00,14000400faff1c002e00f2ffdaff0a00f2ffe2ffc8ffd8ffeaff0c00dcfffcff,fcffdcff1400040010001000240004004600eaff0c00feffeeffdefff6ffe6ff,6800eeffdaff54000c00faff04003400c427ec1ce6a18c27886fd0a254a9f26f
7605,7605,0,0a00fcff000000000000f2fffcfffcfffaffdaff2c001c0022000200feff0e00,e6ff0400fafffaffe2fff2ffeafffaffd2ff0400d8ff1600faff0c003c00ecff,acffecfff6ff04001000eeff24001400faff08000c000c00deffeeff26000600,1000ceff16000600faff1c001400d4ffbc6f40a262a84a6f421d12a90a286a1d
7606,7606,0,0a00fcff00000000f2ff10000c001c000c00faffdeffd2fe020012000e00eeff,04000400eaffeafff2fff2ff1a000a00e2fff2ffd8ffc8ff0c000c000c000c00,fcff0e0004000400000010001400140008000800fefffeff000000001600f6ff,beff10004600daffeaff0c001400e4ff3a1edaa86c26501e20a3fc26c26f14a2
7607,7607,0,0a000a0000002000f2fff2ff0c00fcfffaff2c002c000c0002000200feffeeff,0400f6ff0c00baffe2ff2e000a00faff0400040016002600faff1c003c001c00,0e00ecfff6ffe6ff0000100024001400faff46000c00eeffeeff00001600e6ff,deff10001600dafffaff0c000400f4ffc0a2de264a6f44a2e2a8786faa1dcaa8
7608,7608,0,0a000a00eeffeefff2ff00001c00fcffdafffaff2c010c004000e4ffeeffdeff,040004000c00faff00000000dafffaffe2ff1400060006001c00eafffcffecff,fcffecff0400f6ffeeff1000240014000800fafffeff0c000000000016000600,eeff1000cafff8ff2c00fafff4ff04002aa8bc6fb01e94a7cc26521f94a21a27
7609,7609,0,fcfffcff00000000200020000c00fcff0c000c00deffe2fe0200e4ff1e000e00,0400e6fffaff1c00f2fff2fffafffaff040014000600f8ff0c000c00ecfffcff,fcff0e00140004000000100004002400080028000c00eeff00001000e6ff0600,1000deffcaff5400faffdaffd4ff24004e269a1ee4a27c26b86f00a3faa7d26f
7610,7610,0,fcff0a000000000000000000ecff2c00fafffaffeeffeeff12003000feff0e00,f6fff6ff0c000c00e2ff00000a00eaff24000400f8ff1600fafffaff1c001c00,0e00dcfff6ff0400eeff000014000400fafffaff0c00feff300000000600f6ff,0000ceffdaff0600daff0c002400f4ffdc6f20a334a73a6f521f9ea738268a1e
7611,7611,0,2a00fcff00002000300010000c000c00cafffaffeeff1c0012001200ceff0e00,1400f6ff0c00daffe2fff2fffaff0a00f2fff2ff360016002c002c000c000c00,fcfffcff0400f6ff1000200024002400fafffafffefffeffdeffcefff6ff0600,eeffeeff5400e8ffdaff3e00340004006a1f74a7d025b01f60a37c26c26f60a3
7612,7612,0,0a00fcff2000100000000000fcfffcffdaffdaff2c00eeff30001200fefffeff,04003200fafffaffe2ff3e00eafffaff0400f2fff8ffd8ff1c002c00dcfffcff,3e00fcfff6ff0400eeff000014000400eaff2800feffeeffeeff00001600e6ff,9eff1000f8ffdafffaff0c001400f4ff70a30e262a6fd8a38ea7b86f921ffaa7
7613,7613,0,0a00fcffeeff2000f2ffe2ffecffecffcaff0c000c00ceff30001200eeffdeff,f6ff1400fafffaff2e003e000a002a00f2ff14000600c8ff0c002c00ecfffcff,fcff1e000400f6ffeeff0000f4ff1400eaff2800eefffeffeeff100016001600,00001000f8fff8ff1c00faffe4ff4400a4a6cc6f4e2046a60e25921fb0a36825
7614,7614,0,ecff0a00ceff000020000000fcff0c00faff0c00eefffeff12000200cefffeff,14001400daffeaff20001000faff0a0014000400f8fff8ffcafffaffdcfffcff,3e000e00040004000000100004000400faffdafffeffd0ff0000000006001600,3000deffdaff16000c00faffc4ff140020255020b8a3e024c86feea450a7e26f
7615,7615,0,fcff2a000000100000002000ecffdcffdaffdaffeeffeeff40002200feffeeff,0400f6ff0c00faffe2fff2ffeaff0a00f2ff0400e8fff8ff0c00faff0c000c00,0e000e0004000400100010002400e4fffaffeaff0c000c00eeffeeff16000600,1000beff06000600fafffaff14001400cc6fb0a3f6a52a6f4620aea7b824b21f
7616,7616,0,fcff1a0000000000f2fff2ff1c00ecfffaffbaffeeffeefff4ff40000e001e00,140004000c000c000000f2ff0a00faff0400d2ff060016000c001c001c001c00,0e00fcff0400f6ff0000eeff04000400faffdafffeff0c000000200006003600,0000eeff0600daffdaff1c002400e4ff202194a6c023be2082a44a23027010a4
7617,7617,0,0a00fcff00002000f2ff3000fcff0c001c00caffe2fee2fe40001200feff3e00,f6ff1400eaff0c003e0000000a000a00f2ff04002600e8ffeafffafffcff0c00,0e00fcff040022001000eeff24000400eaff1800feff0c00eeff20002600f6ff,ceff58001600dafffaffeaff040044006ea42a23fa6e18a49ea6b86f542178a6
7618,7618,0,fcfffcff2000eeffd2ff10000c000c000c000c00feffeeff020030002e00feff,f6ff1400faffeafff2ffe2ffeafffaffe2ffe2ffc8ffe8fffaff0c00ecffecff,fcffecfff6ff0400bcffdeff04001400eaffeaffeeffeeff200000001600f6ff,eeff1000daff06000c00eaffd4ff240034a6ec6f0222b6a51a233a22d8a4c023
7619,7619,0,fcff0a001000eefff2ff0000dcff0c00faff0c00eeffeeff2200f4ff2e001e00,f6fff6ffeafffaff000000000a00daffe2ff0400e8ff06000c00caffccfffcff,ecff0e00f6ff140010001000f4ff1400eaffdaffe0fffeff0000eeff1600f6ff,30003000e8ff2400faffdaffe4ff24001a236021e8a4f222b86f4ea5e8a5e26f
7620,7620,0,ecffecff0000100000000000dcff0c00fafffaffe2feeeff12001200feffceff,f6ff1400eaffeaff3e0000000a001a00e2fff2ffd8ff0600caff0c00dcffccff,ecffdcfff6ff1400eeffdeff04004400eaffdaffeefffeffeeff2000f6ff1600,1000eeffdaff4600daffeaff1400e4ff1c70dea466a52a6f96212ea65023e421
7621,7621,0,fcfffcff00001000f2ff1000ecffecff0c000c00eeffeeff020012002e00eeff,040004001c00faff3e003e000a000a00e2ffd2fff8fff8ffeaffcafffcfffcff,0e000e001400f6ffdeffeefff4ff24000800fafffeff0c00eeff0000e6ff1600,deffeeff1600daffdaff3e00140004009a22b8a58222c222bea5fa22f26f48a5
7622,7622,0,ecffdcff000010000000f2fffcffecff0c000c00eeffeeff400012000e00eeff,f6ff14000c00faff3e00d4ff4a000a00e2ffe2ff26000600eaff0c00ccffdcff,1e001e0004000400deff0000040004000800faffeefffeff1000eeff06001600,ceff58000600e8ff0c001c00f4ff040098a51a221a6f36a5fea5a86f242298a5
7623,7623,0,1a000a00100010000000f2ffecfffcff0c000c000c00eeff1200f4ffeeff2e00,f6ff0400daffeaff20002e00fafffaff24001400f8fff8ff2c001c000c001c00,0e00ecff140022001000eeff14001400daff2800eeff0c00000020001600e6ff,00001000f8fff8ff1c00faff0400240006a5dc6f802306a59621aa22b8a50422
7624,7624,0,fcff1a00ceffeeff10000000fcff1c001c000c000c00e2fef4fff4fffeff1e00,14001400faffeaff1000e2fffafffaffd2fff2ff2600f8fffaffeaffccff0c00,0e000e00f6ff1400eeffeeff2400240028000800feffeeff20001000f6ff0600,10000000daff16001c00faff0400040020210a2386a52c21a86ffea618a5e26f
7625,7625,0,fcff2a00100000000000f2fffcff0c000c00faff1c00e2fef4ff0200feffdeff,f6ff1400eaff0c00e2ff2e00eaffeafff2ffe2ffd8ff0600eaffeaff1c002c00,0e000e00040014000000eefff4ff1400fafffaffeeff1c0000003000f6ffe6ff,0000eeffe8ff6400eaffeaff2400f4ffec6f74a618a4ea6edc23cea55421b023
7626,7626,0,1a00ecff00001000f2fff2fffcff1c001c001c00eeff0c004000d4ffeefffeff,e6ff0400eaff0c0020000000fafffaff1400d2ffe8fff8ffeafffafffcfffcff,0e000e0014001400eeff10000400e4ffeaff1800fefffeff00002000f6ff1600,000000001600daffdaff0c001400f4ffe02400a48c206024eea64620e26f28a6
7627,7627,0,1a001a001000000000002000fcff0c002c00faffe2fed2fe02000200eeff1e00,3200e6ffdaffeaffe2ff2000dafffaff1400f2fff8ffc8ff1c000c00fcffccff,0e000e0004001400000020000400f4ffdaffeafffeffeeff000010001600e6ff,ceff2000f8ffbaff0c001c00d4ff0400a4a65020b86ff6a5bea4b86fb82490a4
7628,7628,0,fcff0a0000000000d2ff0000dcfffcff0c00faff1c00eeff0200f4fffefffeff,040024000c00eafff2ff0000fafffaffe2ff0400d8ffe8ff0c00eafffcffdcff,2e00fcff0400140000000000040034000800faffeeffeeff20000000f6fff6ff,eeff0000cafff8ff1c00daffb4ff2400a0a3ec6ff024c8a3a620ee24a8a64420
7629,7629,0,fcff1a00000000000000e2ff0c000c00daffdaffdeffdeff22001200fefffeff,0400f6ffdaff1c0020000000faffeaff04000400f8ff16001c000c00dcffdcff,0e001e00140004000000eefff4ff1400daff0800eeff0c002000200006000600,20000000caff64001c00daff040004000a1f302514a7c01fc86f1ea720a4e26f
7630,7630,0,0a001a000000eeff10000000ecff0c001c00daffe2fe0c003000f4ff0e000e00,04001400eaffdaff3e0020001a000a00e2ff14003600f8ff0c000c00ecffdcff,2e000e000400040010000000240004000800faffeeff1c000000eefff6ff0600,2000eefff8fff8ffeaff1c000400e4ff1c7004a708a32a6f2e254ea4921f5825
7631,7631,0,2a001a00100010001000e2fffcfffcfffaff0c00deffeefff4ff1200defffeff,f6ff04000c00eaff0000e2ff0a001a00f2fff2ff3600f8ff0c001c000c00ecff,0e000e001400f6ff000000000400f4ff0800fafffeff0c00eeff3000f6ffd6ff,eeffdeff4600f8ffeaff2c000400d4ff3e2640a3d01ee025aea7821fc26f60a7
7632,7632,0,fcff0a0000002000000000001c00fcff1c000c00eeffe2fe0200e4fffeff0e00,1400f6ff0c00daffe2ff3e00eafffaffd2ffd2ff2600f8ffeafffaffccfffcff,fcff2e000400f6ffeeff000004001400eaff2800feffe0ff0000deffe6ff0600,ceff5800f8ffdafffaff0c00e4ff04002aa81a1f0a6f64a7fea3a86fc82500a4
7633,7633,0,0a001a0000000000f2ffe2ff0c00ecff0c00fafffeff0c00f4ff02000e00eeff,e6ff0400fafffaff2e00e2fffafffafff2ff140026002600eaff0c00ecffccff,dcff1e00040004001000100004001400daffeaff0c00feff30003000e6fff6ff,00005800f8ff16003e00eaffe4ff4400f0a21c708c2618a3a21eae25f0a7021f
7634,7634,0,fcff0a00deffeeff10001000dcfffcfffaff2c00deffe2fef4ff0200defffeff,1400f6fffaff0c003e00e2fffaffdafff2ffd2ffe8ff06000c00faffdcfffcff,0e001e000400e6ff0000deff0400f4fffafffafffefffeffeeff3000f6fff6ff,20001000daff06000c00fafff4ff24009c1dbe26e4a7701eb86f82a840a3e26f
7635,7635,0,fcff1a0010000000d2ffe2ffecff0c00fafffaffdefffeff30001200eeff1e00,f6ff1400eafffaff2e00e2ff0a00faff04000400f8ffe8ff1c001c000c00fcff,0e00ecff0400040010000000040004001800faffe0ff0c00eeffdeff16001600,10000000e8ff0600faff0c000400c4ffcc6f3aa8e6a12a6f4c2730a3ea1d5a27
7636,7636,0,bcfffcff0000100020000000ecfffcfffaff0c00feffe2fef4ff2200deff0e00,14001400eaffdaffe2ff20000a000a00e2ffd2ff0600d8fffaff0c001c000c00,fcff1e00e6fff6ff0000eeff04001400faffeaff1c00feffdeff2000f6ff0600,deff00000600f8ffeaff2c002400d4ffb42750a2721d4c27b2a8321de26f6aa8
7637,7637,0,0a000a000000000010001000ecfffcffdaff1c001c000c00020012000e00eeff,e6ff14000c001c000000f2ffeaffeafff2fff2ff360006002c000c001c001c00,fcff1e00f6ff0400000010001400e4ff080028000c00feff00002000e6ffd6ff,beff58001600daff0c001c00040004004aa93c1d2a6f02a8c0a2886f7a2794a2
7638,7638,0,1a000a000000defff2fff2fffcffecfffaffdafffeffceff30001200ceffeeff,0400f6fffafffaff0000e2fffafffaffd2ffc0ff060016000c000c001c003c00,1e000e00040004000000eefff4fff4fffaffeafffeffeeff30003000e6ff2600,eeff0000e8ffe8ff2c00eafff4ff240040a2cc6f1c2806a2821ca02814a92a1d
7639,7639,0,bcff2a000000eefff2ff1000fcff0c00dafffaffeeffeefff4ff5000feffeeff,0400d6ffeaff0c00e2ff0000fafffaffe2fff2ff160016000c000c00fcfffcff,2e002e00e6ff040000000000040004003600fafffeff2a0000000000f6fff6ff,6800deffdaff16001c00eafff4ff0400ac1c742872a8041dd86f32a944a2d26f
7640,7640,0,fcff1a001000100010001000fcffecff0c00faffeeffdeff02001200feff0e00,f6ff1400faffeafff2ff00000a00faffe2ff0400260006000c000c00fcffccff,0e001e0004000400deff00001400d4ffeaff2800feffeeff30001000e6fff6ff,0000defff8fff8fffaffdaff2400d4ffdc6fbaa956a13a6f2029dca1521c9a28
7641,7641,0,2a00fcffeeff00000000f2ff1c000c00fafffafffeffe2fed4ff1200fefffeff,f6ff14001c001c00200020000a000a00c0fff2fff8fff8fffafffafffcffccff,0e000e00f6ffd8ffeeffdeff04001400eaffeaff0c00feffeeff10003600e6ff,eeffeeff16000600daff1c00f4ffa4ff742966a1e41b7c28a2a9221ca26fb4a9
7642,7642,0,2a000a0000001000f2ffe2fffcff1c00faff0c00ceffeeff1200e4ff2e001e00,04001400dafffafff2ffd4fffaff0a00f2fff2ff1600e8fffaff1c000c000c00,fcff0e0004000400deff0000f4fff4ffdaffbcfffeffeeffdeffeeff0600f6ff,eeff00001600caff0c000c00f4ffe4ff44aac81bca6e72a940a2c86f742974a1
7643,7643,0,ecfffcffeeff0000e2ff1000fcffdcffcaffeafffeffeeff02004000feff2e00,040004000c00fafff2ffe2ff0a000a001400140016002600faff0c00ecff1c00,ecff1e00f6ff04000000eeff14002400eafffaffeeffe0ff0000defff6ff3600,00000000e8ffdaff2c00eaffc4ff5400e6a0cc6f9a29d6a0c01a202934aac21b
7644,7644,0,2a000a0000000000f2fff2fffcfffcff0c000c00feff0c003000f4ffeeff2e00,04001400fafffaff0000d4fffaff0a000400f2fff8ff06000c00faff0c00ecff,0e000e0014002200eeff1000f4ff040018000800feffeeff0000eefff6ff1600,20000000f8ff06000c00eaff040004004a1a7429d2a9141b686fc6aa34a1b26f
7645,7645,0,ecff0a000000000020000000ecfffcfffaff0c002c001c00300002000e00deff,1400d6ff0c00faff0000e2ffeaff0a0004000400e8ffd8ff1c000c00fcfffcff,0e00dcff040014000000eefff4ff0400eaffdaff1c000c0000001000e6fff6ff,0000deff0600f8fffafffaff2400d4ff666fd4aab6a0fa6e542ae8a0a61a242a
7646,7646,0,fcff0a00deff2000000010001c000c000c00faffeeffeeff30003000eefffeff,04000400fafffafff2ffe2ff0a00fafff2ffd2ffe8ffd8ff0c000c000c000c00,0e001e00e6ff0400eeffeeff04001400eaffdaffe0ffeeff1000000016000600,deff00000600e8fffaff2c002400e4ff4e2a96a0841a722ad6aa7c19926f74aa
7647,7647,0,fcff2a001000000000000000ecff0c001c000c000c000c00020002000e000e00,04001400eaffeaff2e00e2ff1a000a00f2ff140016000600faff0c000c000c00,1e001e00140004001000100004001400eaff08000c006600eeffeeff0600e6ff,00003000f8fff8ffeaff1c00c4ff040024ab7019aa6e42aad49f786ff02a94a0
7648,7648,0,0a001a00100000000000f2ff0c00ecfffaff0c002c002c0002000200deffeeff,14002400faffeaff3e00e2fffaff1a00f2fff2ff06003600fafffaffdcffdcff,0e000e00140004001000eeff040014002800faff1c001c0000000000e6fff6ff,eeff3000daff06002c00eafff4ff040066a0766f422b66a05c19882c40ab9019
7649,7649,0,fcff0a0000000000100020000c00fcffbafffaff0c00e2fe02003000aeff2e00,1400e6fffaffcaff20002000fafffaffe2ffd2ff160006001c000c00fcff0c00,0e00dcff14000400deff00000400f4fffaff2800eefffeff00001000f6fff6ff,5800deffdaff16001c00faff04004400b0180e2be2aac019686f46ab02a0926f
7650,7650,0,fcff0a00eeff10001000e2fffcfffcfffafffaff0c000c00300040000e000e00,14000400dafffaffe2ff2000faff0a00e2ffd2ffe8ffd8ffcaff0c00ecff2c00,0e001e00140014001000100004000400eaff0800e0ff0c0000000000d6ff0600,eeffbeff06005400daff0c001400f4ff066f84ab06a0ea6ec82c849f9018f02b
7651,7651,0,1a001a00ceff10001000f2ffdcff2c00fafffaffeeffeeff120012001e002e00,1400f6fffaff0c00e2ff2e000a000a00e2ffd2ff060046002c00fafffcfffcff,0e00fcff140004000000eeff0400f4ff0800faff1c002a00ceffdefff6ffd6ff,1000eeff0600daffdaff3e001400e4fffe2b909fa018582e68ac3c19926fb0ab
7652,7652,0,fcfffcffeeffeefff2ff1000ecffecffbaff1c001c00eeff12001200feffdeff,1400f6ffeafffafff2ffe2ffeaffeaff040014003600f8fffaffcafffcffecff,0e00fcff140004001000000004001400fafffafffeff0c000000eeffe6ffe6ff,00003000f8ffcaff1c00fafff4ff240098ac1018ba6e40abf49e186f362dd29f
7653,7653,0,fcfffcff00003000f2ff10000c00dcfffaffcaffeeff0c00120030000e00eeff,e6fff6ffeaff0c00200000001a00eaffd2fff2ff060006002c00faffdcffecff,0e009cff2200f6ff2000eeff1400f4ffeafffaffeefffeff10002000e6ff0600,eeff1000cafff8ff1c000c000400f4ff809f366ff62e569f3c17c82c50acfe17
7654,7654,0,fcfffcff0000eeff200000000c00fcffeaffeafffeff1c00d4ff0200deff0e00,0400d6ffeaffeaff2e00f2fffaff0a00f2ffe2fff8fff8ff0c000c00dcff0c00,0e00fcfff6ff14000000000004002400daff0800feffe0ff0000eefff6ff0600,0000deffcaff46000c00daff04006400e0173c2c60abba17186fd8ad329f526f
7655,7655,0,1a000a001000000020001000ecfffcff1c000c001c00feff0200f4ffdeffeeff,140004000c00eaff4c00d4fffaff5a000400f2ff160016001c001c00fcffccff,1e00fcfff6fff6ffeeffdeff2400f4ff1800faff0c001c001000deff06000600,1000eeffdafff8ff1c00eaff3400f4ff466f1aadf89eaa6e382e049f0e17962d
7656,7656,0,fcff1a00eeff100000001000ecfffcff1c00faffeeff1c0012000200feff0e00,0400f6ff3c00eaffe2ff2000faff1a00d2fff2ff060006002c001c000c000c00,dcff1e001400f6ffeeff0000040014002800dafffefffeffceffbeffe6ffe6ff,eeff00002400f8ffdaffeaff040004005e2e109fda16662fe8ad4c15526fc8ac
7657,7657,0,0a00fcff0000eeff00000000ecff1c00eaff0c00e2fecefff4fff4ffcefffeff,d6ff0400faffeaff2e002e00eaff0a00f2fff2ffd8ff06002c000c00dcfffcff,fcfffcff140004000000eeff0400f4ffdaff28001c00feffdeff00000600f6ff,000020005400cafffaff2c00f4ff04009aadca166a6ee8ac949e286f3a2eea9e
7658,7658,0,fcfffcff0000eeff100010000c00ecff3c00faff0c00e2fe300040000e002e00,04002400fafffaff3e00d4ff0a00faffe2ffe2fff8ff06000c00caff1c00dcff,0e00ecff040014000000eeff040004002800fafffeff0c00eeffeefff6ff0600,ceff6800daffe8ff2c000c0004002400f09e166f2630c89e2c15882f58ad3616
7659,7659,0,fcfffcff2000eeff0000f2fffcfffcfffaffdaff2c000c00120030000e000e00,14000400fafffaff2e0020000a000a00f2fff2ff360026000c00faffecffdcff,ccff0e00040022001000deff0400040036001800e0fffeff0000100006000600,68000000daff06000c00fafff4ff24006c159e2e60ac9a16086f18aeba9e326f
7660,7660,0,dcff0a0000000000100010001c00ecffdafffaff1c00feff120012001e001e00,f6ffe6ff0c000c00e2ff2e00daffeaffd2ff040016000600caff0c00fcffdcff,0e00fcfff6fff6ff00000000040014001800daffeefffeffeeff2000e6ff0600,1000cefff8ff0600faffeaff2400e4ffe66e26ae5a9e9a6e482f949d8615102f
7661,7661,0,0a00fcff00001000000010000c000c00faffdafffeffeeff0200d4fffeff0e00,f6fff6ffdaff3c002e0000000a000a00f2ffe2ff360036000c000c000c00fcff,dcfffcff1400e6ffeeffdeff140014001800eaffeefffeff0000000016001600,eeffeefff8ffdafffaff1c004400e4ff782f609e3c150c31c8aecc14226f18ae
7662,7662,0,0a00dcffdeffeefff2ff1000fcff0c001c000c00eefffeff1200f4fffefffeff,14002400fafffaff0000e2ff0a000a00f2fff2fff8fff8ffeaffeaffecff1c00,fcff1e00f6ff040010000000240024002800fafffeffeeffdeff000026001600,eeff20001600e8fffaff1c00e4fff4ffb6aedc148a6e68ad549d286ff02f1a9e
7663,7663,0,fcff0a0000000000f2ff00000c001c000c000c00eeffeeffe4ff1200eefffeff,f6ff0400faffdaff0000e2ff1a001a0004000400060026002c00fafffcff1c00,fcffecfff6ffe6ffceffeefff4ff24001800faff1c00feff0000defff6ff0600,00003000e8ffdaff3e00faff04002400b29dd66ecc31aa9d7a134c30b8aec614
7664,7664,0,fcff0a000000eeff2000f2ffdcffdcff0c00faffeeff0c00f4ff2200deff3e00,040004000c00faff2000e2fffaff0a001400f2ffe8ff26000c00faff1c001c00,0e001e000400140000001000f4ff0400faffdafffeffeeff00000000f6ff0600,1000eeffdaff16003e00faff0400240008146e3056aeac14e86e98afaa9d326f
7665,7665,0,ecffecff0000eeff2000f2ffecfffcffbaffeaff1c000c00300002002e001e00,e6ff0400fafffaffe2ff2e000a005a000400f2ffc8ffc8ff0c002c001c000c00,fcfffcff0400f6ff0000100014000400ccffeafffeffeeff2000eefff6fff6ff,2000deffe8ff1600eaff0c001400e4ffb66e66af2a9d8a6e4c31649dfe13da30
7666,7666,0,fcff0a00deff0000e2fff2fffcffecff0c00daff2c00eefff4ffd4ff3e00feff,1400e6fffafffaffe2ff3e001a000a00e2fff2fff8ff16000c002c00fcff3c00,fcffdcfff6ff04001000000004000400daff0800feffe0ffceffeeff06000600,deffeeff1600f8ffeaff2c00240014005e31629d7e1330322cb03a12d26ea0af
7667,7667,0,0a00fcff10001000e2fff2ff0c00fcffdafffafffeff0c00f4ffe4ff0e00feff,1400f6ff0c000c0020002000faff1a00e2fff2ff160006000c001c00fcff2c00,dcff0e00f6ff14000000eeff04000400faffeaff1c000c000000eefff6fff6ff,deff30001600daff0c000c00140014004cb0e012aa6ee4aed49cc86e9a318a9d
7668,7668,0,ecfffcff00000000f2ff2000fcffecfffafffaffeefffeff12002200feffeeff,f6ffe6ffeaff0c0020002e000a00faff0400f2ff260046001c00fafffcff1c00,fcfffcff04000400deffdeff1400f4fffaffdaff0c00feffeeff00000600e6ff,00003000060006001c00eaffb4ff2400029d866e50330a9d7611d03200b0c212
7669,7669,0,ecff1a0000000000e2ff2000ecff0c00faffeaffdeff1c00120002002e00feff,0400f6ff0c000c002e002000faff0a00e2ff0400d8ff46000c00eaffecff0c00,fcff1e00f6fff6ff000000000400d4fffafffafffeff1c00eeff0000f6ffe6ff,1000eeffdaff46001c00faff0400040060129e3124affe12786e2cb01a9d906e
7670,7670,0,0a00dcffdeff0000e2fff2ffdcfffcff0c000c00eeffeefff4ff02000e002e00,04001400faff1c00e2ffe2ff0a001a00e2ffe2fff8ff0600faffeaffdcff1c00,0e000e0014000400000020002400f4ffeaff2800eefffeff000000002600f6ff,1000ceffcaff1600c8fffaff34000400766e4cb06a9c4a6e1033449c62123a32
7671,7671,0,0a001a00eeff00002000e2ffecff0c00caff1c00eefffeff0200c6ffeeffeeff,f6ff0400faffeaff3e00e2ff1a00eaffe2ffd2ffd8ff16000c00faff0c001c00,0e000e0014001400eeff0000040004001800faff1c000c00deffbeff06000600,000010001600e8ffc8ff1c00f4ff1400c832d29c0e12f0331cb1c611f26e70b0
7672,7672,0,fcff0a000000100000002000fcffecffeafffaffeefffefff4ff30000e00feff,f6ff1400eaff1c00f2ffe2fffafffaff0400140006002600fafffafffcff0c00,0e00fcff140032000000300014000400eaff08000c00feff0000ceff2600f6ff,deff58001600cafffaff0c00e4ffe4fffcb01611fa6dd4af149c886ef632429c
7673,7673,0,0a00ecff00001000e2ff30001c00fcfffaffdaff0c00e2fef4fff4ff0e00feff,f6fff6ff0c000c00f2ff3e00eaff0a003600f2fff8fff8fffaffeaff0c00fcff,2e00fcfff6fff6ff1000eeff14000400eaff2800e0fffeff00001000f6fff6ff,eeff3000dafff8ff2c00faffd4ff2400a09b966e3034ca9c8610d0320ab12211
7674,7674,0,fcfffcff1000defff2ff1000ecff1c001c00faffeeff0c0002000200feff1e00,140004000c000c000000f2fffaff0a00f2fff2ff26001600fafffaffecff0c00,fcff0e00140004001000deff24001400fafffaffeefffeff00000000f6ffe6ff,10000000daff06000c00eaff040004003610583334b08a11a86e10b2229c306e
7675,7675,0,fcff0a00eeff0000f2ffe2ffecfffcfffaff0c000c00feff4000f4ffeefffeff,f6ff0400faff2c00f2ffe2fffaff1a00e2fff2ff5400f8fffaffbaff2c000c00,1e00ecff22001400eeff00001400040028002800eeff0c00eeffeeff06000600,2000ceffdaff1600daff0c000400e4ff866e5cb1bc9baa6d6234e49b6810e633
7676,7676,0,fcff0a00100000002000e2ff0c00ecffcaff0c000c00eeff020002000e00feff,0400f6ffeafffaff2e002e00faffeaffe2ffe2ffe8ff26000c000c001c00fcff,fcff0e000400040000001000f4ff04001800faffeefffeff0000eeff0600f6ff,eeffdeff1600f8ffc8ff1c001400f4ffe833609b0a113e3540b2620f206e1ab2
7677,7677,0,1a00fcffeeffeeff0000f2ffecffecff1c00faffdeffeeff020002002e000e00,04001400faff0c000000f2fffaff0a000400e2ff160026000c00fafffcff1c00,0e009cff040004001000100004000400ccfffaffeeffeeffceff10001600f6ff,deff30001600dafffaff2c00b4ffc4ff66b2500fda6db4b0629ba86e5634509b
7678,7678,0,fcfffcff0000000010001000dcfffcff0c000c000c00e2fe120012000e000e00,f6fff6ffeafffaff00000000eaff5a00f2ff140036001600eafffaff0c00ecff,ecff0e0022000400200000001400f4ff0800ccfffefffeffeeffdeff06000600,deff5800dafff8ff2c00faffd4ff4400d09a466ece357c9bf20e2236cab2a80f
7679,7679,0,fcfffcff1000200020000000fcfffcffcafffaff2c00e2fe12000200fefffeff,f6fff6ffeafffaff3e000000eaff0a00f2ff040006002600faffeafffcff1c00,dcff0e00220004000000100004001400daff0800e0ff0c000000eeffc6ff0600,20001000caff2400faffeaffe4ff4400fe0e2635a2b13410286eb0b2109b306e
7680,7680,0,fcff1a0000000000e2ff1000dcffecffcaffcaffe2fee2fe300030001e00eeff,0400e6ffeaff1c0020002000faffeaffe2ffe2fff8fff8ff2c000c00dcffdcff,0e001e00f6ff1400eeffdeff0400e4ff2800faff0c00feffeeff00000600f6ff,10000000f8fff8ff0c00faff44002400466ee6b28c9bea6d1235b29ac80e1e35
7681,7681,0,1a00bcffdeff0000100020001c000c00fafffaffdefffeff12000200feffeeff,f6fff6ff0c00faffe2ff2e00faff0a00f2ff140016002600caff0c000c00ecff,ecff0e00f6ff14000000eeff1400f4ff080046001c00eeff0000eefff6fff6ff,eeffeeff0600f8ffeaff1c000400e4ff2236809a240f9c3670b3520ec06d76b3
7682,7682,0,ecfffcff0000eefff2ff0000dcff0c00dafffaff0c00ceff30000200feffeeff,14001400eaff0c00e2ff2e001a000a00e2ff14000600f8ff2c000c00dcfffcff,bcff9cffe6ff140000001000040004001800faffe0ffe0ff0000ceff06002600,100000000600dafffaff2c001400d4ff86b3b20d146d76b2829a186e2e36a09a
7683,7683,0,1a00fcff0000eeff00001000fcff1c00faffdaff1c002c00120022000e000e00,f6ff1400faffcaffe2ff4c00faff1a00d2ff040046002600eaff0c00fcff0c00,fcff3e001400040000000000040014001800eaff0c00feffeeffeeff1600f6ff,eeff30000600daff1c00eafff4ff3400309aaa6d9c370c9be20c223626b4a00d
7684,7684,0,fcfffcff0000eeff00000000fcfffcfffaffdaffdeff0c0002001200eeff0e00,f6fff6ffdaff0c00f2fff2fffaff0a00f2ff0400540046000c00cafffcffccff,2e001e0004000400eeffeeff14001400eafffaff0c000c00deffeeffe6ff1600,1000eeffe8ff24001c00eaffd4fff4ff620dd2360eb5960ed86d82b4909ad06d
7685,7685,0,2a00fcff0000000010002000fcff1c000c00faff1c000c00f4ff2200feff0e00,14000400fafffaff2000f2fffaff0a00f2fff2fff8ffe8ff0c00faffacff0c00,0e001e00040004001000000004001400eaffccffeeff1c0020002000f6ff2600,eeffceffe8fff8fffafffafff4ffd4ff7a6df6b3ac9aa46cb237329ad00c9e36
7686,7686,0,fcff0a00100000001000f2fffcfffcff2c00fafffefffeffe4fff4ffeeffeeff,140032001c00faff2e00d4fffafffafff2ff1400e8ff06000c00faff0c000c00,fcffecff1400f6ff10001000140024002800fafffefffeffeeff000016000600,0000eeff1600daffeaff1c000400f4ff2237b699060eda37b2b4020cb06d56b4
7687,7687,0,1a000a00100000002000e2fffcfffcfffaffdaff0c000c00f4fff4fffeffeeff,04002400faff0c00e2fff2ffeaff0a001400040006001600faffeaff0c000c00,dcff0e0004000400eeffeeff140004002800daff0c00feffeeffdeff1600f6ff,000030001600caff2c001c00f4ff140094b42e0cd46c06b39e99e86db637009a
7688,7688,0,fcfffcff2000100020002000fcffecffdaff0c00feffeeff0200f4ff1e000e00,e6ff0400fafffaff3e00d4fffafffaffe2ffd2ffd8ff2600eaff0c000c000c00,ecfffcfff6ff1400000000001400f4ffeaffbcfffeffe0ffeeffdeffe6fff6ff,eeff1000f8ffe8ff2c001c00e4ff040066996a6dd238269ad20b56384eb5f80b
7689,7689,0,fcff2a0000000000f2ff0000ecff1c00fafffaff1c001c000200d4ff1e000e00,f6ffe6ffeaffeaffe2ffd4ff0a004a001400e2fff8ff16000c001c00fcffdcff,0e00fcff14000400100010000400f4ffdaffeaff0c000c001000eefff6fff6ff,0000eeff9cff54000c00faff040034005e0b2838feb5a80af86dd2b4c099606d
7690,7690,0,fcff1a001000eeff0000f2ffecfffcfffaff1c001c000c0002001200cefffeff,040014000c00faffe2fff2ff2a000a00c0ffe2ff160046000c00faffecff2c00,0e001e00f6ff14001000deff140014003600faff0c000c00eeffeeff26001600,100000001600f8ffeaff1c000400f4ff5a6db4b59e99b46cf6383e99280b9838
7691,7691,0,fcfffcffeeffeefff2ff0000ecffdcfffaffdaffdeff0c0040004000eeffbeff,040024000c001c00f2ff2e000a00faff14000400d8ff46000c00faff0c00fcff,fcff0e001400f6ffeeff000004000400eaff08000c00feff2000ceff1600e6ff,000000006400f8ffb8ff1c001400e4ffc83846996209a239b2b5120b306dceb5
7692,7692,0,fcfffcff1000cefff2ff1000fcff0c00caff1c00eefffeff2200e4ffdeff2e00,1400f6fffaff0c002e003e00fafffafff2ff0400160006001c000c00fcff0c00,0e00dcff040004001000eeff0400f4ffccffdaff0c00feffeeffeefff6fff6ff,deff10001600e8ffeaff2c00d4ffe4ff20b65e0a666c0ab72e99466d38394099
7693,7693,0,1a00fcff1000deffe2ff10001c000c00eaffdaff0c00eeff0200f4fffeff0e00,e6ff2400faff0c002e00e2fffaff0a00d2ff1400f8ffe8fffaffcaffccff0c00,fcff1e000400f6ffeeff300014000400ccffccff0c00feffdeff1000f6ff0600,eeff10000600daff3e00faffc4ff0400e6980a6d583a40999e09a6399eb65c0a
7694,7694,0,1a00ecff00000000f2fff2fffcffecfffafffaff0c00eeff300002000e002e00,240004000c00fafff2ffd4ff0a000a0004001400f8fff8ff0c00faff0c003c00,0e000e001400f6ff0000200004001400eaff0800eeffe0ffbeff00001600f6ff,10001000caff16000c00eafff4fff4ff94095839bab7c208466de4b64099106d
7695,7695,0,fcff0a00eeffdeff2000e2ffecff0c000c000c001c00feff020030000e00feff,040004000c00eafff2ff0000faffeaffe2fff2fff8fff8ffeaff0c00dcfffcff,0e00fcffe6fff6ff00002000d4fff4ffeaffeafffeffeeffdeffeefff6ff0600,2000eefff8fff8ffeaffdafff4ffe4ff0a6d20b72099f66b5a3ade988c09d839
7696,7696,0,ecff0a001000ceff100000001c00fcfffaff0c000c003c00120030000e00feff,040014001c000c00d4ff3e00eafffafff2ffd2ff3600f8ff2c002c00ecff0c00,0e001e0014001400deffeefff4ff14001800eafffeffeeff20000000e6ff0600,deffdeff1600daff0c002c00f4ffd4ff623ad6986208263b24b71e08b06c26b7
7697,7697,0,0a00fcff0000ceff200000000c00fcfffaff1c000c00feff3000f4ff0e00feff,04000400eaff0c002e00c4ffeaffeaffd2ff1400d8ff16000c00faff2c00fcff,0e00fcff0400f6ff000010002400e4fffaff0800eeff0c001000eeff0600d6ff,deff10004600daffeaff2c00c4ffd4ff90b7d408466c3ab8de98166d483ac098
7698,7698,0,fcfffcff1000eeff000000000c00ecfffaff0c00eefffeff30001200eeff2e00,f6ff1400faffdaff0000f2fffaff0a001400d2ffe8fff8ff0c00faff0c001c00,1e000e00040014000000eefff4ff04000800eaffeefffeff20000000d6ff0600,00000000daffcafffaff0c00e4ff14005698ba6c763b90981e08ec3be6b75208
7699,7699,0,0a001a00eeff000030000000fcff1c000c00faffeeffeeff12003000deffeeff,14000400faff0c00f2ff2e00fafffafff2ff140016000600faffeafffcff0c00,0e00fcfff6ff0400deffeeff14001400faff2800fefffeffceffcefff6fff6ff,10000000cafff8ff2c00faff140014003407123bdab82207f66ca4b77098b06c
7700,7700,0,dcfffcff100020000000e2fffcff1c00eafffaffeeffdeff4000f4ffeeff0e00,140014001c001c00e2ffe2ff1a00faff1400e2ff0600d8ffeaffeaffecff1c00,fcff1e0004001400eeffeefff4ff14001800dafffeff1c00200000000600f6ff,2000deffe8ff1600fafffaff3400d4ff6a6c26b89098266c4c3c9a97a2077a3b
7701,7701,0,0a00fcff10000000e2ff0000ecff1c000c00fafffeff0c0030001200fefffeff,3200f6ff0c00faff20000000faff1a00f2ff040036000600fafffaffecfffcff,1e000e00f6ffe6ffeeff000004000400fafffafffefffeff300030001600e6ff,0000100036000600daff2c002400d4ff203c3698d206e63ce8b82a07906c06b8
7702,7702,0,0a00fcff00000000100020001c00fcfffaff1c002c002c00d4fff4ff0e00eeff,140024003c000c00f2fff2ffeaff1a00e2fff2ffd8ff4600faffcaff1c00fcff,fcff0e001400e6ff0000eeff04002400daffeaffeefffeff0000deff2600e6ff,eeff10001600cafffaff2c001400e4ffc6b8d406b66b8ab95a97566c3a3cfe97
7703,7703,0,2a00fcff0000100000000000ecffdcff1c000c000c000c000200f4fffeffeeff,24001400fafffaffd4ff3e001a00eafff2fff2ffb8ff0600faffeafffcfffcff,fcff0e00e6ff0400eeffeeff2400f4ffeafffaff1c000c0000000000f6fff6ff,eeff10000600daff1c00c8ffa4ff0400b0979a6c263d20980a060c3c38b98006
7704,7704,0,dcff1a00eeffeeffe2fff2fffcffecffdaff1c000c002c0012001200feffeeff,1400f6ffeaffeaff20000000fafffafff2ffe2ffe8fff8ff0c00eaff3c00fcff,2e001e0014000400000000001400040018002800eefffeff10001000f6fff6ff,20001000caff16001c00daffd4ff04001406f63cf6ba7605966c68b9ae97286c
7705,7705,0,fcff1a00000000000000f2fffcff1c000c000c002c002c00020002000e000e00,f6ff14000c00eafff2ffd4ff0a00faff2400f2ffe8fff8ff0c001c00fcff1c00,fcffdcfff6ff140000001000240014001800eafffefffeffdeffeefff6ffd6ff,3000defff8ff0600fafffaff44000400786b56b91098966bac3c7a97d005c23c
7706,7706,0,0a00fcff0000100010001000fcffecfffafffaffdeff1c0012001200eeff0e00,f6fff6fffafffaffe2ff4c001a00eafff2fff2fff8fff8fffaff1c00ecff0c00,fcfffcfff6ff04001000100024002400eaff0800feff1c00beff00000600f6ff,000000004600cafffaff1c000400f4ff763d90977604123ea8b9cc04f86be8b9
7707,7707,0,fcff2a000000eeff2000f2fffcffccfffafffaff0c000c00f4ff30002e000e00,1400f6ff0c001c004c0010006a001a001400f2fff8ff26000c00aaffdcfffcff,8cff0e00f6ff14000000eefff4ff1400daff28001c001c001000eeff1600f6ff,eeff4800f8ffcaff0c000c00f4fff4ff80ba1805266ba6ba4a97766c723d9e97
7708,7708,0,0a002a00000000001000f2fffcfffcff0c00faffeeff1c0002000200cefffeff,f6ff1400daffeaff0000e2ff1a000a00e2ffd2fff8ff16002c002c000c000c00,9cff0e0004000400deff100014001400eaffeaff0c00feffeeff2000d6ffd6ff,00003000baffdaff2c00faffe4ff24001097386b923ec0975c04bc3e38ba3005
7709,7709,0,fcff0a0010000000f2ff1000dcfffcfffaff1c002c00feffe4ff30000e00ceff,240014000c00faffe2fff2ff0a001a00f2ff04002600e8fffaff0c00ecff0c00,dcff0e00f6ff1400deff0000040014000800fafffeffeeff00000000f6ff0600,10000000daff54002c00eaffe4ff14005804323e36bb0604466c8cba3e97b86b
7710,7710,0,ecffecff20001000000000000c001c001c00faffeeff1c00e4ffd4ffdeffeeff,e6ff0400eaffeaffd4ffe2ff1a00fafff2ff0400060046000c00faff2c002c00,0e000e00040004000000eeff040014001800dafffeff0c00eeffeeff0600f6ff,5800eeffdaff1600eafffaff1400e4ff186ba0ba9097f66a3c3eba960804123e
7711,7711,0,fcff0a00000000000000f2fffcfffcfffaff0c000c00eeff2200e4ff2e00eeff,1400d6ff1c000c000000f2ff1a00faff0400f2ff46000600faff0c00fcff0c00,0e009cff32001400100000002400f4ffeaffeafffeff0c000000eeff0600f6ff,0000eeff1600f8ffeaffeaff0400e4ffd23e20972603223f4cbbbc03986bf8ba
7712,7712,0,fcfffcffeeff1000f2ff20000c002c00fafffaffdeff2c000200f4fffeff0e00,0400f6ff0c000c00e2ff2e00eaff1a00d2fff2ff260026001c000c00fcff1c00,fcff0e001400f6ff10000000f4ff0400faffeafffefffeff2000deff06001600,ceff20004600f8ff1c000c00e4ff040060bb8203c66af6bbca96166cb23ee696
7713,7713,0,fcff0a00eeffdeff2000f2ff0c001c00fafffaff0c00feff12001200eeffeeff,04000400eafffaff2e002e001a001a00f2ffd2ff1600e8ffcaff0c002c00fcff,0e001e000400f6ff000000001400040036000800e0fffeffeeff000016003600,eeff2000daffdaff1c001c00d4ff4400c096086bb23f3097da02dc3e1abc6803
7714,7714,0,fcfffcff00001000f2ffe2ff0c001c00daff0c00feff2c01e4ff0200feff2e00,040014000c00fafff2ffe2ffeaff0a001400d2ff06004600faffeaffdcff3c00,dcfffcfff6ff1400deffeeff0400e4fffafffaffeeff0c00eeff0000f6ff0600,10002000daff46002c00c8ffd4ff04002202b83fd4bc8802d66baebcb696586b
7715,7715,0,fcffecffeeff100000000000dcfffcff0c000c00feffd2fee4ff12001e002e00,0400f6ff0c000c00d4ff2e000a000a001400e2ff540016001c002c00dcfffcff,fcff0e0004000400deff0000f4fff4ff2800dafffefffeff2000deff06000600,2000deffe8ff0600fafffaffe4ffe4ffe86a00bc9296766abc3f8a965c02ba3f
7716,7716,0,0a000a00000000000000f2ff1c000c00fafffaffeeffeeffd4ffd4fffeffeeff,14000400faff0c00e2ff3e00faff2a000400e2ff060026000c00faff0c00fcff,fcffecff0400140000000000040004000800dafffeffeeff000000000600e6ff,deff00000600f8ffb8ff2c000400b4ff58406e96a20112401ebd8601e86ad2bc
7717,7717,0,0a000a0010000000000000000c001c002c00faffeeff1c001200d4ffeeff0e00,32000400eaffeaffe2ff2e00fafffaffe2fff2fff8ff2600eafffaff0c00dcff,7cff0e00f6ff0400deff000004000400eaffeaffeeffeeffeeff100026000600,000020000600e8fffaff2c000400040014bd8801666a44bdaa95d66b1a401696
7718,7718,0,1a00fcff00001000f2ffe2fffcfffcfffaff2c00eeffeeff02000200eeff2e00,140004001c000c00f2fff2ff0a00fafff2ff140054003600caffcaffecffecff,0e002e001400f6ff0000deff14000400360028000c000c00eeffeefff6ffd6ff,00001000f8fff8ff0c00faffe4ff14003e96986a0e4182964601604132bdac01
7719,7719,0,fcff0a00eeffeefff2ffd2ffecff0c000c002c00ceffeeff020002000e00feff,f6ff0400eaff0c00e2fff2fffaff1a00f2fff2ffe8ff36000c000c000c00ecff,1e000e00e6fff6ffeeff100014005400dafffafffeff0c00deffeeff0600f6ff,20001000f8ff16001c00dafff4ff0400b800e84024bed200b66b5ebd0696e86a
7720,7720,0,2a00fcff00000000f2ff20000c00fcff1c00eaffe2fedeff1200e4ffeefffeff,f6ff14000c000c00e2ff3e001a001a00f2ff1400e8ff1600eafffaffdcffecff,0e00fcff04000400eeff100004001400daff0800eeffeeffeeff30000600f6ff,3000eefff8ff1600fafffaff2400e4ff586ab4bd8296866a60417a95ac00ec40
7721,7721,0,1a000a0000001000e2fff2ff1c002c000c00caffeeffeeffe4ff0200deffdeff,140014000c00faff2000e2fffafffaff1400040026003600faff0c00fcff0c00,0e000e001400e6ff00001000240024000800eafffeff1c00eeffdefff6ffe6ff,20000000f8fff8ff0c002c00f4ffd4ff4841d295c6ff14428ebeb600d86ab2bd
7722,7722,0,0a00fcff00000000f2ff10000c00fcfffaffdafffeffe2fef4ff1200eeffeeff,14001400fafffafff2fff2ff0a00faff2400f2ff2600f8fffaffeaffccffccff,9cff2e00040014000000eeff14000400dafffaffeefffeffeeff0000e6ff0600,deff20001600daffdaff0c00d4ffd4ffc0be70ff166aa2be2a95666bdc41c695
7723,7723,0,ecffdcff1000100020000000fcffecff0c00faffe2feeefff4ffd4ffeeff0e00,f6ffe6ff0c00faffe2ff2e001a001a000400f2fff8ff46001c001c00ecff0c00,dcff0e00f6ff140010002000f4ff94ffdafffaff1c00e0ffdeffeefff6ff0600,eeff1000f8ffdaff2c00b8ffe4ff0400b295386a2442249640ffa04182be6aff
7724,7724,0,2a00fcff20000000300010000c00fcff0c000c00eeff1c00e4fff4ff0e000e00,14000400fafffafff2fff2ff1a000a0024000400260026002c002c000c00ecff,0e00ecff22001400eeffeeff14000400fafffaff1c00feff0000000016000600,00000000e8ff64000c00faff0400e4ff20ffb841a0bf16ff866b0ebf76956c6a
7725,7725,0,0a001a0020002000f2fff2fffcff0c002c000c00e2fee2fe0200d4ffeeff0e00,140014000c00eafff2fff2ff0a001a00f2ff14000600f8fffaff0c001c00fcff,0e000e00140004001000420014000400dafffaffe0fffeff1000eeffe6ff1600,0000defff8ff1600faff0c00e4ffd4ff9e6910bf0496c669b442ca94a2fe7c42
7726,7726,0,0a000a00eeff1000f2ff0000fcff0c001c000c00cefffeff12000200beff2e00,f6ff04002c001c00f2ff00000a000a00e2fff2ff460016000c000c00ecff0c00,0e000e00140004000000000004001400faffacfffeff0c00deffeeffe6ff1600,0000eefff8fff8fffaff2c001400e4ffe242329576fee4426ebf30fe3c6a7abf
7727,7727,0,1a00ecff20000000f2ff20001c001c00fafffaffeeffe2fee4ff3000eeff0e00,f6ff1400faff1c002e002e000a001a00e2ff0400f8ff16001c000c000c000c00,fcff1e00f6fff6ffdeff00001400140008001800feff0c000000eeff1600e6ff,ceff10005400daff0c001c002400e4ffd6bf80fec66900c0fa94666a08434695
7728,7728,0,1a002a00ceffeefff2ff00001c000c003c00daffceffeefff4fff4fffefffeff,f6ff0400fafffafff2ffe2fffaff5a0036001400060016000c000c00fcffecff,0e000e00f6ff0400eeffeeff140004002800eaff0c00e0ff1000000006000600,eeff1000e8ffe8ff2c00faffe4ff140066942c6982438495e0fd16447cc032fe
7729,7729,0,fcff1a00000000000000f2ff0c00ecffcafffaffe2fedeffd4ffc6ffdeff0e00,040014000c00faff2e0000000a000a000400f2fff8ff3600fafffaff0c001c00,ecff0e00140014001000100014001400eaffeafffeff0c0000000000f6fff6ff,1000deffdaff24000c000c00d4ff140034fd3243e0bf38fd92699ebf1695ac69
7730,7730,0,0a000a0000001000200000001c002c000c00fafffeffe2fe120002002e00eeff,f6ff14000c000c00100010000a000a00f2ff040006002600faff0c00ecfffcff,fcfffcfff6ff04000000000014000400eaffccfffeffe0ffeeffeefff6ff0600,1000eefff8ff1600faffdaff4400e4ff1c6936c0849532691644aa9432fdb843
7731,7731,0,fcff0a00eeff10000000f2ff1c000c001c00faffeeffe2fee4fff4ff0e00feff,0400f6ff0c00faff2e00d4ffeafffafff2ffe2ff16001600eaff0c00fcff0c00,1e00fcfff6ff0400eeff100034001400faffdaffe0ffe0ffeeffeeff1600f6ff,200010001600e8ffeaff1c000400e4ff6a4446949afce244a2c040fd5c69bcc0
7732,7732,0,0a00fcff10000000f2fff2ff0c000c00fafffaffeeffd2fee4ffd4ff0e001e00,140014000c00faff0000e2fffaffeaffe2fff2ff26001600fafffaff1c00fcff,fcff2e000400f6ffdeffdeff24004400eaffdafffefffeffdeffeefff6ffe6ff,eeff30001600daff1c001c00e4ffe4ff26c1e4fcd26800c1aa944269a044e694
7733,7733,0,dcfffcff00000000000010000c00fcff0c000c00eeffeeff02001200eefffeff,04000400daffeaff20003e001a00faffe2ffe2fff8fff8fffafffaffecffecff,dcfffcff140014000000000004001400eaffeaff2a000c002000eefff6ffe6ff,eeff3000f8fff8ff2c000c00f4ff340036942c69c2446495f0fbc6443cc1fafb
7734,7734,0,2a001a00eeff1000200000001c00ecfffaff0c00eeffdeffe4ff1200eefffeff,040004001c002c003e00f2fffafffaff1400f2ffc8ff0600faffeaff0c00fcff,0e001e00d8ffe6ff10000000f4ff1400bcff1800feff0c00ceffdeff16003600,0000eeffdaff46002c00eaff0400040022fb1a45a0c1fafb226906c25e947c69
7735,7735,0,fcff1a00deff100010000000fcfffcffeafffaffceffeeff0200e4ff0e001e00,04000400eaff0c002000d4ff0a000a00040004000600f8ff0c001c001c001c00,0e000e00f6ffe6ff1000100004000400faff08000c000c00eeffeeff06002600,2000eeffcaff4600faff0c002400e4ff8c6820c21495b26866457a94aafb3045
7736,7736,0,0a000a00000000000000f2ff1c000c00fafffaffe2fee2fe4000f4ff2e000e00,0400f6fffafffaffe2ffe2ff1a001a000400f2ff0600d8fffafffafffcff3c00,1e00fcff0400f6ff0000eeff24000400eafffaff0c000c000000000006001600,100010000600baffc8ff0c002400e4ff3646c6930afb524522c35efafc68fcc1
7737,7737,0,ecfffcff1000000010000000fcff2c00faff1c00ceffeeff300002003e00eeff,240014000c002c002e00f2ffeaff0a00e2ffe2ff160016001c00faff1c001c00,fcff2e00f6ff1400eeffeeff04000400faffdafffeffeeff0000deff1600e6ff,eeff30001600f8fffaff0c00d4fff4ffb0c212fa5268cec2fa93e2683046fe93
7738,7738,0,fcfffcffeeff2000f2fff2ffecffecff0c00faffdeffeeff3000e4fffeffeeff,2400f6ff0c002c000000f2fffaffeaffd2ffe2ff360016001c002c001c002c00,0e000e00f6fff6ff000010000400e4ff080008000c001c00eeff1000e6ff1600,eeff0000e8fff8ff1c000c00c4ff040096935c684046e4943efab4466cc238fa
7739,7739,0,2a000a00eeffeefff2ff1000fcfffcfffaffeafffeffeefff4ff12000e00feff,140014000c00faffe2fff2ff0a001a00f2ffe2ff46001600cafffaff2c000c00,fcff0e00f6ff0400deff000024002400eaff0800eefffeffceff200016000600,3000eeffdaff16000c000c000400140068f98646fec27afa926842c32e948268
7740,7740,0,ecff2a00000000001000f2ff0c00fcffdaff0c000c00eeff300012000e000e00,140024000c000c00e2ff00000a00faff040004003600f8ff1c00eaff1c000c00,fcffecff04000400ceffeeff040014001800fafffeffe0ffceffceff16000600,5800deffcaff5400faffdafff4ffd4ff2c6830c39494dc67e446489368f97046
7741,7741,0,fcfffcff0000200000001000fcff0c00fafffaff1c00cefff4fff4ff3e002e00,f6ff24000c000c00e2ffd4ffeaff0a001400f2ff1600f8ff0c00faffecff1c00,dcfffcff14001400eeffeeff04001400faffbcffeefffeff20001000f6fff6ff,eeffdeff0600f8fffafffaff0400f4ff6647669396f9de4624c47af9226898c3
7742,7742,0,fcff1a0000000000f2ff30001c00ecfffafffaff0c000c0002000200eeffceff,f6ff14000c00faffe2ff3e001a00faffe2fff2ff060006001c00faff0c000c00,fcff0e00040004000000ceff14001400bcff08000c00eeff00002000f6ff1600,deff30000600daffeaff0c00b4ffe4ffd2c3a8f86067c2c33893ae674247be93
7743,7743,0,0a00fcffeeff000000002000fcfffcff0c000c00eeffeefff4fff4ff2e00feff,f6ff0400faff0c00f2ff3e005a000a00f2ffe2fff8ffc8ff0c00faff0c000c00,fcfffcfff6ff04000000300014001400eafffaffeeff0c00eeff200006001600,00006800e8ffe8ff1c00eaffd4fff4ff16931c68fe4614945af8544768c4b8f8
7744,7744,0,fcff2a0010001000f2ff10000c00fcfffaff1c00eeffeefff4ff12002e00eeff,3200f6fffaff0c00f2fff2ff0a000a00f2fff2ffd8ff06001c00fafffcff0c00,1e00ecff0400f6ff0000deff14001400eaff3600fefffeff0000eeffe6ffe6ff,30001000e8fff8ff1c00dafff4ff1400b6f7dc4742c4b6f86e6780c59e930268
7745,7745,0,2a002a00eeff00000000f2ff1c00fcfffafffaffeeffe2fe0200f4ff2e00feff,140004000c001c003e00d4ff0a001a00e2ffe2ff160006000c002c00dcff0c00,0e000e000400040000001000f4ff0400faff1800e0ff0c00deffdeff06000600,0000000006002400eaffeafff4ffa4ff766760c41494406738484893d6f74248
7746,7746,0,0a002a000000eeff30001000fcff1c001c000c00eeff0c0002000200fefffeff,f6fff6ff0c00faffd4ff2e000a000a001400d2ffe8ff36001c00fafffcfffcff,1e00fcfff6ffe6ff0000100004001400daff1800e0fffeffdeff00000600f6ff,deff000006001600faff0c00f4ffc4ffbc48f6925ef7ce4730c646f7926740c5
7747,7747,0,0a001a0000000000f2ff0000fcfffcff1c003c00defffeff020002000e001e00,04000400fafffaffe2fff2ff2a000a000400f2ffe8fff8ffcaff0c001c001c00,ecff0e000400e6ffceffeeff44000400fafffaff0c00feffeeff000036001600,deff00004600cafffaff3e00f4ffe4ffd0c530f7e06642c538937e67ec486e93
7748,7748,0,2a00fcff00000000f2ffe2ff0c00dcff1c000c00eeffe2fef4ffc6ff0e002e00,140014000c001c00e2ffd4ff1a00eafff2ff1400d8ffd8ff0c00eaff2c00ecff,0e00fcff14000400deff200014001400daffccff0c000c00eeff00000600f6ff,00001000e8ffe8ff1c00eaffe4ff2400d69226679e48e49306f72a49d0c5f6f6
7749,7749,0,1a000a0000000000100010001c00fcff1c00daff02ffe2fe0200e4fffeffeeff,f6ff04001c001c00f2fff2ffeaffeafff2ff1400060016000c00eaff0c00ecff,fcff1e00f6ff04001000eeff14002400eaffdaff2a00feff0000100016001600,10000000f8fff8ff0c00eaff0400140080f62c4920c63ef74e6740c64e938267
7750,7750,0,fcfffcff100000002000f2ffecff0c00faff1c00eefffefff4fff4ffeeff1e00,f6ff0400faff0c002e002e005a001a000400d2fff8fff8fffafffaffecffdcff,0e009cfff6fff6ffeeff000004000400bcff28000c001c001000000026001600,2000eeffdafff8ffdaffeaff140014000667acc60494d0666a49d8920ef60c49
7751,7751,0,0a00fcff0000000030000000fcfffcff3c000c00f2fefefff4ff0200eeff2e00,0400f6fffaff0c00f2ff2000faff4a0014000400f8ffe8fffafffaff1c000c00,0e00fcfff6fff6ff0000defff4fff4ffeafffaff0c00feffdeffeefff6ff1600,eeffdeffe8ffdaffeaff1c00e4ffe4ff8c49b69200f70e4900c766f6226730c6
7752,7752,0,2a00ecff000000002000e2ff0c001c001c001c00f2fed4fed4ff0200eeff0e00,040024000c000c000000e2fffaffeafff2ff0400260016000c00faff1c00fcff,0e00fcffe6ff14000000deff14000400dafffaff0c00feff0000deff1600f6ff,deff20001600e8ffeaff2c00d4ffe4ff7cc7b4f5b2669ec6b8929e66bc49f292
7753,7753,0,fcff0a0000000000f2ffe2fffcfffcffbaffdaffeefff2fee4ff0200feff0e00,f6ff24000c00daff2e00f2ff0a00eafff2ff24000600d8ff0c00fafffcff1c00,fcff1e000400e6ff1000deff24001400fafffaff0c001c000000eeff06001600,ceff2000f8fff8ff0c00eaffd4ff0400869266662e49b493d6f57a4958c79ef5
7754,7754,0,fcfffcff0000000030002000ecff0c00faff0c00f2fee0ff120002002e00eeff,14000400faff1c00f2ff20000a001a002400e2ff46003600fafffaffdcfffcff,dcff1e00e6ff04000000eeff14001400eafffaffeefffeffdeffcefff6fff6ff,0000deffbafff8ff1c00daffe4ff0400a4f4464a1ec762f5be6634c8f292d266
7755,7755,0,fcff1a00000010000000e2ff0c000c000c001c00eeffeeff120002002e000e00,040014000c00faff2e00d4ff1a000a00e2fff2fff8fff8fffafffaffecffdcff,fcff1e00f6ff040000001000f4ff1400daffeaff0c00feff0000eeff06001600,1000eeffe8ff0600eaffeafff4ffc4ff366622c8669322668e4aa8921ef5a24a
7756,7756,0,2a001a0000000000f2fff2ffdcff1c00daffdaffeefff2fed4ff12000e00eeff,040004001c000c000000f2ff1a000a00040004003600f8ff2c00faff0c00fcff,0e00fcff040014000000eeff04001400fafffaff0c001c000000200006003600,100000000600daffdafffaff2400c4ff964a469202f5744a34c806f42c6642c8
7757,7757,0,0a00fcff00001000f2ff0000fcfffcff0c000c00d0ffeeffe4ff02000e001e00,f6ff14000c00faffe2ff4c000a00faff1400140016000600eaffeaff1c000c00,0e000e00f6ff04000000000004001400eaffccff0c000c000000000006000600,eeff20005400dafffafffaff0400c4ff82c864f4b465fec788924e664e4b9292
7758,7758,0,fcff1a00000000000000f2fffcff0c001c000c000c00eeffd4fff4ff2e000e00,14000400faff0c0020004c001a00faff0400e2ff260026000c00eaffecffecff,0e00fcfff6ff14001000200034000400faff3600feff0c000000eeff16001600,deff1000f8ffdaff1c000c00d4ff440046922666d44a269314f33e4ba2c8d6f3
7759,7759,0,1a00ecff1000deff1000e2ff0c00fcff1c000c000c00f2fe120040002e000e00,e6ff14003c00faff2e00d4ff0a000a0014002400d8ffe8ffcaff0c000c00acff,1e002e000400f6ffeeff00004400f4fffaffeaff1c000c00deffdefff6ff0600,2000eeffe8ff16001c00c8ffe4ff240098f2d84b1cc914f41e6694c88292c065
7760,7760,0,fcff0a00000000000000e2fffcff0c00faff0c00d0fffeffd4fff4fffefffeff,f6fff6ff0c00fafff2ffe2ff0a000a001400360006002600faff0c000c00ecff,fcff9cfff6ffe6ff1000000014001400faffeaff0c001c000000000006000600,1000eeffdaff06000c00daff0400f4ff8a6552c9e69224653e4c169216f3de4b
7761,7761,0,fcff1a00deff100000000000fcfffcff1c00daffeeffeefff4fff4ff0e00feff,0400f6ff0c000c004c002e00faff1a00e2fff2ff060026000c00fafffcff3c00,fcfffcff1400f6ff10001000f4ff2400eaffdaff1c00feffdeff20000600f6ff,eeffeeff1600e8ff0c003e001400e4ff9c4c569204f3744b84c924f3c0654cc9
7762,7762,0,1a001a00eeff00000000f2ffecfffcfffaff0c00eeffd0fff4ffe4ff0e000e00,040024001c001c002e00e2ff0a00eafff2ffd2ff06004600faffeaff0c00ecff,fcff1e00f6ff14000000000004002400faff3600fefffeff0000deff1600e6ff,ceff00001600daffeaff2c003400f4ff1cca18f214652cc948926e657e4c6292
7763,7763,0,fcff1a002000deff000000000c00fcfffafffaff1c001c00f4ff12000e002e00,1400e6ff1c00faff0000f2ff0a004a00e2ffd2fff8fff8fffaffdaffecffecff,0e000e00f6ffe6ffeeffeeff14001400eafffaff0c000c002000eeffe6ff2600,eeff0000f8ffdaff1c00eaff14001400dc911a65044c169380f18e4c1cca44f2
7764,7764,0,fcff2a000000cefff2ffd2fffcff0c000c002c00f2fe0c00d4ff2200eefffeff,1400f6fffafffaff20003e00faff0a00f2ff140006002600caffeafffcff1c00,fcff0e00f6ff1400eeffeeff14001400eaffdaff1c000c0030001000f6ff0600,00000000baff46000c00daffe4ff14005ef12c4d0cca18f03e6528cb12923065
7765,7765,0,0a00fcffdeff0000f2fff2fffcff0c000c000c00fefff2fe22000200fefffeff,e6fff6ff0c001c002000e2fffaffeaffe2ffe2fff8ffe8fffaff0c00ecfffcff,0e000e00f6ff0400deff100014002400180008000c00feff100000000600f6ff,0000ceffe8fff8ffeaff0c00f4ff0400fa64ccca069394645e4dd29154f1164d
7766,7766,0,1a00fcff000000002000e2fffcff0c001c00faffeefffeff020012000e00deff,2400f6fffaff0c00200020001a000a0036001400f8ff0600eaff0c002c000c00,0e001e001400e6ff0000100014000400daffdaff7600eeffeeff3000f6ff0600,1000eeff0600caffeaff0c003400e4ff584eac9198ef124d68cb70f0a06458cb
7767,7767,0,0a000a000000eeff0000f2ff0c000c00faff0c00f2fed4fe3000f4ff1e002e00,2400f6fffaff0c00f2fff2ff1a001a00f2ff1400160036000c000c00fcffdcff,1e00fcfff6ffd8ffeeffeeffe4ff0400bcff2800feffeeffeeff000006001600,ceff20001600caffdaff0c000400d4fffecb1cf01464dccaa29180641a4ef291
7768,7768,0,0a000a0000001000f2fff2ff1c000c000c00faffd0ffeeff1200e4ff1e000e00,e6ff14001c000c003e00f2ff0a002a00040024002600e8ff1c00fafffcff0c00,8cfffcfff6ff14000000eeff24000400fafffaff1c001c00eeff0000d6ffe6ff,eeff2000f8fff8ff2c00faffb4ffe4ff7c918a64424dd69240f03e4ee8cbdaef
7769,7769,0,fcfffcff00000000f2ffe2fffcfffcff0c00fafff2fef2fef4fff4ff0e00eeff,f6fff6ff1c001c00f2ff2000fafffaffe2ff2400060016000c00faffecfffcff,ecff2e00140004000000eeff240004002800ccfffefffeffeeffdeff16001600,30002000bafff8ff2c000c00e4ff040086ef884ed2cb80ee106468cbd2916864
7770,7770,0,fcfffcff1000000010001000ecfffcfffaffeaffd0fff2fe0200f4ff0e002e00,1400e6ff0c001c00d4ffe2ff0a00eafff2fff2ffc8ff26000c000c00ecffdcff,0e000e00140014002000eeff04004400fafffaff1c00feff0000eeff16001600,1000deffdaff5400daffdaff3400f4ffd663f2cc809234646e4e329160ef4a4e
7771,7771,0,fcfffcffeeff0000f2ffb2ffecff0c000c00eafff2fee0ffe4ffc6ffdeff0e00,14001400faff0c003e000000fafffaff040024004600f8fffaff0c00ccffdcff,2e009cff04000400deffeeff04000400eaffdafffefffeffdeff0000e6ff3600,1000eeff54000600c8ff1c002400c4fff84e5c91a4ed304e0acd4ceff863f0cc
7772,7772,0,fcfffcff0000eeffe2ff00000c00dcfffafffaffeefff2fef4ff02000e00feff,f6ff24000c00fafff2ffe2ff0a000a00f2ff04001600d8ff0c00eaffdcfffcff,fcfffcff0400f6ff0000deff0400f4fffaffdafffeffeeffdeff000006000600,deff30000600dafffaff2c00c4fff4ff52cdb6eea66382cc52912e63204fa291
7773,7773,0,fcfffcff0000eeff1000f2ff0c00ecfffafffafffeffeeff020012001e000e00,f6ff0400dafffaff2e004c00fafffaff04001400f8fff8fffafffaffecffdcff,0e00ecff1400140000000000f4ff0400eafffaff0c00e0ff1000000016001600,00001000e8ffdaff0c00eafff4fff4ff3c910463c84e80927cee9e4e90cd68ee
7774,7774,0,fcfffcff00000000e2fff2ffecfffcfffafffaffdeffe0ffe4ff1200ceff1e00,140024000c00faffd4ffd4fffaff0a00140014000600e8fffaff1c00ecffecff,dcfffcff0400f6ff0000ceff2400f4ff0800eaff2a000c00ceffceff0600f6ff,30001000daff06001c00daffc4ff240076ee784f72cda4ec4e637ace7291a863
7775,7775,0,0a001a00eeff00000000f2ff0c001c001c00daffe2fedefff4ff02001e000e00,04001400eaff0c002000e2ff1a000a000400240006002600cafffaffdcfffcff,1e008cff14002200eeffeeff04002400ccffeafffeff1c00eeffceffe6ff3600,0000befff8ff4600faffeaff0400040014631ece309226637e4f529188edb04f
7776,7776,0,0a00fcff000000002000f2ff1c001c00faff2c00fefffeff0200f4ffeeffeeff,040004000c000c002e00f2ff0a000a00f2ff2400260006001c002c00ecffdcff,fcff0e00040004001000100024001400faffeaffeeff0c000000eefff6ffd6ff,0000eefff8ffe8fffaff2c001400e4ff3e503c91f4eb864faace1ced486390cd
7777,7777,0,fcffecff20000000f2fff2ffecfffcff0c00faff0c00eeff22002200eeff0e00,f6fff6ff0c00fafff2fff2ff0a002a000400040036005400eafffaff0c000c00,0e000e00140004000000000014002400fafffaffeeffeeffeeffeefff6fff6ff,10001000f8ff0600eaff3e00d4ffe4ffbece30ed266340ce32912e63b04f8291
7778,7778,0,1a002a00eeff1000e2ff2000fcfffcfffaff0c00eeffcefff4ff2200cefffeff,1400f6ffeaffeaffd4fff2ff0a001a00f2ff040006004600faff1c00fcffccff,0e00dcff14002200deffeeff14001400eafffafffeffeeffeeff1000f6fff6ff,00002000f8fff8ff0c000c00f4ff14003c91d462e64f5092dcec8250b0ce50ec
7779,7779,0,fcff1a000000eeffe2ff00000c00fcff1c00eaffdeffeeff120022000e000e00,e6ffe6ff0c001c002e00f2ff0a000a002400040006001600faff0c00fcffdcff,dcff1e001400f6ff0000eeff0400d4ff2800eafffefffeffdeff0000e6ff0600,10000000daff16001c00faffa4fff4ff5eeb4e501ecf94ebbe62face4291f862
7780,7780,0,fcfffcff1000eefff2fff2ff1c000c00daff2c00eefffeff12000200feffaeff,d6ff0400fafffafff2fff2ff1a00fafff2ff14000600d8ff3c000c00dcff0c00,fcff0e00f6ff04001000eefff4ff14000800daffe0fffeff20000000f6ff0600,3000deffdaff5400fafffaff1400d4ff64629ecf2092a662d2500291f0ebea50
7781,7781,0,fcff0a0000000000e2fff2ff0c001c001c00faffeeff0c000200f4ff0e000e00,040014000c001c00e2fff2ff1a001a002400f2ff160016001c00faff0c001c00,1e001e00140004000000eeff1400f4ff2800daffeeff0c00deffeeff0600f6ff,1000deff0600f8ffdafffaff4400d4ff1e51cc9076eab2524ed06cec3c62c8cf
7782,7782,0,0a002a0000000000e2ff00000c001c00faff2c00e2fee2fef4ff02000e00ceff,04000400faffeaff00000000faff0a00140024000600f8ff0c00faffacffecff,fcff2e000400040010001000f4fff4ff280008001c000c002000deff1600f6ff,deff00006400e8ffdaff2c000400f4ff84d0deea7662fece0291ba615a515291
7783,7783,0,ecff0a00eeff00000000f2ff1c000c000c00faffeeff0c0012000200eefffeff,c8ffe6ff0c00faff3e0000000a00eafff2ff140026003600eaffeaffacffccff,0e001e001400040010000000f4ff04000800faff0c00feffeeff100006000600,eeff0000f8ffcaff0c00faffc4fff4ff0c91a861425320929cebe250a2d080eb
7784,7784,0,fcfffcffeeff0000e2fff2fffcff0c00daffdaffe2fedefff4ff02001e00eeff,14001400faff0c00f2ffd4ffeaff0a00f2ff140016000600faff2c000c00ccff,0e00dcfff6ff1400100020000400f4fffaff0800fefffeff20003000f6ffc6ff,2000deffcaff06003e00fafff4fff4ff7eea9e512ed08ee9aa614ed12291dc61
7785,7785,0,dcff0a0000000000f2fff2ffdcfffcffdaffdaffe2fee2fef4ff02000e001e00,24002400faff1c003e00e2ff0a000a00f2fff2ffd8ff26001c000c000c00ecff,dcff0e000400f6ff00000000e4ff140008002800fefffeff0000eeff16000600,30000000baff5400fafffaff04000400486154d1d0910662a251c29044ea0a52
7786,7786,0,3a001a0010000000f2ffd2fffcfffcff2c001c000c000c00f4ff0200fefffeff,1400f6ff2c001c00e2ffd4fffafffaff36000400f8ff1600eaffeaff1c001c00,2e00fcfff6fff6ffdeff0000140004003600fafffeff0c003000eeffe6fff6ff,eeffdefff8ff1600daff1c00f4ffe4ff7852dc90aee8a2539ed136e99c617cd1
7787,7787,0,fcfffcff000000004e003000fcff2c00daff0c00e2fed2fee4fff4ff0e00feff,f6ff1400eaff0c002e002e000a00fafff2ff2400e8fff8ff0c00faffecff1c00,9cfffcff1400f6ff0000eeff1400f4ff1800ccfffeff0c00000020000600f6ff,000010004600f8fffaff2c00f4ffc4ff4ed2f2e880610cd1a2905a611653d890
7788,7788,0,fcfffcff00000000f2ff00002c000c00faffcafff2fed2fee4ff02001e00eeff,140032001c00faff0000d4ffeaff0a001400d2fff8ff5400faff0c00ecffecff,fcff0e00f6ff140010001000040014003600fafffeffe0ffeeff0000e6fff6ff,00000000e8ffdaff3e000c00f4fff4ffec9008612254e09116e96a531cd244e9
7789,7789,0,fcff0a000000eeff000010000c000c00cafffaffeeffeeff0200e4ffeeff2e00,14000400dafffaff2000e2ffeafffaff3600140026000600faffeaff0c000c00,9cff0e002200f6ff1000eefff4ff0400eaff18000c00e0ff1000eeff06002600,20001000caff06000c00eaff04004400e2e8a85250d260e8fa6072d2d8904c61
7790,7790,0,1a00fcff0000eeff0000f2fffcff1c001c00caffe2fedeff1200e4ff0e00feff,04000400fafffaffe2ff2000fafffaffd2ff0400360006000c000c00fcffdcff,0e000e00f6ff14000000eefff4ff1400dafffaff0c000c000000100016000600,0000eeffcaff46000c00eaff0400f4ff7860d0d2f09130614a53d2900ae87653
7791,7791,0,fcfffcff000000000000e2ff0c000c001c00faffe2fefefff4ffe4ff0e000e00,e6ff04001c00fafff2ff2e000a00faff0400040016000600eaffeaffdcff0c00,fcff0e00f6ff14002000eeff0400f4ffeaff0800eeffeeff1000eefff6ffe6ff,beffdeff4600f8ff0c002c005400e4ff5a539c9090e7b254e2d2c8e7a260ccd2
7792,7792,0,0a000a001000eeffe2ff10000c00ecffdaffdaffeeffe2fe120022000e00deff,f6ff0400daff0c00f2ff3e000a00faff1400e2ff46000600caffeafffcfffcff,fcfffcfff6ffe6ff0000100044001400faff0800fefffeffdeff00002600f6ff,deff00000600bafffaff2c001400e4ff50d3b2e7a260ead162904a609653c890
7793,7793,0,fcff0a00eeffeefff2ff0000fcfffcfffafffaffeefffeff120022000e00feff,140032000c00faffd4ffe2ff0a000a00e2fff2ff260036000c00faffccff0c00,9cff0e0014001400eeff0000f4ff1400faff0800feffeeffdeffeeff06000600,deff2000f8ffe8ff1c00daff040044009c903860b254b091e8e66a53eed3eae7
7794,7794,0,1a000a00eeffeeff0000e2ffecff1c00faffbaffeeffeeff0200e4ffeefffeff,f6fff6ff0c00faff3e00f2ffdaffdafff2fff2ff06002600eaff1c000c000c00,fcff1e0022001400deffeeff0400d4ffdaff08000c000c0000001000f6ff2600,00001000caff16002c000c00e4ff14001ce7aa5360d5a0e62a6024d4b890da5f
7795,7795,0,fcff0a0000000000f2fff2ffdcfffcfffafffaffceffd2fe220022001e00eeff,14000400daffdaff4c00e2ff0a00eaff1400e2ff2600e8ffeaffbaffccfffcff,ecfffcffe6ff1400000000000400f4ffdaffdaff1c00feff3000eeff1600f6ff,0000eeffe8ff5400fafffaff4400e4ff2860e0d3c091fc5fec546290a8e60654
7796,7796,0,2a001a000000cefff2ff1000fcfffcff0c00faffdeffceff020012002e00eeff,140004002c000c00f2ffe2ff1a001a000400e2ff160006000c002c00fcffccff,1e000e002200f6ffeeff100014002400eafffaffeeffeeffeeffeefff6ff1600,100000004600f8ffeaff2c002400f4ffe6549c90d2e58055e4d4aae5ba5fd6d4
7797,7797,0,1a002a00ceffeefff2fff2ff1c001c00fafffaff1c00c2fe0200f4ff0e001e00,040024000c00eaffd4fff2ff0a00faff0400f2ff0600f8ff0c00faffccffdcff,fcffdcff1400f6ffceffeefff4ff1400eaff08000c00feffeeff10000600f6ff,deff30001600daffb8ff1c001400f4fffcd46ce69c5fe0d5a290c65fde54b890
7798,7798,0,1a000a001000100020000000fcffecffeaffeaffceffeeff4000f4fffeff0e00,e6ff2400eaff1c0020002e00faff0a001400e2ffd8ff16001c000c00ecffccff,0e001e0004000400deffeeffe4ff1400faffdaff1c000c002000defff6fff6ff,deff3000f8fff8ff2c00faffe4ff24006c90225ff055b091eae4ec5586d528e6
7799,7799,0,fcff0a000000eeffe2ff1000fcffecffbaffeafffeffeeff02003000feffeeff,e6fff6ff0c001c003e00e2ff0a001a00040004002600c8fffaff2c000c00fcff,0e00ecfff6fff6ff0000100014000400dafffaffeeff0c0000002000f6ffe6ff,1000eeffdaff06002c00daff04003400e0e456550cd724e5665f64d588903a5f
7800,7800,0,ecff0a000000ceff0000f2fffcff1c00faff0c00feffceff2200e4ff2e00feff,32000400fafffaffe2ffe2ff0a000a0014000400d8ffe8ffdaffeaff2c00ecff,ecfffcff1400e6ffeeff000014004400fafffaff0c00eeffeeff100006000600,3000eefff8ff16000c00eaff14004400f25ebcd59091145f7c55829008e56e55
7801,7801,0,2a002a00000000001000d2fffcfffcfffaff0c00eeffeeff02000200deff3e00,040004000c00faffe2ffe2ff0a000a00d2ff24004600f8ffeafffaffdcffdcff,1e00acff32000400deffdeff1400e4fffaffdafffeff1c000000eeff0600e6ff,eeff00000600daffdaff0c003400e4ffc6557c9004e49e5694d63ae5a25ed6d5
7802,7802,0,dcff0a00000010000000f2fffcff0c00cafffafffeff0c0002000200feff0e00,04002400faff0c002e003e00fafffaffe2ff2400160036000c001c00ecfffcff,9cff1e00f6ff0400eeffeeff14000400ccffeafffefffeff0000cefff6ff0600,beff30004600e8fffaff1c0004000400a8d680e4c45e4cd7b290a65ebe558890
7803,7803,0,1a00fcff20000000200020002c00fcffdaffcaff0c00eeff2200e4ff0e00eeff,2400e6ffeaffeaff2000f2ff1a00faffe2ffd2fff8ffd8ff0c00faff2c002c00,0e000e000400f6ffeeff3000f4ff1400daffccffeeffeeffeeff0000f6ffe6ff,eeff0000e8ffdafffaff0c00040014005c90625ebe5660916ae4dc56c6d6b8e4
7804,7804,0,2a000a0000000000d2fff2ff0c001c00fafffaffd2fe0c00120012000e00feff,04000400fafffaffe2ff2000daff4a000400d2fff8ff1600fafffaff1c002c00,fcfffcff04001400eeff2000040024000800fafffeffeeffeeffeefff6ff1600,1000eeffcafff8ff1c00faff040024005ae362564cd854e3865ea4d79890425e
7805,7805,0,2a002a00000000000000f2ffdcfffcff0c001c00e2feeeff2200f4ff0e001e00,0400f6ff1c00faff0000f2ff0a001a00f2fff2ff3600f8fffaff0c001c00fcff,2e000e00040004002000100004000400180028000c000c003000eeff1600f6ff,2000eeffdaff4600eaffeaff24001400425e68d78091745ebc56529000e45e56
7806,7806,0,0a001a00eeff20001000f2ff1c00fcfffafffaffeeff4c00f4ff22004e000e00,0400e6fffaff1c002e00e2ffeaffeafff2ff0400360006002c00faffdcffecff,dcff0e00040004001000deff14000400daffeafffeff1c001000deff06001600,eeffdeff1600f8ffeaff2c001400e4ffe2565c90b4e2f057a4d7a8e2225eaed7
7807,7807,0,0a001a00eeff000010001000fcfffcff1c00faffe2fee2fe020002004e004e00,04001400eaff1c002e0020000a001a000400e2ffe8ff3600faff0c00fcff1c00,0e00fcff040004001000eeff04001400ccffccffd0fffeffeeff000016000600,deff00000600e8fffaff2c00f4ff14008ed86ae2145edcd83290765e06576890
7808,7808,0,fcffecffeeffeefff2ffe2ff0c000c00fafffaffc2feeeff1200f4fffeff1e00,0400f6ffeaffeaffd4fff2fffaff1a00f2ff1400e8ff0600fafffaffecffdcff,1e001e00140014001000000004000400eaff1800eeffeeffeeff1000f6ff0600,eeff3000caffe8ff0c00faffe4ff24005c90a65d3e58909168e27c57a0d8b4e2
7809,7809,0,2a000a00eeffdeff000000000c00fcfffaff1c00eeffeeff0200f4ff0e000e00,e6ff04000c001c003e00f2ff0a000a00f2fff2ff46004600faffbafffcffccff,0e000e00040004003000eefff4ff1400bcfffaff0c00feff0000eefff6ffe6ff,30000000f8ff16001c00b8fff4ff24009ee172578cd9b0e1e65d88d86890925d
7810,7810,0,fcff0a00eeff1000f2ffd2ff1c00dcfffafffafffeffe2fed4ffe4ff0e002e00,d6fff6ff0c00faff3e00f2ff0a00faffd2ffd2ff540036000c00eaff0c00dcff,3e009cff140014002000000004001400eaffdaffeefffeff000020003600f6ff,10000000f8ff4600faffeaff04000400065d2ed96091285d40584290d4e1c657
7811,7811,0,0a00fcff00000000e2ffe2ff1c001c00eafffaffe2fefeff1200d4ff1e000e00,0400f6ff0c00daff20002e001a001a00f2ffb0ff1600d8ff0c00eafffcfffcff,0e000e00f6fff6ffdeffeeff140024002800eafffeffeeffdeff000036002600,0000eeff1600caffeaff0c005400d4ff28583c9080e1e45898d914e1c25c70d9
7812,7812,0,0a00fcff10000000e2fff2fffcfffcfffaff0c00eeffeeff0200e4ffeefffeff,04001400eaff1c000000d4fffafffaffe2fff2ff26003600eaffeaffecff0c00,1e001e0004000400deffeefff4ff1400ccfffaffeefffeffeeffeeffe6ff0600,eeff10000600caff96ff0c000400f4ff38dabee0a85c58da5290c65c06584890
7813,7813,0,1a000a0000000000f2ff00000c00fcffcaff1c00feffceff1200e4fffefffeff,040014001c000c004c000000faffeaff04001400f8ff36000c00eafffcfffcff,fcff0e0014002200100000001400f4ffeafffafffeffeeffeeffbefff6fff6ff,deff10001600f8fffaffdaff040004003c90c65c1459409154e0205810da64e1
7814,7814,0,ecffecffeeffeeff0000e2ff1c00fcfffaffdaffeeffeeffe4ffd4ffeeff2e00,e6fff6ff0c000c002e00e2fffaff0a00f2ff0400260026000c00faffecffdcff,0e00fcff04001400100000000400f4ffdafffaffeeffeeff30002000e6ffe6ff,20001000f8ff24002c00eafff4ffe4ff1ee0485818dbc2df865cacda58906a5c
7815,7815,0,ecff1a00eeffeeff2000f2fffcff0c002c00caff0c001c00e4ff02003e001e00,04001400faff0c00f2fff2ff0a001a00d2ff140026002600faff1c001c000c00,dcff0e000400f6ffeeff2000f4ff1400faffeaffeeff1c000000ceff36000600,3000eeffdaff06001c000c0024001400f25b5adaea90c85c1059329084e0c858
7816,7816,0,2a00fcff000000002000f2ff1c000c000c00daffdeffceff1200d4ffeeff2e00,140014000c00fafff2ff3e00faff0a000400e2ff06000600fafffaff0c00fcff,0e001e0004001400000000000400040008000800feff0c000000deff06000600,1000eeff1600e8ffdaff2c000400e4fff8586c9064df0a5abcda30df0a5ce0da
7817,7817,0,1a00fcff20000000f2fff2ff1c000c00baff1c00ceffdeffd4ffe4ff2e00feff,04001400faff3c00f2ffe2fffaff0a000400040006001600faff3c00fcfffcff,0e00fcff1400140000000000f4fff4ffbcfffaff0c00e0ff000000000600d6ff,eeff20001600daff0c001c000400c4ff4adbbedf385cb8dbee8fc65cc8582890
7818,7818,0,0a00dcffeeff0000f2ff1000fcff0c00fafffaffeeffeeffd4ff12000e001e00,f6fff6ff0c00faff3e0000001a001a00e2ffe2fff8ff06000c00caffecfffcff,9cffecfff6ffd8ff20002000f4ff0400eaffccffeeff0c00000000000600f6ff,beff2000f8ffdafffaff2c00c4ff14003c90e25b6a5aea9000dfd059e2db42df
7819,7819,0,fcff0a000000eeffe2ff5c00fcfffcfffaffeaffcefffeff0200f4ff0e003e00,14000400eaff3c003e002000eaff5a000400f2ff160026000c00fafffcffecff,fcff0e00f6ff04000000100004000400eaffdaffeefffeffeeff000006000600,1000eeffdaff16001c00faffd4fff4ffa8de5859e6dca4de745b5cdb28907a5b
7820,7820,0,0a000a000000eefff2ff0000fcffecfffaff1c00eeffe2fee4ffe4ffeeff0e00,f6fff6ff1c000c002000d4ff0a00eaffe2ff0400e8ff06000c001c00fcfffcff,fcff0e00040022001000000004000400daff0800feff0c000000000006001600,68000000daff4600faffeaff2400d4ff825bdadb9091a85bd059ce8f9ade6859
7821,7821,0,0a00fcff0000eeff4e00f2fffcfffcfffafffaff0c00deffe4ffc6ff0e00eeff,04000400faff0c002e00d4fffaff0a001400040064000600eafffaffecfffcff,0e00fcff1400040010000000140094ffdaffdaff0c001c00eeffeeffe6ff1600,0000ceff1600f8fffaff1c00f4ffe4ffa8593c90a6dd5a5a10dd50deea5aeadc
7822,7822,0,0a000a00000000002000e2ff0c000c00faffdaffe2fed2fe02000200feff2e00,04001400eaff0c000000e2ffeaff0a000400f2ff160016000c001c000c00dcff,0e002e000400f6ff1000000014000400faffccffd0ffe0ff20003000f6ffd6ff,eeff1000f8fff8ffeaff2c00f4ffc4ff3cdd18de485bb6dd3290b45a185a2890
7823,7823,0,fcfffcff00000000f2fff2ff0c000c00dafffaff0c000c00020002001e00eeff,04002400faff0c00200020004a005a00f2ff1400160036002c001c00ccff0c00,fcfffcfff6fff6ffeeff100004002400daff0800feffd0ff0000eeffe6ff0600,eeff1000e8ffcaff0c00faffc4ff04004c90745a285bca9010dd445a5addcadd
7824,7824,0,0a00ecff20000000f2fff2fffcffecfffafffaffcefffeff3000f4ff8c000e00,04000400faff0c00f2ff2e00eafffafff2ff240026000600eaff0c00dcffdcff,dcff0e0014001400eeff0000f4ff4400fafffaff0c00feffeeff0000e6ff0600,48001000daff1600faffdaffd4ff1400fcdc945ac4dee6dc845aa0de38907e5a
7825,7825,0,0a001a0000000000f2fff2ffecff0c000c00caffeeffeeff020002002e003e00,040014001c000c002e000000faff0a00d2ff0400060046001c00eaff0c00ecff,bcff9cff040014003000eefff4ff14000800eaffeeff0c000000000006000600,1000ceffe8ff6400faffdaffe4fff4ffc859a8deea90f85a045bbe8ffadc0a5b
7826,7826,0,0a000a00eeffeefff2ff0000fcfffcff0c002c000c00fefff4ff0200fefffeff,1400e6ff1c003c0020002e00faffeaff1400e2ffe8ff2600faffeafffcffccff,ecff1e0004001400ceff100014000400faffeafffeff1c000000eefff6fff6ff,0000defff8ff1600faff1c001400d4ffa45a4c90b8dc685ba0de30dc1e5a5ade
7827,7827,0,1a000a000000eeff20000000fcffecff0c00faff0c00eeffe4ff12002e001e00,14002400faff1c00f2fff2ff0a001a00f2fff2ffd8ff16000c002c00fcffdcff,2e00fcfff6ff14000000000004001400faffdafffefffeffeeff00000600f6ff,deff00001600caff0c001c001400140018dfbcdc3a5a64dfce8fa45aaa5b2890
7828,7828,0,fcfffcffeeff00000000f2ffecffecff0c000c00eeff1c00e4ff02001e001e00,f6ff14001c00eaff10002000faff0a00e2fff2ff26001600eafffaffecfffcff,0e00fcff0400f6ff0000eeff0400f4ffccffccff0c000c001000eeff06000600,eeff48000600f8fffafffaffc4ff34003c904859585c309100dc265c42df12dc
7829,7829,0,0a000a000000eeff20000000ecff0c00fafffaffd2feeeff02000200fefffeff,140004001c001c000000d4fffaff0a0004000400e8ff2600eaffeaffbcffecff,1e009cfff6fff6ff1000100014001400daffeaffeeffd0ffdeff0000e6fff6ff,1000eeffdaff4600fafffafff4fff4ff1adbe25b72e078db5059b0de5890c859
7830,7830,0,fcfffcff0000eeff100010000c000c000c001c00eeffe2fef4ff02002e001e00,14000400dafffaff3e00f2ff0a00faffe2ff0400e8ff1600faffeaff0c000c00,0e00ecff140014000000100014001400ccff0800fefffeff10000000e6fff6ff,1000deffdaff0600eafffaff2400f4ffc858cedf4091ea59365c429042dbda5b
7831,7831,0,fcfffcff00002000f2fff2fffcff0c000c001c00f2feeefff4ff12001e00eeff,240014000c00faff2000d4fffaff0a000400040026003600eaff0c00fcffecff,0e00fcfff6fff6ff1000000014001400eaffeaff1c00feffdeffcefff6fff6ff,10000000f8fff8ffdaff0c000400d4ff425c5c90d8daa85c44e0fcda2859a2df
7832,7832,0,fcff2a00eeffeefff2ff10000c002c00fafffaffdeff1c00f4fff4ff0e000e00,240014001c00faff2000e2ff1a000a00e2ff040026001600faffdaffdcff0c00,fcffdcff140004000000eefff4ff0400daff0800feffeeffeeffeefff6fff6ff,eeff10001600caffeafffaff04000400cee06ada545932e0329090582a5c2890
7833,7833,0,fcfffcffeeff000010000000fcff0c00faffdaff0c00e2fef4ffe4ff2e000e00,0400f6ff1c00faff2e00e2fffafffaff04002400f8ff5400faffeaffecfffcff,0e000e000400040000001000f4ff1400faff28000c001c0000000000f6ff1600,ceff30000600e8ff2c000c00f4ff14004c908858b85c80917cda265c24e130da
7834,7834,0,ecfffcff000010000000f2ff0c000c00fafffaffdeffeeff02001200eefffeff,040014002c000c0020001000fafffafff2ff040016000600faff0c00ecffdcff,9cff1e00f6fff6ff1000300004002400eaffeaffeeff1c0000000000e6ffe6ff,1000eeffdaff16003e00eaff04001400aed9c65c42e122daa05884e158907858
7835,7835,0,1a002a00eeff0000f2ffe2fffcff0c00eaffdaffdeff0c00120002001e002e00,e6ff04000c00faffe2ff2e002a001a003600f2fff8ff1600faff0c001c000c00,0e001e00e6ff0400ceff00001400f4fffaffdafffefffeff0000cefff6fff6ff,1000deffcaff5400eaffdaff2400040028584ee15091e458b65cee8fc0d9e25c
7836,7836,0,1a00fcff00001000f2ff1000ecff1c001c00faffeefffeff12001200feff0e00,140004000c00faffe2ff2e00eafffaff0400f2ff060036000c00eaffecffccff,0e00fcff140014001000eeff1400f4fffaffeaffeeffeeffdeff00002600f6ff,deff00001600f8ffdaff1c0024000400265d5c90e2d9485d64e1d8d8e657c4e1
7837,7837,0,1a00dcff0000eeff20000000fcffccff0c00faffeeffeefff4ff22000e00eeff,e6ffe6ffeafffafff2ff2e000a00fafff2fff2ff540046000c000c000c000c00,fcff0e002200140000000000f4ff0400eaff08000c001c002000000006000600,ceff10004600cafffaffeaff2400f4ff0ae25ed81e5882e2de8f8058025d6890
7838,7838,0,fcff0a002000eefff2ff20000c00fcfffaff0c00deffceff0200e4fffeff0e00,1400f6fffafffaff3e0010001a000a00f2ff0400460006000c000c00ecffecff,fcff8cff040014000000eeff14001400ccffeafffeff0c001000eeff0600e6ff,deff1000f8ffbaff2c00faffe4ff14004c906257785d709148d8e65da4e27ad8
7839,7839,0,2a002a000000deff200010000c000c00faffcaffe2fefeff120040000e00feff,14000400faff1c00200010000a000a000400040026003600faffeaff0c000c00,2e000e000400f6ff1000100014001400fafffafffeffeeff00000000f6ff0600,10003000caff06002c00eaffc4ffe4ff98d7665dc0e28cd86c5718e278902657
7840,7840,0,0a00fcff20000000f2ff20000c000c00daff1c00ceffcefff4ff02000e000e00,04001400faff0c0010002000faff0a00e2ff140074001600faff0c00fcff0c00,2e009cfff6fff6ffeeffeeff24001400eaff1800eeffeeff1000000006000600,3000eefff8ff46001c00faff0400e4ffc2566ae370917057365e7290f8d7c25d
7841,7841,0,0a00fcff1000000010000000ecffecff0c00faffeeffe2fe0200e4ff3e00feff,040004000c000c002e003e000a000a00f2ff040006003600eafffaff0c000c00,0e000e00f6ff04000000eeff040014000800dafffefffeff0000eefff6fff6ff,0000eeff46000600eaff1c00e4fff4ff525e4c907cd7145ee6e3a4d77e56a0e3
7842,7842,0,fcfffcff0000000000000000ecff0c00dafffaffe2feeeff120002003e00feff,040014002c001c0020001000fafffaff040004001600f8ffeaff0c000c000c00,1e009cff04002200000010001400f4ff1800fafffefffeffdeff0000e6ff0600,deff20005400dafffaff3e00e4ffe4ff9ae328d75057c4e3de8f2c56125e2890
7843,7843,0,1a001a000000eeffe2ff0000fcff0c000c00faffceffeeffe4fff4ff0e000e00,24001400faff0c0010002000eaff0a00e2ff040006003600fafffaff0c00ecff,9cffdcfff6fff6ff1000000014000400faffeaffeeffeeffeeff2000e6ff1600,ceff0000f8fff8ff1c00faffd4ff24005c908256b45eea9004d7865e70e4c8d6
7844,7844,0,fcff0a000000eefff2ff4e00fcfffcffdafffaffeeffeeff2200c6ff0e000e00,e6ff0400faff2c002e00d4ff0a001a0004000400e8ff36001c001c000c00fcff,9cff0e002200f6ff2000000014000400daff3600fefffeff20000000f6fff6ff,00002000f8fff8ff1c00faffe4ff140018d6625e24e51cd73c56c2e57890ee55
7845,7845,0,fcfffcff000000002000f2fffcff1c00faff1c000c000c00d4ff1200eeff0e00,1400e6ffeaff1c00f2ffe2fffaffeaff24000400160036000c000c00dcff2c00,0e00ecff04000400000000001400e4ff0800faffe0ffeeff0000deff1600e6ff,1000ceff060016001c00eaff14001400325648e48091e056165f529000d6525e
7846,7846,0,0a00fcff1000000010003000fcfffcff1c00daffeeffeeff12001200feff2e00,14000400faffeaff20002e00faff0a00e2fff2ff060026001c002c002c00fcff,1e00dcff14001400eeff0000f4fff4ffccffeafffeffeeff2000eeff16001600,deffcefff8ff1600faff1c005400e4ff025f7c90bed6345f92e504d6be55c8e4
7847,7847,0,fcff0a00eeffeefff2ff2000ecfffcff0c00faff0c002c00e4fff4ff0e000e00,0400e6ff0c00eaff20002000eafffaff0400f2ffe8fff8ff0c000c00dcff0c00,fcff0e00040004002000eeff14001400faffeafffeffeeff00000000f6fff6ff,beff10001600daffeaff1c002400e4ff80e5acd53e5644e542903c56b25e7890
7848,7848,0,0a00fcffeeff0000e2ff00000c00ecff0c00eaffdeffdeff12003000eeff2e00,f4fff4fffafffaff20001000faff0a001400e2fff8ff1600faff0c00dcffecff,0e001e001400140000001000f4ff04000800eafffeffe0ff0000000006000600,eeff2000f8fff8ff0c00faff040004008c903655545f609144d5765ff8e580d5
7849,7849,0,0a00fcff10000000000000001c00ecfffaff1c00eeffe2fec6ff12000e00feff,120022000c00faffe2fff2ff0a00faff0400e2ffe8ff3600faff0c00ecffecff,fcfffcfff6ff140010000000d4ff0400faff28000c00feffeeffdefff6ffd6ff,58001000060016000c00eaffe4ff0400ccd4425f42e6b0d55c55e2e598900e55
7850,7850,0,0a00ecff1000000010000000fcffecffeaff1c00ceffceff220030001e002e00,e4ff12001c000c003e000000eaff0a00d2ff0400f8ffd8ffeaffeafffcfffcff,0e00ecff04002200eeff0000f4ff0400eaff08000c00feff200010001600f6ff,1000deffcaff1600eaffdaff04000400c6545ce67091a0551a607290b0d49a5f
7851,7851,0,0a00ecffeeff1000000020000c000c00faffeaffeeffe2fee4fff4ffeefffeff,f4ff12002c000c00f2ffe2ff1a001a00d2ff04000600e8fffaff0c00fcffdcff,0e000e00040004001000000004001400daffdafffeffeeffdeff000016001600,0000eeff1600e8fffaff1c002400040028606c90c0d4645f42e754d48e5420e7
7852,7852,0,0a002a00000000000000f2fffcfffcff0c00faffdeffeeffd4ff1200feffeeff,020012001c00faffe2ff3e00faff1a001400f2ff260006000c00eaff0c001c00,fcff0e0014000400eeff1000e4ffe4ff2800fafffeff0c00eeff00001600d6ff,deff00000600daffeaff0c001400f4ff3ce780d3025550e7c2904653ea5f8890
7853,7853,0,0a000a000000300000000000fcfffcfffafffaffeeffeeff1200f4fffefffeff,020002001c000c000000f2ff0a00fafff2fff2ffe8ff2600eaffcafffcff0c00,dcfffcff14001400deffeefff4ff0400daffdafffeffeeff10000000f6ffe6ff,000030000600daff0c00fafff4ff24009c9052547260d09172d3c65fcae7d8d3
7854,7854,0,fcffecffdeff0000000000001c000c00dafffaffdeffceffd4ff12002e001e00,1200f4fffaff0c000000f2ff0a00faff1400140036005400eaff2c00dcfffcff,2e009cff220004001000100004002400daffeaff0c002a0020000000f6ffe6ff,eeff3000f8ff06003e000c00c4ff140010d3786020e800d45653e6e8b890b653
7855,7855,0,0a000a00eeff1000200000000c00fcfffaffdaff0c00feff1200e4ff2e00eeff,02001200eaff1c0020002e001a001a00d2ff040016004600eaff0c000c001c00,1e00fcff0400f6ffeeff000024000400faffccfffeff0c00deffeefff6ffe6ff,10000000daff16000c00eaff1400f4ffea5202e86091c2549a60b290f8d26c60
7856,7856,0,0a00fcff0000eeffe2ffe2fffcff3c000c00daffeeffeefff4fff4fffeff2e00,120022000c00faffe2ff2e001a001a000400f2ff26000600faff0c00ccffecff,fcff0e000400f6ff1000000024001400fafffaff0c00feffeeffdeff06000600,0000deff1600dafffaff1c004400f4ffd860ac9062d3d260d6e872d276535ae8
7857,7857,0,ecfffcff10001000f2ffe2fffcffecffcafffaff0c001c000200e4ffeefffeff,220002000c00faff000010000a000a001400040054002600faffeaff1c00fcff,dcff1e00140014001000200014000400daffeaff0c001c00deff0000f6fff6ff,deff10001600daffeaff1c002400d4ffd2e8c4d1b253fee8c290b6520c619890
7858,7858,0,ecfffcff00000000100010000c00dcfffaffdaffeeffceff020030001e002e00,020002000c00eaff2e003e00eaff1a0014002400e8fff8ff2c00faffccfffcff,fcff0e000400140010001000e4ff1400eaffeaff0c00eeffeeff00000600f6ff,ceff30000600f8ff1c001c00e4ff1400ec901a537061009222d23a61bae83cd2
7859,7859,0,fcfffcff100000000000f2ffecff0c00fafffaffe2feceff300022000e00eeff,2200f4fffaff0c00f2ffd4fffafffaff0400f2ff0600e8ff0c001c00fcffccff,fcfffcffe6ff14001000deff24002400daff1800eeff0c00eeff0000d6fff6ff,2000eeffdaff06003e00faffd4ff0400a4d108617ee966d0165296e9e8907a52
7860,7860,0,ecfffcffeeff00000000e2ff0c000c00dafffaffe2fee2fef4ff30000e000e00,12001200faff0c003e0000000a00faff04000400460006000c001c000c00ecff,0e000e00040014001000eefff4ff2400fafffaffeefffeffeeffbefff6fff6ff,0000eefff8ff0600fafffaff14000400285284e9909122535a61e2904cd18c61
7861,7861,0,fcfffcff0000cefff2ff20002c00fcff1c000c00e2feeeff12000200feff0e00,220012000c000c000000e2ffeaff1a00e2ff0400360036002c001c000c000c00,fcff1e0014000400eeff10001400040008001800e0fffeffbeffeefff6fff6ff,100010001600f8fffaff1c001400e4ff9861dc90d6cfe661faea2ed11a5294ea
7862,7862,0,0a00fcff000000004e000000ecfffcff0c001c00eeffe2fe02003000feff2e00,22000200dafffaff3e000000fafffaff04000400360006000c00fafffcff0c00,1e000e00f6ff1400eeff10000400e4fffafffaffeeffeeff100000000600e6ff,deff20000600f8fffaff3e000400e4ff4eeae4d022539eea02915251ac61c890
7863,7863,0,fcfffcffeeffceff100000001c001c000c00faffceffeeff220002000e00eeff,f4fff4fffaffeaff2e0010001a00fafff2ffe2ff260054000c001c00fcfffcff,2e000e000400f6ffeeff100024000400faff0800fefffeff00002000f6ff0600,ceff6800f8ffdaff0c000c00e4ff0400ec906e514662f0919ed08a6100ebfcd0
7864,7864,0,ecff1a00eeff100010001000dcfffcfffafffaffcefffeff12000200eefffeff,f4ff02000c000c00c4ffd4fffaffeaffe2ffe2ff360006001c00faffecfffcff,fcff1e001400e6ff00001000f4fff4ff2800fafffeff1c000000defff6ff1600,30001000bafff8ff1c00daffe4ff440014d0246246eb1ecfe2505cecf8908a51
7865,7865,0,fcff0a0000000000e2ff0000fcfffcffdaffcafffefffefff4ffe4ff0e00feff,02001200fafffaff2e00e2fffaff0a00e2fff2fff8ff26000c00eafffcffdcff,1e00fcff040014002000ceff04001400eaffeafffeff0c003000eeffe6ff1600,5800deffdaff54000c00eaff1400f4ffee501eeb109242527e62d29098cf4c62
7866,7866,0,fcff1a00000000001000e2ff1c001c00caffcaffdefffeff22000200fefffeff,020012000c000c000000e2fffaff1a000400f2ff160046000c000c00dcff2c00,dcff0e00f6ff0400ceffeeff14000400eafffafffefffeffeeff2000f6ff0600,1000ceff160016000c00faff0400d4ff84621c9102cea6626cec3acfb050c0eb
7867,7867,0,1a00fcffdeff0000f2ffe2ff0c000c000c00daffe2fe1c0030000200fefffeff,1200f4ffeaff1c000000e2ffeaff0a001400f2ff06001600eaff0c00fcff0c00,0e000e00f6ff0400eeffeeff1400f4fffaffccffeeffe0ffeeffeeff16000600,eeff20004600e8ffdaff1c00240024003cec6ecf3252e4eb02917250ac625291
7868,7868,0,0a00fcffeeffdeff000030003c001c00faffeafff2fe0c00220040000e003e00,22003000faffeaffd4ff2e00eaff6a00e2fff2ff26002600faff0c00dcffecff,dcff0e001400f6ffeeffeeff0400f4ffdaff18000c00feffeeffeefff6ff1600,ceff5800e8ffcaff1c000c00e4ff34002c919e50e6620092bacefe62f6ec58cf
7869,7869,0,ecff2a000000eeff0000f2ffecff1c00dafffaffceff0c00f4ff2200eeffeeff,02002200eaff1c00e2fff2ff0a000a00e2ff040026002600faffdafffcfffcff,0e001e00040014001000defff4ff0400eaffdafffefffeff00003000d6ffe6ff,10000000060006003e00eaff04004400aeceb462f4ec22cdbe4fecec62912050
7870,7870,0,fcff0a00eeff1000100010001c00fcffdaff0c00eeff0c001200e4ffdefffeff,f4ff02000c000c003e000000eaffeaffd2ff0400f8ff26002c000c00ecff0c00,9cfffcff0400140010000000f4ff04000800faffe0ffe0ff2000eeff06000600,1000eeffbaff1600fafffaff0400e4ff2e5070ed3092fe501e631291f0cd1863
7871,7871,0,1a00ecff00000000f2ff0000fcfffcfffaffdaffe2fee2fe020040000e00eeff,120002001c001c00d4ff20001a00eaffd2ffe2ff0600f8ff0c000c00fcfffcff,ecff1e000400f6ff0000000024001400bcffdafffefffeff00000000d6ff0600,1000defff8fff8ffdaff1c002400f4fff4623c91f2cc2663aced9ace1050a6ed
7872,7872,0,fcfffcffeeff0000f2ff00000c001c000c001c00e2fedeffe4fff4ff1e000e00,120002000c001c00f2fff2ffeaff1a00f2ffc0ff1600e8ff0c000c000c001c00,1e000e000400f6ffeeffeeff04001400eaff1800fefffeffeeff0000f6ff1600,eeffeeff4600e8ffeaff1c00240004003ceeb2cd984e64ed2291be4e78637291
7873,7873,0,fcff0a002000defff2ff10001c00ecff0c00faffeefffeffd4fff4ffeeffeeff,f4ff02000c000c00f2ffe2fffaff0a00e2ff0400460016000c000c00dcffdcff,fcfffcfff6ffe6ff0000000024001400ccffccff0c000c000000eeff0600e6ff,ceff10000600e8fffaffeaffd4ff14006c91184fa6636092bacd0e63a0ee60cd
7874,7874,0,0a000a0000001000f2fff2ff0c00dcff0c000c00eeffc2fe120002000e00eeff,02001200eaff0c000000f2fffafffaffe2ff14005400e8ff0c000c000c00fcff,0e000e00f6fff6ff100000001400e4fffaffeafffeffe0ff10000000f6fff6ff,eeff0000f8ff16000c00eaff1400440002cd5463e0ee62cb9e4e7cef9291f04e
7875,7875,0,fcfffcff0000eeff10000000fcff1c00fafffafffeffeeff220030000e002e00,12000200faffdafff2ffe2ff1a00fafff2ffd2fff8ff4600faff0c00fcffecff,0e00fcff040004001000100004001400eaffdaffeeff1c00eeffeeff0600f6ff,30001000daff1600fafffaff04000400e84efcee8092284e20646291b0cc0864
7876,7876,0,0a001a0000001000f2ffe2ff0c001c00dafffaffe2fe0c0002001200feff0e00,120012001c000c00f2fff2ff1a001a0004000400f8ff26001c000c00dcffdcff,fcff1e0004001400deffdefff4ff0400180028000c000c00eeffeefff6fff6ff,0000eeff06000600eaff1c002400f4ff1664ac9162cb446400f0aacc5a4ea0ef
7877,7877,0,fcffecff00001000100000000c00fcfffaff0c00feff0c00f4ffe4fffeff0e00,e4ff02001c001c002e00e2ffeafffaff04000400360046001c00faffbcffacff,ecff1e0004001400eeff00002400f4ffdafffaff2a000c002000000016000600,beffeeff1600f8ffeaff0c0014000400d2ef92cc484e40ef82911e4e4864c291
7878,7878,0,1a001a000000eeff000010001c00ecfffaffeaffdeff0c00300012002e00eeff,120002000c00eaff2e002e00fafffafff2ff1400060006001c00faffdcfffcff,0e008cff040014003000eefff4ffe4ffccffdafffefffeff0000eefff6ffe6ff,ceff1000f8fff8ff0c001c00040004008c91484e9464f6923accb06490f0c8cb
7879,7879,0,fcfffcff3000eeff00000000ecfffcfffaffdaffd2fed2fe020050000e00deff,30001200eafffaffe2ff2000faff0a00f2fff2ff060064000c00eafffcffdcff,dcfffcfff6ff0400000000000400f4ffeaffdafffefffeff00000000f6fff6ff,10000000daff06001c00eaff040024008ecb9a6410f06cca3e4d70f0f291a04d
7880,7880,0,ecfffcff10000000000000000c001c00daffcafffeffe2fe1200f4ffeeff0e00,f4ff22000c00fafff2fff2ff0a000a000400f2ff06003600eaff0c00ccffecff,2e003e0004001400eeffeefff4ff1400bcfffaff0c00e0ff1000eeffe6ff0600,2000deffdaff1600faffeaff040004008c4df4f0f692244cc064b29118cbc064
7881,7881,0,fcfffcffeeffeefff2ff10000c000c00eaff0c00eeffdeff22002200feffeeff,f4ff12001c00eaff3e00e2ffeaffeaff14000400260026000c000c00fcfffcff,2e00dcff04001400000000001400d4ffacffdaff0c000c00100000000600e6ff,300000001600dafffaff0c001400e4ff0a65ac91bcc9b46430f1bacbc04c4af1
7882,7882,0,0a00fcffeeffeeff20002000fcffecffdaffcaffe2fee2fed4ff0200eeff0e00,020022000c002c00f2ff2e000a000a00f2fff2fff8ffe8ff1c00fafffcff0c00,fcff1e001400f6ffeeff200004000400eaff08000c00feffeeff400006001600,ceff00004600dafffaff2c00f4ffd4ff8ef14cca924c1ef1d2916e4c1065f291
7883,7883,0,fcfffcffdeff1000d2ff0000dcfffcfffaffcaff0c00eeff0200f4ff1e002e00,1200f4ff0c00faff20001000faff5a00e2ff140036003600faff0c00ecfffcff,0e000e00e6ffd8ffceff10001400f4ff0800eafffeff0c00000040001600f6ff,eeff0000f8ffdaff1c000c00d4ff1400bc91fc4c7464f69288caf0640af23cca
7884,7884,0,fcff1a000000ceff30000000ecfffcffdaff0c000c00f2fe1200f4ff0e001e00,120012001c001c002e00e2fffaff1a00f2fff2ff36003600faff0c000c00fcff,0e001e0022001400eeff0000f4fff4ffeaff0800feff0c00eeff00001600f6ff,10001000daff46002c00eaff34005400a2c92a656cf1fcc82e4cf4f21292904c
7885,7885,0,fcff2a000000eefff2ffe2fffcfffcffcaffdaffdeffeeff12001200eefffeff,120012001c001c003e00e2fffafffaff24001400e8ffe8ffeafffaffdcff0c00,0e00dcff14002200100000001400f4fffaffbcffeeff0c00deff0000f6ff0600,10000000baff46001c00eaff24000400484cc8f25693144b4065c2916cc99065
7886,7886,0,1a00fcffeeff1000f2fff2ffdcff0c00faff0c00e2feeeffe4ff02000e00eeff,d4ff0200faffeafff2ffe2fffaff1a00e2ff04000600f8fffaffeaffdcffecff,fcffecffe6fff6ff100000001400f4fffafffaffeeffeeffdeffeefff6fff6ff,0000deff4600f8ffeaff1c0024000400266656926cc89465f4f2d4c8c84b76f3
7887,7887,0,2a00fcffeeffeeff000000001c00fcfffaffdaffe2feeeffd4ff12003e00feff,12001200faff0c00d4ff2e00faffeaff0400040046004600faff1c00acfffcff,fcff1e00f6ff04000000100004001400ccff3600e0ff0c000000eefff6ffc6ff,eeff1000f8ffdafffaff1c001400040038f3d2c8d44a42f258921e4cd0654292
7888,7888,0,1a000a0010002000d2ffe2ff0c00dcffeafffaffeeffeeff020012000e001e00,220012000c000c00000000004a005a00040024002600e8ff0c00caff1c00bcff,0e000e000400140000000000f4ff04000800eafffeffeeff000010000600f6ff,eeff3000f8ffe8ff0c000c00f4ff24004692e84b32666693f4c85e66e6f34cc9
7889,7889,0,0a000a00100000000000f2fffcfffcff0c00caffe2fefeff1200f4ff0e002e00,120012000c000c00f2ff0000eaffeaff0400d2ff460006000c00caffdcff0c00,fcff0e001400e6ff1000000004000400daffccffeefffeffeeff00001600f6ff,00001000daff1600faffdaff0400040092c8266632f39ec7ae4b74f34292284b
7890,7890,0,1a00fcffeeff00003000f2ffdcff1c00baffcaffe2feeeff220022000e000e00,020012000c000c0000000000faff0a00d2ff040006000600faff0c000c00fcff,ecff0e00f6ffe6ff1000000004001400bcfffaff0c002a002000200006000600,4800eeffdaff54000c00faff14000400164bd4f48493244a5e66889272c8f065
7891,7891,0,fcfffcff00000000e2ff00000c000c000c00faffeeffe2fe120030000e00deff,1200f4fffaffeaffe2ff2e000a000a00f2fff2ff16001600eaff1c001c000c00,2e000e00f6ff040010000000f4ff1400daffeaffeeff0c00200000000600f6ff,eeffdefff8ff0600eaff1c002400f4ff566666925ec7326666f434c8d84a0ef5
7892,7892,0,0a00fcff000000000000f2ff0c00ecffcafffaffe2feeeff4000e4ff2e000e00,12001200fafffaffd4ff20001a00faff3600240036002600eaffeaff0c000c00,fcff1e00f6ffe6ffeeff2000f4ff1400eafffaff0c00e0ff10000000f6fff6ff,deff00000600bafffaff1c003400040094f58cc7504912f678921e4ac2668292
7893,7893,0,fcff0a0010000000e2ff0000fcffecfffaffdafffeffe2fe500002000e000e00,020012000c000c002000f2ff0a000a00f2fff2ff36001600eaff0c00dcfffcff,ecff0e00f6ff1400ceff000014000400eaffbcff0c00eeffeeff3000f6ff0600,ceff68000600caff1c000c00c4ff0400a692d64a9266f49390c78e669ef592c7
7894,7894,0,fcff0a00deff100000001000fcff0c001c00faff1c002c0040001200feff2e00,12001200eaff1c000000d4ff0a001a0014002400f8ff4600fafffaffecffdcff,8cfffcfff6fff6ff1000deffd4ff1400eaffdaff0c000c00eeff2000e6fff6ff,20000000cafff8ff0c00daffb4ff2400fcc6d66620f740c68a4966f6b2921c4a
7895,7895,0,fcfffcffeeff00000000f2ffecff0c001c001c00ceffceff02000200feffeeff,1200f4fffaff1c00f2ffe2ff0a001a00f2ff0400060064000c000c000c00fcff,0e002e00f6fff6ffeeffeeff14001400daffccffeeff0c00eeffeeff0600f6ff,20000000dafff8ff1c00daff240004003c49a0f604945e494e67189380c61267
7896,7896,0,fcff1a0000000000d2fff2fffcfffcfffaff1c000c00eeff02004000feff0e00,e4ff02000c00fafff2fff2ff0a00fafff2fff2ff060006000c000c00fcffecff,ecffecfff6ff0400deff000004000400eafffafffefffeffdeffdeff06000600,1000eeff0600e8ff0c000c00240014000667a69242c5e066b6f688c59c497ef6
7897,7897,0,1a002a00000000001000f2ff1c000c00eaff0c00e2fe0c00400012002e000e00,e4ff02000c002c002e000000faff0a0004000400c8ffe8ffeaff0c00dcfffcff,dcfffcff22001400deff1000f4ff3400dafffafffeff0c00eeff0000f6ffe6ff,eeff00001600daffeaff1c002400f4ff40f75cc6a048cef7d892184922671e93
7898,7898,0,dcfffcff00000000f2ff4e00ecfffcffcafffaff1c00eeff02000200cefffeff,02000200faff1c002e00e2ff0a000a0004000400f8ffe8fffaff0c00ecfffcff,fcfffcfff6ff04000000eeff4400f4ffdaffeafffeff0c00deff100006000600,000030000600e8ff0c000c00d4ff2400f692cc48e066a49328c59e6796f7a0c5
7899,7899,0,fcfffcff0000defff2ffe2ff0c00ecfffaffdaffe2feb2fe0200f4ff0e001e00,120022000c00faff0000e2fffaff0a000400f2ff060036002c000c00ecfffcff,ecff2e00f6fff6ff1000eeff04000400eafffaffe0fffeffdeffceff0600f6ff,10000000daffe8ff1c00eaffb4ff4400d0c56667bef8d2c4d44746f75e93dc48
7900,7900,0,1a00ecff00001000f2ff1000ecff0c00faff0c00eeffeeff02000200feff0e00,12001200faff2c00e2fff2ff0a000a0024000400d8ff0600faffeaffdcffdcff,0e000e00f6fff6ffeeffdefff4ffe4ffeaff2800fefffeffbeff000006000600,1000eeffe8ff0600eafffaff140004005c4860f764946e47ae674893f0c49267
7901,7901,0,ecff0a00deff0000f2fff2fffcff0c00faff0c00eeffeeff0200e4ffeeffeeff,120012000c00faff2e00f2ff0a001a00f2ff1400460026001c002c00ecffdcff,0e000e000400040000000000f4ff0400ccfffafffefffeff0000200006001600,1000eeffe8ff4600eaffeaff34000400dc67369342c48067baf888c4224878f8
7902,7902,0,fcfffcff0000eeff10001000ecffdcffeaff2c001c00eeff300022002e002e00,220012000c001c002e00d4fffaff0a002400f2ff360036001c00faffecffccff,dcfffcfff6ff1400deff10001400f4ffeaffdaffeeff0c00000000001600f6ff,deff10001600e8ff0c002c00e4fff4ffa8f8e0c43e47e6f97893244702686e93
7903,7903,0,1a00dcff10000000e2ff0000fcff0c00faffdaffd2feeefff4ffd4ffeeff0e00,120002000c000c002e002000faff1a001400f2ff060026002c000c00ccff1c00,0e00fcff0400f6ff0000000014001400eaffccfffefffeff1000200016001600,eeff68000600daff0c000c001400e4ff5693b64780677494c8c34268d8f8c0c4
7904,7904,0,0a001a0000000000e2ff20000c001c00faff0c00eeff0c0012003000eeffeeff,120002001c000c00e2ff2e001a001a00f2ff14005400e8ff0c000c00dcfffcff,0e00fcfff6ff04000000000004001400daff0800feffe0ff1000eeff16001600,10001000e8fff8ff1c00dafff4ff240040c31c686afa92c334476af9ae938247
7905,7905,0,1a000a00000020000000f2ffecffecfffaff0c002c00e2fe30003000feffdeff,f4ff22000c000c003e00f2ff0a000a0014000400e8ff36000c00eafffcffdcff,acffdcfff6ff1400eeff000014002400faffccff1c001c000000deff06002600,2000eefff8ff16000c00daff14000400064778f9749420466268689398c33268
7906,7906,0,0a00fcffeeff2000e2ffe2fffcff0c00faffdaffeeffe2fe020030000e000e00,02000200eaff0c002e00e2ff0a000a000400140026003600faff0c00ecfffcff,9cff0e000400f6ffeeff000004000400daffdafffeff0c00eeff10001600f6ff,2000deff06001600eaff1c003400b4ff4c687693c2c2b0673efa76c2c24688f9
7907,7907,0,1a00fcffeeff0000f2ff30000c00fcffdafffaffe2fe0c0002000200feffeeff,22001200fafffaff0000e2ff4a000a000400e2fff8ff1600fafffaffdcff0c00,dcfffcffe6ff0400eeff100004001400eafffaffeefffeffdeffdefff6ff1600,eeff30000600daffdaff1c003400f4ff62fab0c262450afb0a94a446a268ce93
7908,7908,0,0a003a00eeff0000e2ff1000dcfffcff0c00daffdeffeefff4ffe4ffeeff0e00,12000200faff0c0020002e001a000a0004001400e8fff8ffcafffaffecffecff,0e00fcfff6ff040000000000e4ff0400daffbcfffefffeff0000eeff0600f6ff,deff5800e8ffdaff0c000c001400f4ffb69386462068f49426c2f268d8fadcc2
7909,7909,0,fcfffcff0000eefff2ff1000ecfffcffdafffaff1c000c000200f4fffeffeeff,020002000c000c000000f2ffeafffaff04002400f8ff3600faff0c000c00ecff,1e009cff04001400deffceff14001400daffdaff0c00feff0000eeff06000600,10002000daff16002c00eaff0400240020c2bc684afbc2c2b4458efa1e94b045
7910,7910,0,ecff2a000000000010000000fcfffcfffaff0c00eeff1c00120012000e00feff,f4ff1200faff0c003e0020005a001a0004000400160006002c000c001c00ecff,fcfffcfff6ff1400deffeeff14000400daffeaffeeff0c000000eeff06001600,1000eeffdaff1600fafffaff14000400ca45e2fa3495d244c2685a944cc2ec68
7911,7911,0,0a001a00ceffeeff10003000fcfffcffdafffaffeeffeeff30002200fefffeff,120012002c00faffd4ff2e00faff0a001400040036002600faff0c00ecffccff,0e00ecff1400f6ff0000000004000400faffeafffefffeffdeffeeff36000600,1000eeff06001600fafffafff4fff4ffdc68d693aec170684efb26c290454afb
7912,7912,0,1a000a0000001000f2ff00000c000c00dafffaff2c00deff22000200eeff2e00,020002001c000c002e00e2ff0a000a0004002400060006000c00faffbcffecff,fcfffcfff6fff6ff0000000024000400ccffeaff0c00e0ff00003000f6fff6ff,eeff20002400daffb8ffeaff0400d4ffa4fc46c16244aafc2a9446441c692e94
7913,7913,0,fcffecff20002000e2fff2ff0c000c001c00faff1c00feff12000200feff1e00,f4ff1200faff0c002000e2ff0a000a00040004000600c8ffeafffafffcffdcff,fcff8cff0400f6ff2000eeff1400f4ffdafffaff0c00feffdeff0000f6ff0600,eeff30001600e8ffeaffeaffd4fff4ff16949a44f268549542c122693afcacc1
7914,7914,0,ecfffcff00001000000000000c00ecfffaff0c00eeff0c0012000200eeffeeff,f4ff1200fafffaffe2ff2000faff1a0004001400060064002c00fafffcffdcff,2e008cfff6ffe6ff0000eeff04000400eaffdaffeeffeeff200000001600f6ff,00001000caff16003e00daffd4ff0400a6c00c6978fd40c04644c0fc6e94d044
7915,7915,0,2a001a00deffeefff2ff10001c001c00eafffaff0c001c00220040000e000e00,1200f4ff0c000c00f2ff00002a000a0036001400060036000c001c00fcfffcff,fcffdcff040032000000cefff4ff1400ccfffaffe0fffeff10000000e6ff0600,6800deffdaff1600fafffaff04001400064444fd8495324472699a94dcc05c69
7916,7916,0,fcfffcffdeff2000d2ff1000fcff1c00eafffaff2c000c0040001200feff0e00,e4ff02001c00eaff0000e2ffeaff0a001400f2ff46000600fafffafffcffecff,0e000e001400040030000000140004002800daffeeffeeffeeff000006000600,1000deff0600e8ffeaff0c00040004006c69569420c0006940fd22c0d84352fd
7917,7917,0,2a000a00deff0000100010000c00fcff0c00eaffeeffeeff12002200defffeff,f4ff02002c00eaff2e002e00faff0a000400d2fff8ff36000c00faffecffdcff,0e000e00d8fff6ff00000000e4ffe4fffaffdaffeefffeff0000eeffe6ff0600,deff30001600dafffaff1c00f4fff4ff10fe26c0c24356feda94c6438c699e94
7918,7918,0,1a000a000000000020001000dcffdcff0c00fafffeffeeff02004000eeff2e00,d4ff2200fafffaff2e002e00fafffaff14000400f8ff1600eaff0c00ccffbcff,dcff0e000400f6ffdeffeeff24001400faffeafffeffe0ffeeff1000d6ffe6ff,ceff30001600e8ff1c00faff1400d4ff7494a2424269b49522c0b269a2fd0ac0
7919,7919,0,fcff2a00eeff0000f2ff0000fcff0c00faffbaffeeff2c003000f4ff2e003e00,020002000c00fafff2ffe2fffaff1a0014001400260006000c001c00fcffdcff,fcff8cfff6ff04000000eeff14000400eaff28000c00eeffceff0000f6ff3600,20000000f8ff06000c000c00e4ff440050bf8e6986fe90bfc44270fe1695d842
7920,7920,0,0a002a000000eefff2ff0000ecfffcfffaff0c00eeff2c00020002000e002e00,f4ff0200eaff1c00f2fff2ff5a000a000400040016001600faffeaffdcfffcff,0e001e000400f6ffeeffeeff140024001800eaff0c002a001000eefff6ff0600,58000000f8ff06001c00c8ff040014003242e0fea4958442c2690a951abfec69
7921,7921,0,0a00fcff0000000000000000fcffecff0c00fafffeff2c00220022000e002e00,020002001c002c00e2ff2e00faffdaff040024003600e8fffaff0c00fcfffcff,fcffecff140014001000eeff04001400ccffeafffefffeff10001000f6fff6ff,0000defff8ff1600eaffeaff0400d4ffae69d494a2be9269d0fe2ebf8c42b2fe
7922,7922,0,fcfffcff0000deff1000f2ffecffecfffaffcaff0c00eeff120002001e00feff,d4ff12000c000c000000e2fffafffafff2ff140006000600fafffaffacffdcff,fcffdcfff6ffe6ff000000000400f4fffaffdaff0c00feffdeff2000f6ff0600,eeff20001600caffdaff3e000400d4ff70ffa0be2442a6ff4a9550413c6a4695
7923,7923,0,0a000a0000000000000020000c00fcffeaff0c001c00d2fee4ff30002e003e00,1200f4ff1c000c002e00f2ffdaffeaff1400f2ff060016000c00faffdcfffcff,ecff0e0004000400eeff000014001400daffdaff1c000c00eeff0000f6fff6ff,eeff58001600cafffafffaff04001400a2958841366ae4956ebe466acaff62be
7924,7924,0,ecff740000000000000010001c000c00faffdaff1c002c00300002001e00feff,1200f4ff0c000c00f2ffd4ff1a00eaff14001400e8fff8fffaff0c00fcff0c00,0e00fcff04001400ceffdeff24002400faff1800eeff1c00eeff00000600f6ff,10003000dafff8ff0c00fafff4ff240060be386af6ff34be6041160166956c41
7925,7925,0,1a000a0000001000f2ff1000ecff0c00eafffaffceffeeff120012002e00eeff,02001200fafffaff2e003e000a00eaff1400f2fff8ffe8ff1c000c00dcff0c00,dcfffcff040032000000eeff0400f4fffaff1800feffeeffdeff30000600e6ff,2000eeffdaff5400eaffdaff040004000841980044964e41466a2a95b2bd5c6a
7926,7926,0,2a00fcffdeff200000002000ecffecffdaff0c00eeffceff1200d4fffeff0e00,f4ffd4fffaff1c00f2ff2000faff0a001400140006001600eaffeafffcffdcff,dcff0e00f6fff6ff2000ceff14001400eaff2800eefffeff0000300006000600,0000defff8fff8ff0c001c000400c4ff486ac295b4bd366ac600bebc2c417c00
7927,7927,0,0a000a00000000001000f2ff0c000c00cafffaff1c000c0002001200eefffeff,12000200fafffaff2e00f2ff0a000a001400e2ff360026000c000c00fcfffcff,0e00fcfff6fff6ffdeff20001400f4ff0800faff0c00feffdeff0000f6ff1600,000010001600daffb8ff0c000400e4ff980144bdee40c4017a951041ac6ac695
7928,7928,0,fcfffcff0000eeff2000f2ff0c00fcff0c000c001c002c00220022000e001e00,f4ff1200faff0c000000e2fffafffaff2400140016001600faff0c001c00ccff,1e00fcff140004000000100014001400bcff18000c00feff0000deffe6ffe6ff,ceff58000600f8ff1c00eaffc4ff04004e965840666a72963ebcc66b8c01a2bd
7929,7929,0,fcfffcff0000000010001000fcffecffeaff1c001c001c00020012000e000e00,e4ff02001c001c00e2ff3e00faff0a0004001400060006000c00faffdcffecff,dcffecff040004000000eeff040024000800eaffeeff0c00200020000600e6ff,00000000e8ff46001c00faffb4ff1400e4bca86a0402e4bc20404601e695ea3f
7930,7930,0,fcfffcffdeff100000001000ecfffcffeaff0c000c00fefff4ff22000e003e00,f4fff4fffafffafff2ff3e001a00faff1400b0ff060026002c001c00fcfffcff,0e001e000400f6ffeeff000004000400faff2800feff0c000000300036001600,2000cefff8ff16000c00eaff24002400723f620200970a40166cea967abc186b
7931,7931,0,0a000a00000000001000f2ff1c001c001c000c00eefffefff4ff02000e002e00,12001200fafffaffe2ff00001a00faff1400f2fff8ff16000c00eafffcfffcff,0e00fcff1400f6ff000010001400f4ff28000800feff1c002000cefff6fff6ff,0000deff1600f8fffaff1c001400f4ff886a909646bc966aca02aebcaa3f6c02
7932,7932,0,fcfffcff20001000f2fff2fffcfffcffeafffaffe2fedeff220012000e00eeff,120030000c001c00e2fff2ff0a00faff04000400060006000c000c00dcff1c00,8cfffcffe6ff14000000000014001400eaff0800eefffeffeeffeeff0600f6ff,eeff10005400f8ffeaff2c00e4ffe4fff20284bc123ff602fa950c3f586b4696
7933,7933,0,0a00ecffeeff0000f2fff2ff0c00ecffbaff1c000c00eeff0200f4fffeff3e00,f4ff12000c001c004c00d4fffafffafff2fff2ff160036000c000c00ecfffcff,1e000e0004001400eeff000004002400eaffdaffeefffeff00001000e6ff0600,deff3000e8ffdafffafffaffd4fff4ffb096f23eb66a60973cbbe66b5803dabb
7934,7934,0,ecfffcff00000000f2ff00001c000c000c000c00feffe2fe12001200feff4e00,22001200eaffeafff2ffe2ff0a000a0004000400160006000c000c00dcfffcff,fcfffcff0400e6ff100000001400d4fffaff08000c00eeff1000000006000600,20001000cafff8ff3e00fafff4ff040010bbf86a8603c6bb3c3f1c04b696fa3e
7935,7935,0,1a00fcffceff000020000000ecff0c001c001c000c000c00c6ff0200eeff1e00,12003000fafffafff2ffd4ffeaff1a00d2ffe2ffaafff8ffeaff1c00ecffccff,0e002e00040004000000deffa4fff4ffeaff0800fefffeff0000eefff6fff6ff,3000eeffcaff1600eaffdaff0400e4ff823ed203a097b23e166cea96e8ba486b
7936,7936,0,fcff7400100000000000f2fffcffecfffafffaff0c00feff0200f4ff2e000e00,f4ff22000c001c0000000000eaffeaff1400f2ff260006000c000c00bcffccff,1e00fcfff6ff220010002000f4ff0400daffeafffeff2a000000eefff6fff6ff,eeffeeff16001600fafffaff0400f4ff186b0097f6ba066b4c043cba723e6804
7937,7937,0,0a000a00deff1000f2fff2ffecffecfffaff0c00eeffdeff120040002e00feff,22001200faffeaff00000000dafffaff140014002600f8ff0c000c001c00ecff,0e00dcfff6fff6ffeeff00000400e4ff2800fafffeffe0ff000020002600e6ff,deff00001600f8fffaff0c00f4ffe4ffe20380ba963d9604fa963c3ea86be696
7938,7938,0,fcffecff0000defff2ff1000ecff0c002c000c00eeff0c0022000200feff2e00,e4ff02000c001c00e2ff20000a000a00e2fff2ff2600f8ff1c00faff0c001c00,fcfffcffe6ff04001000defff4ff14000800ccffeeff0c000000100026000600,eeff10000600daff1c001c00e4ff14005097663d566bd097c8b9666cd00478ba
7939,7939,0,2a002a0000001000f2fff2fffcff0c000c00caffeeffceff020012000e002e00,f4fff4ffeaff0c00e2ff2e000a001a00f2ff0400060026000c000c00fcfffcff,ecff2e000400f6ffdeff0000e4ffe4ffeaff08000c00eeff00001000f6ff3600,00002000060006002c00faffc4ff240086b9686bf604b6baec3d7c044e97823d
7940,7940,0,1a000a000000eeff0000f2ff0c00ecfffaff0c002c000c001200e4ff2e00eeff,120002000c00fafff2ff2e00faffeaffd2ff1400260016000c00eafffcfffcff,2e001e00e6fff6ff0000eeff04000400fafffaff0c000c002000deff16000600,1000eeff060016000c00daffc4ff2400b63c4406e097663d466c8a97a8b9f86b
7941,7941,0,0a00fcffeeff10000000e2ffecfffcff0c00daff1c00eeff020012003e00feff,020002000c000c00e2fff2ffeafffaffe2fff2fff8ff16000c000c00fcffdcff,fcff0e000400140010001000f4ff040036000800feff0c000000deff06001600,2000ceff060016001c000c000400d4ffa86b7097e0b9a66bcc0558b9c23ca005
7942,7942,0,fcff1a0000000000000000000c00fcffdafffaff1c00feff020012002e002e00,02001200eaff1c00f2ff3e00daffcaff0400f2ffe8fff8ff0c000c00ecffdcff,0e00dcff14000400eeff00000400f4ffdaffeaff1c00feffdeff30003600f6ff,eeff00001600f8ffeaff1c002400d4ffc40616b9363ce405ca972c3c386c9e97
7943,7943,0,ecfffcff000010001000f2ff0c000c00dafffaffeeffeeff12001200deff2e00,f4ff1200fafffaff3e00e2ffeaff0a0004001400d8ffd8ffeaff0c00dcff0c00,0e000e00f6ff0400deffdeff04000400faffeaff0c00eeff00000000f6ffe6ff,deff10000600f8ff0c000c00e4ff14003698203c966b3098d8b8566c300708b9
7944,7944,0,fcfffcffdeffeeff3000f2ff0c000c00faff1c002c00eeff12003000feffdeff,120012000c003c002e00d4ffcafffaff140014000600f8ff0c00faffecffdcff,0e001e0004001400eeffeeff0400f4ffeafffaffe0fffeff00002000f6ff1600,deff4800daff16001c00eaffb4ff140086b8c86bd20672b94a3b8a07ce970a3c
7945,7945,0,ecff0a00deffdeff0000f2fffcfffcffdaff1c00eeff2c002200f4ff0e003e00,12000200eaffeafff2ffe2fffaffdaff14001400f8ff1600faff0c00fcffbcff,fcff9cff0400140000000000040014002800faff0c001c000000100036001600,10000000baff46001c00faff1400e4ff703bfc07e098463cb66caa97e8b8386c
7946,7946,0,0a00fcffdeffeeff100000000c001c00faffcaff0c00eeff1200f4ff2e00feff,300002000c000c002e00f2ff0a00fafff2ffe2ff16001600faff0c00fcfffcff,fcff1e00140014001000000014000400fafffaff0c00feffeeff000016001600,3000eefff8ff1600faff1c004400f4ffca6c36981ab8866b4e0894b74a3b9007
7947,7947,0,2a002a00eeffeeffe2ff00001c00ecffdaff1c00deff1c00120022003e000e00,220022000c00fafff2ffd4fffaff0a0014001400e8fff8ff0c00eaffecfffcff,0e000e000400f6ffeeff0000f4fff4ffdaffeafffeff0c000000deffd6ffe6ff,eeff10001600caffeaff0c000400e4ff4c08e6b7463ba2073e987a3bc06c0e98
7948,7948,0,0a000a000000eefff2ff00000c00fcff0c00faffdeffeeff020002001e000e00,d4ff12000c00fafff2ff0000fafffafff2fff2ff26005400eaffbaffecffecff,9cfffcff04000400deff100004002400ccffccff1c00eeff200010000600e6ff,deff20000600baff0c000c00e4ff04005698823a566cf09864b7d66c5008e6b7
7949,7949,0,fcff0a00200000000000f2fffcfffcfffaff3c000c00eeff020022001e000e00,12001200faff0c00e2ffc4fffafffaff0400d2ff2600e8fffaff0c000c001c00,1e002e003200f6ff100030000400f4fffafffafffeffe0ffdeff00000600d6ff,eeffeeffdaff06002c00daffc4ffe4ff20b7aa6cc208cab7aa3aba075e989e3a
7950,7950,0,0a00fcff20001000e2ff00001c00fcfffaff0c00feffceff220012000e000e00,22001200eaffcaffd4ffe2fffaff0a00d2fff2ff2600f8ffeafffafffcfffcff,0e000e00f6ff0400deff00000400f4ffeafffaffe0ffeeff2000eefff6ff3600,10000000daff16001c00faff2400e4ff78391c094099c63ae66c9e9826b7d06c
7951,7951,0,fcfffcff0000eeff0000f2ffecff0c00faffdaffeeffeeff400030002e000e00,0200f4ff1c00eaffd4fff2fffafffaff0400c0ff46000600faff0c00fcff0c00,1e000e00e6ff0400200010001400e4ff0800daffeeff2a00deffeefff6ff0600,1000ceff06001600eaff1c0004001400fa6cf6983ab7366c1e0904b788398209
7952,7952,0,fcff0a00eeff0000100000001c00fcff1c000c000c00e2fe1200f4ff0e002e00,f4ff1200fafffaff0000f2ff1a00eaff04001400160026002c00faffecffccff,fcff0e000400f6ff00001000f4fff4ff0800fafffeff0c0030000000f6ffe6ff,deff100064000600eaff2c00f4ffe4ff4c09e0b6283aa009ce985639d06c0099
7953,7953,0,fcfffcff0000deff000010000c00fcfffaff0c00feffdeff02000200feffdeff,e4ff02003c00faff0000e2ff0a00eaff1400e2ff0600e8ff0c00faff2c000c00,0e00fcff0400040000002000f4ff0400eafffaffeeffeeffeeff1000f6fff6ff,eeff10001600e8ff0c000c00f4ff040016994839946c6e99d2b6f66cf2098eb6
7954,7954,0,fcff0a00000020000000f2ffecfffcffdaff0c00eefffeffe4ff12000e000e00,1200f4fffaff0c0020002e000a00faff2400e2ff3600f8ffcaff0c002c001c00,ecfffcfff6ffe6ffdeff00001400e4ff0800ccffeefffeffdeff00000600e6ff,20001000cafff8ff3e00faffe4ff240050b6fa6c400aaab63639920a00990839
7955,7955,0,1a000a0020000000200000000c000c001c00faff0c000c00e4ff1200ceff2e00,f4ff02001c00faffe2ffc4fffaffeaffe2ff04001600e8ff0c002c000c00fcff,fcff1e0004001400deffceff04001400daffdafffefffeff1000000006000600,20001000e8ff54000c00daff24000400a838260abe995239566d1e995eb6206d
7956,7956,0,fcffecff000020001000f2ff1c000c001c000c000c000c0012001200eeffeeff,220012000c00fafff2ff3e001a000a00f2ff14001600c8ff0c00caff1c00ccff,0e000e000400040000003000e4ff2400faffbcff1c000c002000eeff1600f6ff,2000ceff060006001c000c000400e4ff5a6d26995eb6946cd20a22b5a838160b
7957,7957,0,fcff1a000000eeff0000e2ff0c000c00fafffaff1c010c0012003000feff1e00,02001200faff0c00f2ffe2fffaff0a000400d2ff160026001c00faff1c00fcff,1e00ecfff6fff6ffeeff200004000400eaffeaffeeffeeffeeff2000f6fff6ff,eeff10001600e8ffeaff3e001400e4ff560b94b5d238480b3e99b638706d6099
7958,7958,0,fcfffcff1000eeff10000000fcfffcfffafffafffefffefff4ff3000eeff0e00,f4ff3000eaffdafff2ff00001a000a000400d2ff26000600eaffcafffcfffcff,fcff0e00040004000000eeff24001400faff08000c00d0ffeeffeeff16000600,deff1000f8ffe8fffafffaffe4ff240086996237b46cbe99a2b4086e260c2eb5
7959,7959,0,2a002a001000eeff00002000fcffecffdaff0c00e2feeefff4ff2200fefffeff,120012000c002c0000000000faff0a000400e2fff8fff8fffaffeaff1c002c00,0e00fcff040004001000eeff04002400eafffaff0c00feff00000000e6ffc6ff,10001000daff46002c00eafff4ff040014b58a6df60b7eb56237120bd0998637
7960,7960,0,2a000a00000000001000e2ffecff0c00faff1c000c00d2fe1200f4ff0e00eeff,1200f4ffeafffaff2e00e2ff0a000a000400f2ff060006000c000c00fcfffcff,fcff0e00e6ffe6ff1000000004000400daff08000c00feff2000200006001600,58001000caff06001c00c8fff4fff4ff12374e0c3e9afc37086e529a1eb5906d
7961,7961,0,fcff8400deff2000f2ff1000dcff0c00faff0c000c002c00f4ff12001e003e00,120002001c00faffe2ff2e00dafffaff0400f2ffe8ffaaffeafffaff0c000c00,0e001e001400f6ff200000001400140056000800eefffeff0000eefff6ff0600,1000cefff8ff1600daff0c00240004009a6d309a3eb5046d020d92b4f636be0c
7962,7962,0,0a00fcffeeff100000002000fcfffcffeaff0c00c2feceff020030001e00eeff,12000200faffeaffd4ff2e001a000a00f2fff2ffc8ff06001c000c00ecffecff,fcff0e00f6ff0400deffeeff1400f4ff36002800eeffeeffeeffeeffe6ff0600,eeff10001600f8ffdaff0c001400d4ff920db6b31e37960c429a5236a06d309a
7963,7963,0,0a00fcffeeff1000100010002c00fcff0c001c00e2feeeff020022000e00eeff,1200e4fffaffdaff2e0020000a000a00d2ff040036001600faff0c00fcfffcff,1e009cff040014001000200014000400eaff08000c00feff30003000e6ff0600,000030001600daff0c000c00f4ff0400809a4236146d5c9b60b3c86dd20db0b3
7964,7964,0,fcfffcff00000000e2ffe2ff0c00ecff1c000c00feffdeff020012000e00eeff,2200e4fffaff1c00f2ffe2fffafffaff140004001600d8ff2c00faff0c001c00,0e00fcff1400140030002000d4ff1400faffdaff0c00feff00000000f6ff1600,10001000e8ff16002c00faffe4ff140076b39a6df40f3eb40236920e609aee35
7965,7965,0,0a00fcff0000eeff2000f2fffcff1c00fafffafffeffeeff220002000e00ceff,22001200eafffaff2e0020000a000a00f2fff2ffe8ffd8ffeafffaff0c000c00,0e000e0004000400eeff0000040034004600dafffeffeeff000000001600f6ff,3000eeffbaff0600fafffaffd4ff2400a635be0e5c9b6c36186e629a80b3d06d
7966,7966,0,2a00fcff1000100000000000fcffecffdaffeaff1c01eeff40001200eeff3e00,020012000c00fafff2fff2ff0a00faffe2ff1400b8ff06000c00eafffcffdcff,fcff0e00f6ff040000000000040004003600daff1c001c00eeffeefff6ff1600,3000deff160016000c00faff2400e4ff266ec09afeb3546d520ed0b26e35520e
7967,7967,0,0a000a00200000001000f2ff1c00fcffdafffaffcefffeff1200f4ffeeff0e00,02001200fafffaff3e000000fafffafff2fff2ff0600f8fffafffaffccffecff,0e00dcff040022001000000004000400fafffaff0c00feffeeff000026001600,deff00001600f8ff0c000c003400c4ff200fb6b27e35ba10c29af235106ec09a
7968,7968,0,fcff0a001000deff000000000c000c001c000c000c00e2fe50004000eefffeff,020002000c00faff2e00d4ff0a001a0014000400aafff8fffafffaff0c000c00,fcff1e000400f6ff0000100004001400daffeaff0c00eeff1000200016000600,eeff3000f8ffcaff1c001c00f4fff4ff309b9434746dac9b70b2786e680f20b3
7969,7969,0,1a00ecff000000000000f2ff0c001c002c002c00eeffcefff4fff4ffeeffeeff,e4ff1200caff0c002e00e2ffeaff0a00f2ff14001600e8fffafffafffcff0c00,0e00dcff04001400deff1000e4ff1400fafffaff1c000c00eeffcefff6ff0600,10001000dafff8ff3e001c00e4ff140016b2566eb81130b11235220fc09abe34
7970,7970,0,2a000a001000eefff2ffe2ff0c00fcff1c00faffeeffeeff40000200eefffeff,f4ff0200faff0c00f2ff20000a00eaff04001400f8ffe8ff1c000c00dcffecff,0e000e001400f6ff0000eefff4ff2400daff0800eefffeffdeffdefff6ff1600,30000000daff46001c00faff04000400d0331610dc9bde34986ea29bf4b1206e
7971,7971,0,fcfffcff00000000f2fff2ff0c00dcff0c001c00e2fee2fef4ff3000feffceff,02002200faff0c00f2ff1000faffeaff0400e2ffe8fff8ff0c00faffecffecff,fcfffcff04001400eeffeefff4fff4ff18000800feff0c00eeffeeff1600f6ff,1000beff060006000c003e000400d4ff666e309b7cb0646d261020b2d6334810
7972,7972,0,ecff0a00eeffdeff00002000fcff2c00fafffaffd2fef2fe020040004e000e00,e4ff1200eaff0c00f2fff2fffafffaffe2ffe2fff8ffe8fffaff0c00ccfffcff,fcfffcff140014001000000034000400fafffaff0c00eeffeeffeeff3600f6ff,eeff10004600f8ffdaff2c00f4ff1400d6100cb140343e12049c4033406e809b
7973,7973,0,fcfffcff1000eeff1000f2fffcffecfffafffaffe2feeeff300002001e002e00,f4fff4ff0c00faffe2fff2fffaffeaffe2fff2ffe8ff1600eafffaff0c000c00,fcff0e000400f6ffeeff0000f4fff4ff2800fafffeffe0ffeeffcefff6fff6ff,deff58001600caff0c000c00e4fff4ff909b8832946d2c9c3cb1a86e821184b1
7974,7974,0,1a000a000000eeffe2ff1000dcff1c00eaff0c00fefffeff300050001e001e00,f4ff02000c00faffe2ffe2ffeafffafff2ff0400f8ffd8ffeaffeaffecfffcff,0e000e0004001400ceff300004000400dafffafffeff0c00200000001600e6ff,00003000060006001c00eaffd4ff14000cb1366e0e1384aff0322611a09bba32
7975,7975,0,fcff0a0000000000f2ff4e00ecfffcfffaffdaffe2fedeff30003000feff3e00,f4fff4ff0c001c0020003e00eaff0a00f2ff2400aaffc8ff2c001c00ecffdcff,dcff0e00140014000000eeff040004002800eafffeffeeff100010003600f6ff,0000deffcaff1600faffeafff4ff240048329611da9c8033586e149caab0606e
7976,7976,0,fcfffcffeeffeefff2ff0000fcfffcff0c001c000c00eeff02003000eeff2e00,120012001c000c000000f2ff0a00faffe2ff0400c8ffc8ff0c001c00ecffbcff,0e001e0014001400eeff0000f4ff1400faff28001c00e0ffeeff200016001600,3000cefff8fff8ff1c001c0014000400d66ef09b44af946d2a127cb05a32d211
7977,7977,0,1a00ecff00000000f2fff2ff2c000c00faffeafffefffeff500002001e00eeff,f4ffe4ff1c000c000000e2ffeafffaffe2ff14000600c8fffaff1c00ecff0c00,fcff1e001400f6ffeeff20001400f4fffaffeafffeff0c00deffdefff6fff6ff,000000006400daffeaff2c001400e4ffa0127cb0c0329e13949cc032406e929c
7978,7978,0,fcff0a0020001000e2ff00000c00fcfffaffdaffdeffeeff12000200feff0e00,e4ff12001c00faff4c0000004a00faff2400f2ffd8fff8ff1c00fafffcfffcff,dcfffcffe6ff140020000000f4fff4fffaff28000c001c00eeffeefff6ffe6ff,deff20000600daff1c002c00d4ff0400429d5e31d26d0a9d4cb0d86e3e136ab0
7979,7979,0,fcfffcff100000000000d2ff0c00fcff1c000c00eeffeeffe4ff12002e00deff,1200f4fffaff1c002000c4ff0a00faff0400f2ff1600d8fffaff0c00ecffecff,0e000e00f6ff14000000eeff14001400faff3600eeff0c00eeff100016000600,10001000dafff8ff2c000c000400f4ff86af766e6e1494ae5c319a12b29c9a31
7980,7980,0,1a00fcff100020001000f2ff0c001c001c000c00ceffe2fe400012002e00deff,020002000c001c00d4ffd4fffaff0a0004000400d8fff8fffaff1c000c00dcff,2e00fcff1400d8ffdeffeeff34002400dafffaffeeff1c00eeff1000f6fff6ff,5800eeffe8ff46001c00daff0400f4ffee3090137a9d6c31d86e389ea0af906e
7981,7981,0,0a000a001000000000000000dcfffcfffafffaff2c01eeff02000200feff3e00,30001200faff0c00e2ff0000fafffafff2ff040016000600eaff0c00fcffecff,ecfffcff14000400deffeeff24001400eaffeafffeff1c000000000006000600,2000ceff0600f8ffeafffafff4ffe4ffc66e929d26ae3a6e7a137cb0aa30ce13
7982,7982,0,fcfffcff100010001000e2ff0c00fcff0c000c00eeffceff300002000e002e00,1200f4ff1c00faff2e000000fafffafff2ff1400e8ff3600eaff0c001c00ecff,1e000e0014002200eeff0000f4fff4ff0800dafffefffeff200000001600f6ff,ceffeeff46001600faff0c0004001400ec1416af6c311c15449d7c30906e2a9d
7983,7983,0,3a000a000000eeffe2ff1000fcff0c000c000c00e2feeeff020002003e00ceff,e4ff12000c000c00200010001a000a00e2fff2ffe8ffd8fffaffbaff0c001c00,0e00fcff0400f6ffeeff00002400f4fffaffeaff2a00feff0000deff06001600,deff0000f8ffe8ff2c002c00e4ff1400409e982faa6e6a9d28aff86ec61440af
7984,7984,0,fcff2a000000eefff2ffe2ff0c000c000c00faff1c00e2fef4ff02001e00feff,f4fff4fffaffeaffe2ff1000eafffaff0400f2ffd8ffb8ff0c00eaff2c001c00,0e000e00f6fff6ff1000eeff34001400180028000c00feffeeffeefff6ff1600,eeff1000e8ff06002c001c00c4ff440076aeb66eec15c8adb82f4815da9d0a30
7985,7985,0,0a00fcff00001000f2fff2fffcfffcffdafffafffeffeeff22001200feff3e00,12001200fafffaffe2ffe2ff0a000a0004001400c8ff0600dafffaffecff1c00,4e00dcff040004001000eefff4ff04000800daff1c00feff0000deffe6ff0600,5800eeffdaff46001c00faff04002400682f4c150a9e1c31186fa89e68ae226f
7986,7986,0,1a002a00eeffdefff2fff2fffcff1c00fafffaff0c000c00e4ff0200feff1e00,120002001c002c002e00f2ffeaffeaff04001400f8fff8ff0c000c00fcfffcff,fcff0e00e6ff1400000000000400040008001800feff1c0010000000f6ffe6ff,1000ceff16004600faff0c000400e4ffe66e809e18adaa6e381628aed02e3615
7987,7987,0,0a00fcff1000000010001000fcfffcffeafffaffeeffeeff22000200fefffeff,e4ff0200faff0c00e2ff2000eaff0a00040004004600f8ffeaff1c00ecfffcff,1e00dcff0400e6ff1000200014000400dafffaffd0ff0c00eeff10001600f6ff,0000eeff0600e8ff0c002c000400e4ffac1536ae2630fa16f49da82fe86e0a9e
7988,7988,0,fcff0a0010001000f2ff1000fcff0c001c001c00ceffdeffd4ff02002e003e00,f4ff12000c00fafff2ffe2ff0a001a00f2fff2ff0600f8ff0c002c001c00ecff,0e000e000400f6ff1000000014001400fafffaff0c00feff0000000006000600,deff30001600caff1c003e00e4ff2400b09ec82eaa6e7a9e68ae386f7616b8ad
7989,7989,0,1a000a001000eefff2ff1000fcff0c002c001c00e2fee2fe2200d4ff0e000e00,12000200faff0c002e00e2ffeaff0a001400f2ff4600f8ffeaff0c00dcff1c00,1e00dcfff6fff6ff1000eeff04001400daffeaff1c00eeff20002000e6ffe6ff,00003000e8ff16000c00daffc4ff04006aadf66eb817d8acd42d18169a9e182e
7990,7990,0,0a001a00eeff20001000e2ffecff1c000c000c002c003c004000e4ff0e00feff,12002200faff0c00f2ffe2ff0a00daffe2ffe2ff2600f8ff1c000c00fcfffcff,fcfffcff140014000000eeff14000400faffdaff0c00feff1000eefff6ff1600,10000000f8ff16001c00fafff4ff0400bc2dea16189f962f686f889f48ad426f
7991,7991,0,0a001a00deffceff000010001c00fcff2c00faffeeff0c001200f4ff0e00eeff,f4ff12001c000c0010002e00fafffaff04000400e8ff26001c00eaff0c00fcff,3e00dcfff6ff220010000000f4ff14000800faffd0ff0c00100010000600f6ff,2000defff8ff16000c000c0014000400266f309fd8abaa6e981708ae982d2e17
7992,7992,0,fcff1a0000000000f2ff00000c001c000c00faff0c00eeffe4ff1200fefffeff,120012003c00faff0000e2fffafffaff04002400f8ffe8fffafffaffecff0c00,1e001e0014001400eeffdeff0400140008000800eefffeff00001000f6ff0600,000010000600f8ffa8ff1c002400d4ff4018e8ac082ea0183ca0b42c626f229f
7993,7993,0,fcff0a0000000000e2ff2000fcfffcfffaff0c00ceff1c0102001200feff2e00,020012000c000c000000f2ffeaff0a000400f2ff360006000c00faff0c000c00,fcff0e0004001400eeff0000f4ffe4ffdaff08000c001c00000020001600d6ff,deff30000600e8ff2c001c00d4ff0400609f3c2dba6e469fb8ac286fce17d8ac
7994,7994,0,1a002a000000eeff1000f2fffcff1c00caffdaffeeff1c01300040002e000e00,e4ff12001c001c00f2ff2e00eaff0a00d2ff0400f8ff26000c000c00ecffdcff,dcff0e000400040010001000f4fff4ff1800fafffeffeeff0000eefff6fff6ff,00003000f8ff16002c00faffc4fff4ffb8ac266f601930ab642cdc18929fd82c
7995,7995,0,ecfffcffeeffeeff2000f2fffcff0c00faff0c00eeffe2fe020002000e000e00,e4ff1200eaff1c002e0000000a00eafff2fff2ff060006000c002c001c000c00,ecff0e00d8ff04000000deff0400e4ffdaffdafffeff0c0020000000e6ff1600,10001000caff54001c00fafff4ffe4ffe62b3018b69fe82d386f7ca020ac626f
7996,7996,0,fcff2a00eeff0000000010000c000c000c001c00e2feeefff4ff02002e00feff,020012000c001c003e00e2ff0a000a00e2ff140016002600faff0c000c00fcff,0e002e00140004000000eefff4ff2400faffeaff1c00eeff0000eefff6ff0600,0000eefff8ff06000c00faff24002400466f36a0c2aada6e0c1968aca02b0019
7997,7997,0,0a000a00eeffeefff2ff00001c00fcfffafffaffceff1c000200f4fffeffeeff,f4ff12001c001c00e2ffd4ff0a00fafff2fff2ff36004600eaff0c000c00ecff,0e000e002200f6ffeeffeeff24000400eaffdaff1c00eeffdeffdefff6ffe6ff,0000000046000600fafffaff0400d4ff301904acb82d161acca0342c826fb29f
7998,7998,0,2a00fcff00000000f2ff0000ecffdcff0c00faff1c00eeff120002001e00feff,f4ffe4ff0c00faff2e003e00fafffaff04000400f8fff8ffeaff0c00dcfffcff,ecffecfff6ff140020000000f4ff04000800dafffeffeeff200020001600f6ff,deff00001600cafffaff0c00d4ff040096a08e2aca6e16a008ac886f801950ab
7999,7999,0,fcff0a0000000000200000000c001c001c000c000c00cefff4ff12002e000e00,020012001c001c00e2ffd4fffafffaff04000400160026001c001c00fcff0c00,0e000e00f6fff6ff0000100014000400ccfffaffeefffeffeeff1000f6ff3600,10001000f8ff06001c001c00e4ff2400e4aa666fe41a22aa442abc1942a0102b
8000,8000,0,0a00fcff1000defff2ff10001c00fcfffaff0c001c00eefff4ff02000e003e00,e4ff1200eafffaffe2fff2fffaff1a000400f2ff1600e8ffeaffcafffcfffcff,fcffecff1400f6ffdeffeeff04001400daffeaff1c00feffeeffdefff6ff1600,68000000060016001c00eaff040014000e2a0a1ab6a0882d686f2ca1b4aa926f
8001,8001,0,fcfffcffeeffeeff10001000fcffecffcaff1c00e4fe0c000200e4ffeeff0e00,020002001c001c00f2ffd4ffeaff1a000400e2ff16000600aaff2c00ccfffcff,fcfffcff1400140010000000f4fff4ff28000800feff2a00eeffeeffd6ff1600,10000000daff1600eaff0c0024001400766ff6a082a9ca6e501b86aae429701a
8002,8002,0,fcffecffdeff0000f2ff00000c00dcffeafffaff0c00eeff1200f4fffefffeff,020012000c000c00e2ffe2ff0a00faff0400f2ff060006001c00faffdcffecff,0e001e00f6ff14002000deff0400d4fffaffdaffeefffeffeeff10000600e6ff,eeff00000600f8ffdaff1c000400f4ffaa1a64aa882de41b7ca12029b26ff4a0
8003,8003,0,ecfffcff10000000d2ff0000fcffecff2c001c001c00eeff120002001e00eeff,020012000c00faff3e00f2ff0a00faffe2ff1400d8ff06000c00eaff1c00fcff,ccfffcfff6ff14000000000004000400080008000c00e0ff000000000600f6ff,100020000600baff1c00faffe4ff040036a144291a6fb6a076aaa86f021b74aa
8004,8004,0,0a00fcff10000000200010001c000c00dafffaffe0fffefff4ffe4ff0e001e00,220002000c00faffe2ff2000faff0a000400f2ff1600f8ff0c000c00ccffdcff,1e001e00f6ff0400eeffeefff4ff040028002800eeff0c00eeff1000f6ff0600,10002000e8ffdaff1c00eaffe4ff2400daa9cc6f941c42a9d028921c64a1a429
8005,8005,0,0a002a000000000010000000fcffecff0c000c00f2fe0c001200f4fffefffeff,1200f4ff0c001c000000f2ffeafffaffe2ff0400e8ff3600caff1c00dcffecff,ecffecfff6fff6ff0000eefff4ff1400eaffdaffeeff2a00eeff20001600f6ff,10001000caff46000c00faff140024003428481cb6a12c28a86fcca1e4a9a26f
8006,8006,0,1a000a000000eeff3000e2fffcfffcff0c00faff1a01eeffe4ff0200eeffceff,e4ff1200fafffaffe2ff3e00faffeaffe2fff2ffe8ff36001c000c00ecfffcff,0e001e00f6ff140000000000140004002800eaffd0ffeeff100000001600e6ff,1000deffdaff4600eaff1c002400e4ff666f86a182a82a6f321c22a9d428421c
8007,8007,0,0a00fcffeeff0000e2ff00000c00fcff0c000c001c00eeffe4ff1200feffeeff,220012000c00eafff2ff00000a00faff040014000600c8ffeaff0c00dcffecff,1e00fcff0400e6ffeeff1000240004002800eafffeffeeffdeff0000f6ff0600,000000001600daffeaff2c001400d4ff1c1d4aa9cc27141d70a29028a26fc4a1
8008,8008,0,fcff0a000000eeff1000f2ff0c00dcfffaff0c00d0ff2a00020012001e00eeff,12000200faff0c00e2ff2e00eaffeaff040014001600c8ff0c00caffecffecff,2e001e001400040010001000f4fff4ff0800fafffeffeeff10000000e6fff6ff,eeff3000f8ffe8fffaff0c00b4ffe4ffe6a13e271a6f16a212a9586f4a1d74a9
8009,8009,0,0a001a000000000020000000fcffecfffafffaff0c00eeff300030002e000e00,02001200eaff1c003e00f2ff0a00fafff2ff1400f8ffe8ff0c00eafffcff0c00,0e000e0014002200eeff1000f4ff0400dafffaffeeff0c00deff2000e6fff6ff,10000000060006002c000c00e4ff0400baa8cc6f301e02a81c27c21c64a2ca27
8010,8010,0,2a002a00deff00000000f2ffecff1c001c00faff0c00eeff1200f4ff0e000e00,f4ff0200faff0c002000e2fffafffaff24000400e8ff26001c00eafffcff0c00,1e00ecfff6ff0400eeffeeff1400e4ffbcffdaff0c000c000000000006000600,30000000e8ff16001c00eaff040004002e275c1d54a2dc26b86f60a3aaa8c26f
8011,8011,0,0a000a0000000000000010001c001c00fafffaffeeffe0ff12001200feff3e00,02000200faff0c00e2ffe2ff0a00eaff14000400e8fff8fffafffafffcfffcff,0e000e00f6fff6ff1000deff0400f4ffdafffaffe0ffeeffdeffeefff6ff0600,3000defff8ff0600faff0c003400e4ffdc6f70a274a73a6f721e02a91a27aa1d
8012,8012,0,0a000a00000000000000f2fffcff0c00faffdafffeffd0ff120002003e003e00,120022000c00fafff2ff0000eaff0a0004000400d8ffe8ffeafffaffccfffcff,0e000e0004001400ceffeeff04000400faffeaff2a000c000000100016000600,eeff30004600f8fffaff1c002400f4ff9a1e6aa83c26b01e90a3ec25c26fd4a2
8013,8013,0,ecff74000000deffe2ff2000fcff0c000c001c000c002a0002004000ceff2e00,120012000c000c003e00e2ffeafffafff2ff1400d8ff26000c000c00ecff0c00,dcfffcffe6ff04000000000014000400fafffafffefffeffeeff1000e6ff0600,ceff10001600baff1c000c000400040000a30e26986ff4a2aea7b86f9a1e3aa8
8014,8014,0,fcff2a00eeffeeff0000f2ff2c00fcff0c001c00eeffeeff120022002e00feff,1200e4ff0c00faffc4ffe2ff0a00daffe2fff2fff8ff06000c002c00fcffdcff,0e001e00f6fff6ff0000000014001400daff1800e0ffeeff0000eefff6ffe6ff,00001000f8fff8ff1c00faffd4fff4ffa4a7766f801f04a72c26a21f20a3e825
8015,8015,0,1a001a00eeff1000000000001c00fcfffafffafff2fef2fe02002200feff3e00,02001200faff0c003e00f2ff0a00fafff2fff2ffe8ff3600eaff1c00fcff1c00,fcff0e0004000400deffeeff040014000800faffe0ffeeffeeffdeff26001600,20000000daff4600fafffafff4ff240050251a1f24a33025966f90a3caa7f26f
8016,8016,0,3a001a0000001000e2fff2fffcff0c00daff1c00feff1c001200f4fffeff0e00,12000200fafffaffc4ff2e000a000a00d2fff2ff1600f8fffaff0c00dcffdcff,0e00dcff2200f6ff00001000f4ff0400dafffaffeefffeffdeffeeffe6ff0600,1000eeff16000600faff0c000400f4ffcc6f20a3e4a64a6fa21f5ea79825721f
8017,8017,0,1a000a00100000000000d2fffcffecff1c000c000c000c0022001200fefffeff,02000200eaff0c00e2fff2fffaffeafff2ff1400f8fff8ff0c00fafffcfffcff,fcfffcff1400040000002000e4ff0400faffeaffeeff0c003000deff26000600,eeff00000600f8fffaff1c000400e4ff102014a7a024302012a40c25c26ff0a3
8018,8018,0,0a001a0000000000f2ff10000c001c00eaff1c000c0002ff0200e4fffefffeff,1200e4ffeaffeaff2e000000fafffafff2ffd2ff16002600fafffaff1c001c00,0e002e000400f6ff0000eeff1400040008002800e0ffeeff00000000f6fff6ff,ceff10000600caff0c002c0004001400c0a3d0244a6fd8a35ea72a70b21f30a7
8019,8019,0,ecfffcffeeff00000000e2ff1c00fcff2c00eaffe0ffeeff22002200deff2e00,1200e4ffeaff0c000000e2fffafffaff14001400f8fff8ff1c002c000c002c00,2e001e00f6ff0400deff000014000400eaff0800eeffe0ffeeffeeffe6ff0600,00002000e8fff8ff1c00dafff4ff0400c4a6dc6f0e2146a6ec232620f0a3c824
8020,8020,0,1a001a0010001000f2ff00000c00ecfffafffafffefffefff4ff1200eeffdeff,12001200faffeaff2e00f2fffafffafff2ff0400aaffe8fffaff0c00ecff1c00,0e000e0004001400eeff000004000400faffccffeefffeff00001000f6ffe6ff,00000000daff16001c00faffe4ff14005a23d02078a45024b66f1ea578a6d26f
8021,8021,0,fcfffcff000010002000f2fffcfffcffcafffaffeeffd0ff12000200feffeeff,f4ffe4ff0c000c003e00f2fffaff0a00f2fff2fff8fff8ff0c001c00ecfffcff,fcff8cff04000400eeffcefff4ff94fffaffeafffefffeff0000eeffd6ffd6ff,1000deff06001600eaff0c002400f4ffdc6faea4e6a55a6f1621eea6a0238421
8022,8022,0,0a00fcffdeffeeff20000000fcffecff1c00faffe4fee0ffe4ff40000e00feff,020012001c00daff0000d4ff1a000a00f2ffd2ff260006000c00faffecffecff,1e00dcfff6ff1400deffeeff14000400180008000c00feffeeffeeffe6ffd6ff,100000001600f8ffdaff2c000400e4ff702144a6022342221ea55a22e26fa0a4
8023,8023,0,0a003a00100000000000f2fffcffdcffdaffcaff0c00feff30000200feff3e00,02000200eaffeaffe2ffe2ff1a000a00f2ff3600f8fff8ff1c001c00ecffecff,ecff0e00f6ff1400ceffeefff4ff1400eaff0800feffeeff0000000016002600,eeff300024000600faff0c0004000400bea4ba224a6fe8a46ea6c66f1422f8a5
8024,8024,0,fcff740000000000f2ffe2ff0c001c00faff0c00eeff0c00020002002e00feff,120012001c000c004c003e00eaff0a000400f2ff3600d8ff0c000c00fcffecff,1e001e002200f6ff1000bcff2400d4ff3600faffeeff0c00eeffdefff6ff1600,00001000daff16000c00faff0400f4ff86a51c70d22266a58a227a2248a55023
8025,8025,0,2a000a000000eefff2ffe2ffecff1c00faffeaff0c000c0012003000feff0e00,1200f4ffeafffaff0000f2ff0a00eaff0400f2ff26000600eafffaffbcfffcff,1e001e00e6ff04000000100024001400daff2800d0ffeeff1000deff0600f6ff,eeffeeffdaff46000c00faffe4ff14005a228a2256a5d222866faea558a5d26f
8026,8026,0,1a00fcff200020000000f2ffecff0c000c00faffeeff0c0012001200eeff0e00,12001200faff0c0020002000eafffafff2ff04000600e8ff2c002c000c00ecff,9cfffcfff6ff0400eeff000004001400daff0800eeffeeff000020001600f6ff,0000eeffdaff0600faff1c002400f4ffcc6f98a5e8a42a6fea22bea53422c422
8027,8027,0,fcfffcff00001000f2ffe2ff0c00fcff1c00faffe2feeeffe4fff4ff2e00feff,12000200eafffaff2e002e00faffeaff1400f2fff8ffc8ff0c00faff0c00fcff,0e001e002200f6ffeeff2000f4ff1400daff0800feff0c00deffeeff26001600,eeff30001600e8ffeaff1c002400e4ff3a23e6a47c2122236ea6fa21d26fb8a5
8028,8028,0,2a001a001000deff0000f2fffcffecff0c001c00eeff0c004000e4fffeffeeff,02001200faffeaff2e00c4ffeaffeaff14000400260016000c00faff2c002c00,1e00fcff220014000000100024001400eafffaff0c00feff000000001600f6ff,eeff20004600dafffaff1c00e4fff4ff64a6e0207a6f26a66ea5966f502338a5
8029,8029,0,2a000a000000000010002000ecff0c00daff0c00deffdeff3000e4ffeeff0e00,02001200eafffaff3e00e2fffaffeaff040004001600c8ff0c00fafffcffdcff,ecfffcff0400f6ff1000eeff14001400eaffccffe0fffeff2000eefff6ffd6ff,deff0000daff06004e000c00b4fff4ff00a4cc6fd02488a426217a2318a62421
8030,8030,0,fcff1a0000002000f2ff0000fcffecfffafffaff0c00eeff400012000e000e00,30003000faffeaffe2ff2000faff0a00e2ff0400060026001c00eafffcffecff,0e001e00040014000000eeff240024000800dafffeff0c00eeff0000f6fff6ff,1000eeffcaff54001c00faff040044008020a02406a67c20b66ffea6c8a4f26f
8031,8031,0,0a00fcff00000000f2fff2ffdcfffcff1c000c00eeffeefff4ff1200fefffeff,120022001c00faff0000f2ffeafffaff140004002600f8fffaffeafffcffecff,dcff1e0004000400eeffeeff2400f4ffeaff18000c00feffeeff00001600d6ff,1000eefff8ff1600eaff0c0034000400866fe4a6b8a32a6fbc24eea47420d824
8032,8032,0,0a00fcffeeff000000001000ecff0c000c00faffeeffeefff4fff4ffeefffeff,220012001c000c00d4ff3e00faff0a001400040036002600faff1c003c00ecff,1e00ecff14000400eeffeeffd4ff0400fafffaffe0fffeffeeffeeffe6fff6ff,eeff00006400f8ffdafffaff4400d4ff8025a0a3d01f10251ea7a21fc26f78a6
8033,8033,0,fcfffcff0000deff10002000fcfffcfffafffaff2c00eeff1200e4ff2e000e00,1200f4ff1c00faff0000e2fffafffaffd2fff2ff0600f8ff0c000c000c00ecff,0e009cff1400f6ffdeff0000040004000800eaff0c000c00deff2000f6ff0600,eeff30001600daff0c00faff2400f4ff24a73a1f4a6f86a69ea4766f982560a4
8034,8034,0,1a000a000000deff0000e2ff0c001c00daffdaff2c00f2fe300012000e000e00,02001200eafffaff2000f2fffafffafff2fff2ffe8ffe8fffaff2c00fcfffcff,fcff1e0014000400100000000400040018003600eeff0c00eeffeeff06000600,00002000e8fff8ff2c00faff0400140060a3866f502548a3c21e8c2610a7a21f
8035,8035,0,ecff0a00eeffdeff0000f2fffcfffcff2c00faff0c000c001200f4fffeff4e00,f4ff1200daff0c00f2fff2ff0a00faff0400f2ff0600f8ff1c000c00fcffecff,0e00fcff0400040000001000140044004600eafffeffeeff0000eefff6ff0600,10001000060016001c00eaff040024009a1e0e26d4a6401f966f5ea7c0a3b26f
8036,8036,0,fcff0a00eeff0000e2ffe2ff0c00fcff1c000c001c002c00120002003e00eeff,02001200fafffaff2e004c00daffeafff2fff2ff2600f8ffeaff1c000c00ecff,0e000e00f6fff6ff000000001400f4ffdaffdaff0c000c00eeff2000f6ff0600,eeffceff16001600eaff0c000400d4ff766feaa778a34a6f1a2740a32a1e1826
8037,8037,0,fcff1a00eeff000010002000ecff0c00cafffaffeefffeff120002000e00deff,02000200faff0c003e00e2fffaffeaffe2fff2ff06002600eaffcaffbcffecff,fcff0e00f6ff0400eeff00001400f4ffeafffaffeeffeeffeeff00000600f6ff,0000000016001600eaff0c003400c4ffae26e0a2f21dcc2662a8e21ef26fc0a7
8038,8038,0,1a00fcff0000eefff2ff10001c00ecfffafffaffe2fee2fef4ff40000e00feff,12001200fafffaff200020002a000a0024001400f8fff8ffeaff1c00fcffecff,3e000e000400e6ff000020001400f4ffdafffaff0c001c00eeff300006002600,deff2000f8ffdaff0c000c00e4ff04005aa8181e2a6fc4a70ea4c66f2a2730a3
8039,8039,0,fcfffcff1000eeff10000000fcff1c000c00faffdeff0c0012000200feff3e00,12001200faff0c000000d4ffeaff1a0014002400160036001c000c00fcffecff,fcff1e0014002200eeffdeff04000400faff2800eefffeff00001000d6ffe6ff,eeff3000dafff8ff1c00eaffe4ff340090a2cc6f6c27e8a2e21dba266aa8ea1d
8040,8040,0,0a00fcff000010001000f2ffecfffcffbaff0c00eeffe2fe120012001e001e00,12002200faff0c002e0000000a00eaffe2fff2ff36004600faff0c00fcffbcff,ecff0e000400f6ff1000eeff44001400daffdaff2a00feff10001000f6fff6ff,00000000daff16002c00eaffd4ff2400ac1d042822a8621d966f22a964a2c26f
8041,8041,0,fcff0a000000eeff0000e2ffecfffcfffafffaffdeffeeffe4ff0200eeff1e00,f4ff1200fafffaff2e00d4fffaff0a000400040036001600eaff0c002c00fcff,ecff0e00f6ff1400eeff2000140004000800eaffeeffeeff00000000f6ff2600,0000defff8fff8fffafffaff0400e4ffbc6fbaa816a2fa6e4e28d0a26a1dfa27
8042,8042,0,2a001a000000deffe2fff2ffdcfffcfffaffcaffdeffcefff4fff4ff2e00feff,0200f4ffeafffaffe2fff2fffaff0a0014002400060006000c001c00fcfffcff,0e00dcff1400d8ff0000deffe4fff4fffaff3600feffe0ffeeff3000f6ff3600,deff00000600e8fffaff0c000400f4ffe428b6a1141d4c2842a9221cb26f14a9
8043,8043,0,2a001a00deff100010000000fcff1c002c001c00eeff0c0030003000eeff2e00,02001200fafffaff3e00e2fffaff1a000400140026000600faffeaff1c00ecff,fcff0e0014000400eeff100014000400faffeaff0c000c000000deff06000600,deff20000600daffeaff2c00d4ffe4ff9aa9281cda6e72a860a2d66ff42814a2
8044,8044,0,0a002a001000100000001000fcfffcff0c001c00eeff0c00d4fff4ff3e00feff,12000200faff0c002e00e2ffeaff0a00f2ffd2ff1600f8ffeafffaffecffecff,0e00dcff140022001000100004000400daff2800eefffeffdeff0000f6ff1600,00001000f8ff06003e00eaffd4ff140056a1766f4a2986a1501b7e29b4a9221c
8045,8045,0,fcfffcff1000000000000000fcff0c002c00daffdeffceff2200e4ff0e000e00,f4ff1200eaffeaff4c00e2ff1a00eaff0400f2ff16001600eaffeaff0c00fcff,0e00fcff1400f6ff100000000400140028000800fefffeff0000eeff06002600,2000eeffcaff16003e00eafff4fff4ffd81b342982a9441c866f16aa94a1926f
8046,8046,0,0a000a0000000000f2ff00001c001c001c00fafffeffeeff02000200feff3e00,0200f4fffafffaff2e0020001a000a00e2fff2fff8fff8ff2c00fafffcfffcff,0e00fcff04001400deff100014001400eafffaffeefffeff2000000006002600,1000deffcafff8ff0c000c0004000400766feaa9c6a0ea6e8e29d8a0821ba429
8047,8047,0,fcff2a00eeff0000e2fff2ff1c002c00faff1c000c00eeff12002200eefffeff,12001200daffdaffe2fff2ff1a000a00d2ff140026001600faffeaffecffecff,1e001e0022000400eeff000004001400acff1800eefffeff00003000f6ff0600,eeffeeff16002400c8ff0c00e4ff0400a42916a1841b5a2986aa001ba26f04aa
8048,8048,0,fcff1a0000001000f2ff0000fcffecfffaffdaff0c00feff02003000deffeeff,0200f4fffafffaff3e00e2ffdafffaff0400f2ff160046000c000c00bcffdcff,0e00dcff140004000000100004001400faffbcff0c001c00deff00001600f6ff,eeff10001600daff0c000c00f4ff0400b4aa5a1aea6ed2a9d8a0666f342a04a1
8049,8049,0,ecff0a00eeff000000003000fcff0c002c001c00eeffeeff02002200feff1e00,1200e4ffeaff0c00e2ff2e00eafffafff2ffb0fff8ff36001c00faffecfffcff,fcfffcfff6ff1400eeff1000f4ff14003600ccfffeffeeff00001000f6ff1600,200010000600e8ff1c001c000400240076a0566f022b96a0cc19322aa4aa601a
8050,8050,0,1a00fcff1000000020005c00fcff1c00faff0c000c00eeff02001200fefffeff,300012001c000c00e2fff2fffafffafff2ff04001600e8ffcafffaffdcffdcff,1e00fcfff6ff0400eeffeeff2400040018001800eefffeffeeff000016000600,68000000daff16002c00daff140014009019ce2a32aad019866feaab52a0926f
8051,8051,0,ecff0a00000010001000e2ffecfffcff0c00eaff1c00eeffe4fff4ffeefffeff,1200f4fffafffaffd4fff2fffaff0a00f2ff040006001600faffcaffecffdcff,fcffdcff220014000000000004001400faff18000c000c00200000000600f6ff,0000beff0600e8fffafffaff0400f4ff666f44ab46a0aa6e882c38a0a019802b
8052,8052,0,0a000a000000eefff2ff20001c00fcff0c00daffeeffeeff22002200defffeff,120022000c00eaff0000f2fffaffeafff2ff1400360006000c00faffecff1c00,fcffdcff1400f6ff10001000e4ff0400faffeaff0c00feffeeffeefff6fff6ff,eeff200016000600faff0c001400e4ffae2b36a0d019f22a88ab9c18a26f30ab
8053,8053,0,0a00fcffdeff00000000d2ff1c001c000c000c00eeffeeff02000200eeff0e00,12000200dafffaffe2fff2ffeafffaff2400e2ff360006000c000c00ecfffcff,0e000e000400e6ff000020000400e4fffaff1800fefffeffeeffeeff16000600,000010001600f8ff0c001c000400d4ff94ab9018ba6ee2aab49f766f402c12a0
8054,8054,0,2a002a000000defff2ff00002c000c002c00faffeeffeefff4ff0200fefffeff,0200f4ffeaff0c00f2ffd4ffeaff0a00d2ff1400e8ff0600eafffaff1c00bcff,0e001e0004000400eeffeeff14000400faff0800feffeeffdeffeeff16000600,10004800f8fff8ff1c00daffc4ff240036a0566f782e769f7c18682d00aca018
8055,8055,0,0a002a0010000000100000001c000c001c000c00eefffeff50005000ceffeeff,220012002c00faff20003e00faffeaff140004002600e8ff2c000c00fcfffcff,fcfffcff14001400eeffeefff4ff0400dafffaffeeffeeff1000defff6ff1600,20001000f8ff16000c00eaffc4ff040010183c2c70ab9018366f8aac929f726f
8056,8056,0,fcff0a00deff1000300000000c000c00daffcaffeefffefff4ff0200eeffdeff,020012001c00faffd4ff10000a000a000400f2ffe8ffe8ff0c000c001c00ccff,fcff0e00f6ff1400eeff00001400f4ffeafffaffeefffeffdeff0000f6ffd6ff,1000deffdaff5400eafffaff0400d4ff266f88ac469fca6e282d049fce17a62c
8057,8057,0,1a000a00000000000000e2ff0c00ecffaaff0c000c00eeff12000200feff0e00,02001200eaff0c0020002e000a00faff040004001600d8ffdaffeaffccffdcff,fcfffcff0400e6ff00001000140014000800eafffeff0c00eeff000026000600,100010001600f8ffeaff0c004400e4ff102d809fba17c82e0aadbc18526f00ac
8058,8058,0,0a00fcff1000eeffd2fff2ff0c001c001c001c000c000c001200f4ff0e00feff,120002000c00faff2e00d4ffeafffaff04000400c8fff8fffafffaffecffdcff,9cff1e0004001400eeffeeffd4fff4ffeafffaff0c00feffceff0000f6ff1600,ceff20004600dafffaff0c00e4ffe4ff2aad6a17ba6ef0ab149f666fa62d629f
8059,8059,0,1a000a0000001000100000001c00ecfffaff2c00eeffeeff22001200feff0e00,120012001c001c003e00f2ffeaff1a001400140036002600fafffafffcffdcff,1e000e00e6fff6ff1000eeff04000400faffeaff2a00feffdeff000006001600,00005800060006003e00fafff4ff0400f09e366ff62f089f9c16f82dc8acfe16
8060,8060,0,2a002a001000100000000000dcff1c00faffcaff1c00eeff220022000e00feff,22002200eaff0c00f2ffe2ff0a00fafff2ff040016001600faffeaff0c00ecff,dcfffcfff6ff040030001000d4ff0400daffeafffeff0c001000eefff6fff6ff,10000000caff46003e000c00e4fff4ff58163e2e10acba16466f6aaeca9e426f
8061,8061,0,1a000a0000002000f2fff2ff1c00fcff0c00faffdeff2c00020012000e00eeff,020002000c00fafff2ff2e00eaff0a0004001400e8fff8ffeaffbaffdcfffcff,fcffecfff6fff6ffeeff00002400f4fffaffdaff0c00feff00000000f6ff0600,1000deffe8fff8fffaffeaff54001400066f5aad6a9eca6ee82e349f36163a2e
8062,8062,0,0a002a0010000000e2fff2fffcfffcfffafffaffdefffefff4fff4fffeff0e00,220012000c000c00f2ff0000daff0a00e2fff2ff0600f8fffafffaff1c00fcff,0e000e00140004002000eeff0400140008000800eefffeff3000eeff1600f6ff,eeff000006000600daff2c004400d4ff082fa09e7a1626300aaedc14326f58ad
8063,8063,0,0a000a000000eefff2ff10000c001c00faff0c00eeffeeff1200e4fffeffeeff,120002000c000c002e003e000a001a00f2ff0400360016001c00eaff1c00ccff,8cff0e000400f6ff0000eeff0400f4ff460018001c00feff00000000f6ff0600,deff10001600e8fffaff1c00e4ffd4ffcaad4c159a6ef8acb49d266f402f8a9e
8064,8064,0,1a000a00eeff000010001000fcff1c00faff1c00e2fedeff020030002e00feff,120002000c003c0020002e000a000a0024000400f8ff06002c00eaff1c000c00,0e000e00040014001000000004000400ccffeaffe0ffeeffeeff000006001600,deff1000160016002c000c00e4ff1400409ef66efc30aa9ecc146c3008ae8615
8065,8065,0,0a00fcff0000eeff00000000fcfffcff0c00faffeeffe2fe300002003e00eeff,1200f4fffaff0c00e2ffe2ff0a001a00f2ff040006001600cafffaffecff0c00,1e00fcfff6ff14000000100034002400eaffdafffeffeeff2000000016000600,10000000e8ff16000c00eaff14001400bc141e3058ad6c15086f4aae0a9e226f
8066,8066,0,1a00fcff10000000f2ff0000fcfffcff0c00faffeeffeeffe4ffe4ff0e00ceff,220012003c000c00e2ffd4fffaffeaff0400140016000600fafffafffcff1c00,fcff2e00f6ff04001000000004001400faffeaff1c00feffdeff2000d6fff6ff,5800deff06001600eafffaff4400f4ffd66e06afba9d3a6edc30649d0e140030
8067,8067,0,2a000a001000eefff2fff2ff0c00fcffdaff0c000c000c000200f4fffeffeeff,d4ff1200eaffeaffe2ff2e00faffeafff2ffe2fff8ffe8fffaffeaff2c00ecff,fcff0e0014001400eeff1000e4fff4fffaffeaff0c00eeffeeff30000600f6ff,eeffdeff0600f8ffdaff0c00f4ffe4ff3e30b29d2c159c3168afdc13126f78ae
8068,8068,0,0a001a001000100000000000fcffecffdafffaffe2feeeff22000200feffeeff,1200f4ffeaffeaff10003e000a00fafff2ff0400d8fff8fffaffeaffecffdcff,dcff0e00140004000000eeff04001400faff0800fefffeff0000eeff0600f6ff,deff20004600dafffaff0c000400040066af50139a6ef6ad249dc86e60309a9d
8069,8069,0,fcfffcffeeffeeff100000001c00fcffcafffaffe2fef2fe0200e4ff2e00eeff,22000200eafffaff2e0010000a00faff0400f2ff06001600eaff0c00dcff0c00,2e002e001400f6ff100000002400040008002800eeffe0ffceffeeff16000600,10003000f8ffe8ff2c00faffd4ff2400229de66e20324a9dfa121c3110af9e13
8070,8070,0,1a000a0000001000000000000c00fcfffaff0c001c000c0012000200feff0e00,120012000c000c00e2ff2e00fafffaffe2fff2ff3600f8ff0c00eaffdcfffcff,fcff1e0014000400eeff00000400d4fffafffafffeffeeff0000300006000600,00001000baff46000c00daffd4ff24007012be3076aede13d86e3cb04a9de26e
8071,8071,0,0a001a0020000000f2fff2fffcff1c00faffdaffeeffeeff300012000e00deff,f4ff12001c000c003e00f2fffaff0a0024000400360006000c000c00fcffdcff,1e000e0014000400deff00000400040008003600eeffeeff2000eefff6ffe6ff,1000deff060006000c000c000400e4ff966e86af2a9d4a6ebc31049d92129a31
8072,8072,0,0a001a0000000000e2fff2fffcff0c00faff0c000c001c00d4ff0200eeff2e00,120012000c001c003e00e2ff0a00eaffd2fff2fff8ff3600faffeaff2c001c00,1e00ecffe6ff1400000020001400f4ffeafffaffeeffeeffeeff2000f6ff0600,000000003600e8ffeaff2c001400d4ff9e31129d7e1330336cb03611f26e20b0
8073,8073,0,ecfffcff00000000f2ff1000fcffdcff0c00faff0c00fefff4ff2200fefffeff,12001200faffeafff2ff20001a000a0004000400e8ff0600faffeaff3c000c00,dcff3e00f6fff6ff100000001400f4ff0800eaff1c00feff00000000f6fff6ff,deff10000600dafffaff1c00f4ff14007cb0c6114a6e64af049db86e2a32fa9c
8074,8074,0,0a001a000000eeffe2ff0000ecfffcfffafffaff2c000c00300012000e00feff,12001200eaff3c00c4ff4c000a00faff04001400460006000c000c000c000c00,ecfffcff14002200eeff0000040014003600daffeeff0c002000eefff6ff1600,eeff0000060006002c00daffe4ff0400b29c766ed0338a9c46117033b0b03212
8075,8075,0,0a002a00eeff10002000f2ff0c000c00faff0c00feff3c01020040000e00eeff,12000200fafffaff2e00e2ff0a00fafff2fff2ff060036002c00eaff0c00ecff,0e00fcff0400f6ffdeff0000240014000800fafffeff0c0020000000f6ff0600,30001000e8ff46001c00fafff4ff1400e610883284af9e12d86e2cb1829c806e
8076,8076,0,ecfffcff0000eeff2000f2fffcfffcfffafffaff1c001c00120040001e000e00,3000f4ffdaffdaffe2ff2e000a00faffe2ffe2ff3600d8fffaff0c00fcffccff,0e009cff1400e6ffeeff000004000400eaffccfffefffeff00001000f6ff0600,1000eefff8ff16000c00faff2400f4ff666efcb06a9c2a6e2033049ca211aa32
8077,8077,0,2a001a00000010001000f2fffcff0c00caff0c00feffdefff4ff0200feff0e00,12001200fafffaffd4ff2e005a000a00f2fff2ff160006002c003c00dcffdcff,0e000e0004000400deff000004002400faffeafffeff0c00ceffeeff1600e6ff,000010004600e8ffeaff1c00140004004833d09b5a1170342cb19610506e6ab1
8078,8078,0,1a002a002000eeffe2fff2ff0c00fcff0c00faff2c00feff02000200eeffeeff,020002001c001c000000f2ffeafffaff1400f2ffd8ff46000c00faffecfffcff,2e002e00040004001000000004000400eafffafffeffeeffeeff1000f6ff0600,000020005400f8fffaff1c000400f4ffacb176102a6e14b0729b386ef633129c
8079,8079,0,fcfffcff0000ceff00005c00fcffecfffaff0c001c001c00f4ff2200feffeeff,120012001c000c002000d4ffdafffafff2fff2ffd8ff26002c000c00bcffdcff,8cfffcfff6ff0400000000001400d4ffccffdaff0c000c000000eeffe6fff6ff,00001000f8ffe8ff3e00faff14000400309b566e3e35fc9b920f8033bab16810
8080,8080,0,fcfffcff0000000030002000fcfffcfffafffaffeeff0c0030000200feff2e00,1200f4ff0c00faff0000d4ff0a000a00f2ffe2ff06001600fafffaff2c00ecff,fcff0e001400040010001000140094ffdaffdaffe0ffeeff1000deff0600f6ff,2000eeffdaff16000c00eaff24002400300fb43412b1ea10386ea0b2129cf06d
8081,8081,0,fcffecffceff00001000e2ffdcfffcffdaff1c002c00eeff1200e4ffdeffeeff,120002000c000c003e00f2ff0a00faff0400f2fff8fff8ff0c00faffdcfffcff,0e000e0014001400ceff10001400140008000800feffeeffdeffeeff26001600,3000defff8ff0600dafffaff24002400566e56b28c9bba6d3235229ba80fde34
8082,8082,0,0a00fcffdeff0000f2ff2000fcff0c00eafffaff1c001c000200f4ffdefffeff,12002200eaff3c00f2ffd4ffeaff0a001400140046001600fafffafffcfffcff,0e001e001400140000000000f4ff0400180018000c00feff0000eeff16001600,100010004600daffdaff1c000400f4ff2635409b3410ce35c0b2120e106e6ab2
8083,8083,0,fcfffcff10001000f2fff2fffcffdcffcaffdaff1c001c00f4ff22000e000e00,f4ff02000c00faff2e0000000a000a00d2ff1400060006002c000c00ccffdcff,ecff0e0004000400eeffeeff0400f4fffafffafffeff0c00000030000600f6ff,ceff00000600caff0c002c0014000400d6b26e0e8a6db2b1e29a686e3e35f09a
8084,8084,0,1a000a000000eefff2ffe2ffecfffcfffafffafffefffeffe4ffd4ffdeffeeff,120012000c00faffd4ff2000eaff0a000400f2fff8ffd8ff0c002c000c001c00,0e00fcff0400f6ffdeff000014001400faffeafffeffe0ffeeff10001600f6ff,00002000f8ffdaff0c000c00f4ff1400a09aba6d6c360c9bf20dc23616b3e80e
8085,8085,0,0a002a00000000001000f2fffcff1c000c000c000c00e2fe0200d4ff2e000e00,12001200faff1c00e2ff0000faff0a001400040006003600eafffaffccff1c00,dcff0e00f6ff0400eeffeeff240024000800ccfffefffeff0000eeff26001600,30000000daff06001c00eaff240024003e0ec635e0b1340f386e20b3c09ad06d
8086,8086,0,fcfffcff0000eefff2fff2ff1c000c001c00eaff2c002c00020002000e00feff,f4ff12000c00faff0000e2fffaff0a00140014000600e8ffeaff0c00fcffccff,0e000e00040014000000200014001400dafffaff0c001c0020002000f6ff0600,0000ceffcaff1600eafffaffe4fff4ff266e06b3fc9aca6d5236329ae20d2e36
8087,8087,0,0a00dcff10001000f2ff10000c00fcffdafffaff1c000c00120012003e00feff,f4ff1200faff0c00e2ffe2ffeaff5a002400e2ffe8ff3600eafffaffdcffdcff,1e00fcff140004001000eeffd4fff4ff0800eaffd0fffeffeeff20000600f6ff,000010004600f8ffeaff0c00f4ffd4ff9236509ab40e7c3752b4520d906d96b3
8088,8088,0,fcfffcff000010002000f2ffccff0c000c00faffceff1c00120002002e002e00,020012000c00eafff2ffe2ff0a000a0004003600160006001c00faffdcffecff,fcff0e00f6fff6ffeeffdeff0400f4fffafffaff0c00eeff0000000006000600,eeff3000f8ffcafffaff2c00f4ff1400a6b3520d046d6eb4629ae86dae36709a
8089,8089,0,0a00fcff00000000100020001c00fcffdaffdafffeffdefff4ffc6ffeefffeff,f4ff12001c003c00f2ff2e00fafffaff14003600260006000c00fafffcff2c00,fcff2e0004001400eeffeeff0400140008001800fefffeff0000eeff06000600,00001000dafff8ff1c000c00c4ff4400309aaa6db238cc9a520c023746b4a00c
8090,8090,0,2a001a002000eeff2000f2fffcff1c00faff1c00eefffefff4ffd4ffeeffeeff,e4ff12000c00eaff2e00e2ff0a000a00040004000600d8ff0c00caffccffecff,fcffdcff04000400000010001400f4ff08001800feffeeff3000eefff6ff0600,10000000acff54002c00b8ff240024000e0c32376eb5260e466d12b5e099906d
8091,8091,0,fcff2a0000001000f2fff2ff1c00fcffeafffaff1c000c001200f4ffdefffeff,f4fff4fffaff1c0010002e00faff0a000400f2fff8ff2600faffaaff0c00ecff,fcfffcff040014001000eeff04000400180008001c000c001000eefff6ffe6ff,eeffeeffdaff16001c00eaff1400f4ff3a6d94b4dc9ac46c46387e99a80b9637
8092,8092,0,fcff0a0000001000f2ff00001c00fcfffaff0c00eeff2c00020002002e003e00,d4ff02000c000c00200010001a00faff0400f2ff1600e8fffaff0c000c00fcff,0e001e00040032000000eefff4ffd4fffafffaff0c00eeff000020002600d6ff,eeff100046000600eaff1c003400d4ff38387699e80ae23872b5d20a606d1eb5
8093,8093,0,ecff740000001000d2ff1000fcfffcfffaff0c00feffeeff0200f4ff0e00eeff,f4fff4ff1c00fafff2ffd4fffafffaffe2ff1400f8ff1600eaff0c00fcffecff,1e002e0014000400deff00000400f4ffdaff08001c00feff0000eeff16000600,deff58001600dafffaff3e00e4ffe4ff74b54e0bb46c3eb6be99766d7838a099
8094,8094,0,fcff0a000000eefff2ffe2fffcfffcfffafffaff0c001c00f4ffe4fffefffeff,02001200faff0c00f2ff0000faff0a001400f2ff26001600faff0c00dcfffcff,0e001e00f6ff1400eeffeefff4ff04000800eafffefffeffdeffeeffe6fff6ff,00002000daff06001c001c00b4ff340036993a6df839e6999e098639aeb5080b
8095,8095,0,fcfffcff10001000f2ff2000fcff1c00faffeafffeffeeff1200c6fffeffdeff,120012000c001c000000e2fffaff0a0014001400060016000c001c00fcffdcff,fcfffcff0400f6ff1000000004000400faff0800feff0c000000deff06001600,1000deffbaff06001c00c8ff140004003e0a18393ab7b209466dc2b54099106d
8096,8096,0,3a00fcff10000000f2ff0000fcffecfffafffaffeeff0c0030000200deff0e00,12001200fafffaff2e0000001a000a000400040026004600faffeaffecff0c00,2e00fcfff6fff6ff20001000e4ff0400faffdafffeffeeff0000eefff6fff6ff,1000defff8fff8ff3e002c00140024001a6d50b67e99766c6639be980c0ad838
8097,8097,0,fcff2a0000001000d2ff0000ecff0c00daff1c000c00eeff0200c6fffeff2e00,12001200faffdaff0000e2ff0a000a001400d2ff260016000c000c00ecffacff,9cff2e00e6ff040010001000f4ff1400eaff2800eeffe0ff0000eeff0600e6ff,10002000f8ffdaffdaff1c001400e4ff7839f698b208383ab2b6420a306d2eb6
8098,8098,0,fcfffcffeeffeeff1000f2ff0c00fcff2c00faff0c00feffe4ff12002e000e00,120030000c00faff0000f2ff0a00eaffe2ffe2fff8ff2600faff0c00ccffdcff,0e001e0004001400eeff200004001400dafffaff0c00feff2000defff6fff6ff,deff2000f8ffdaff0c002c00f4ffe4fff0b68409946cbab77e98f66cc8391099
8099,8099,0,0a00ecff0000eeffe2ff2000fcff0c00faff0c000c001c00e4fff4ff2e00feff,1200f4ff0c00eafff2ff2e000a00faffe2ffe2ff360036002c002c00ccffccff,0e000e00f6ff04000000cefff4fff4ffccfffaff1c00feffeeffeeffe6ff1600,00000000f8fff8ff1c00faffc4ff1400a698ea6c063b7e996e08863916b76c09
8100,8100,0,1a000a00eeffeeff10000000fcff1c001c00caffeefffefff4ff0200feff0e00,120022001c00faff3e001000faffeaff0400040016004600caff1c00ecff1c00,ecfffcfff6fff6ffeeff00002400f4ff4600bcff0c00feffeeff10000600f6ff,20000000daff54001c00daffe4ff04001409423afab70208366d28b8b098b06c
8101,8101,0,1a000a00eeff10001000f2ff0c00fcff1c00faff0c00e2fe02001200eeff0e00,1200f4fffaff0c00d4ff2e00faff5a00040004003600f8ff2c000c000c00dcff,fcff1e001400140010001000040004000800ccff0c001c000000deff1600e6ff,2000eefff8ff06000c00faff24000400ca6c80b7c098366cca3a7e981208383a
8102,8102,0,1a001a00100000001000f2ff1c00fcffdaffcafffeff0c010200f4ff0e00deff,e4fff4fffaff1c00e2ff00000a00faffd2ff0400360016001c000c00ecffecff,fcff1e0004001400eeff00001400d4ffdaffeafffeff1c00eeffeeff0600f6ff,100010000600dafffaff1c000400d4ff123b56989207963b84b71a07906c86b7
8103,8103,0,0a00fcff10000000f2ff10001c000c00faffdaff0c00feffe4ffe4ffeeffeeff,f4ffe4ff0c00faff0000f2ffeaff0a00f2fff2ff16002600cafffaffccff1c00,0e000e00f6fff6ffeeff0000f4ff0400faff08000c00feffdeffeefff6ff1600,deff30001600caff2c003e002400d4ff66b8ae07366c9ab8ba97c66c9a3b3e98
8104,8104,0,0a00fcffdeff0000f2ff0000fcff0c00faffdaffeefffefff4ff02000e000e00,e4fff4ffeaff0c00e2ff2e00fafffaff2400c0ff2600f8ffdafffaffdcffdcff,0e001e00140014001000eeff04000400ccffccffeeff0c0000002000f6ff0600,200010000600e8ff0c00eaffd4ff140036986a6cc63c8098ba062c3c16b89207
8105,8105,0,1a002a00eeff10000000f2ff0c001c000c00eaff0c002c00e4ffe4fffeffeeff,f4ff2200faff0c000000f2ff0a000a00f2ff140006005400faffeaff0c00dcff,ecff1e00f6ff04000000000014002400dafffaff0c00e0ffeeffcefff6fff6ff,00000000f8fff8ff1c00c8ffe4ff24001407103c5ab98206766c78b8ee97806c
8106,8106,0,fcff1a00000020002000e2ff1c002c00eaff0c000c000c000200e4ffeefffeff,0200f4fffaffeaff000000000a000a0014000400460006000c00eaffdcff0c00,0e002e00140014000000100034000400daffdafffefffeff1000cefff6fff6ff,3000eeff16000600fafffaffe4fff4ff8a6cf6b88098a66b9c3c7a9780061a3c
8107,8107,0,fcfffcff00002000100000001c001c000c000c001c000c00f4ffe4ff2e00eeff,1200e4ff1c001c004c00f2fffafffafff2fff2fff8ff2600eaff0c00dcffdcff,1e00fcfff6ff1400eeff00000400d4ffeafffafffefffeff0000eeff0600f6ff,eeffeeff16000600faff1c001400e4ffd63cb0977605263d18b9aa06286cc8b8
8108,8108,0,1a00fcff00000000f2ff00000c000c000c00faff1c00feff3000d4ffeeff2e00,02001200fafffaff4c00e2ff0a00faff1400f2ff2600f8ff0c00eaffbcff0c00,2e002e000400e6ff1000eefff4ff0400acffeafffeffe0ffceff10000600f6ff,beff1000f8ffe8ff0c003e00f4fff4ff56b95805866be8b99a97766c123dde97
8109,8109,0,fcfffcff0000eefff2ff0000fcfffcff0c001c00eeff0c0002001200eefffeff,02002200faff1c00d4ff2000fafffafff2ffe2ffe8ff26003c002c000c00dcff,0e002e0004000400eeffeeff040004002800eaff0c00feffdeffeeffe6fff6ff,deff2000daffcaff3e00faffd4ffd4ff8097786b863df0975c058c3c98b99005
8110,8110,0,0a000a0010002000f2ffe2ff1c000c00faff0c003c002c001200f4fffeff0e00,e4ff02001c00faffe2ffe2ff1a00eaff1400d2ffe8ff16000c00faff9cffccff,0e00fcff04000400eeffeeff04001400daffeaff0c00eeffdeffdeffe6ffd6ff,1000eeffdaff24001c00c8fff4ff2400d804b63d16bb7604566cacba9e97d86b
8111,8111,0,fcff2a0010000000f2ffe2ffdcff1c00faff0c001c00ceff220012000e000e00,2200e4ff0c001c0010003e00eaff0a0004001400d8ff06000c000c000c00dcff,dcff1e0014001400eeffeeff0400f4ffacffccfffeff0c000000eeff16000600,1000defff8ff06001c000c00f4ff0400686b30baa097366b5c3e9a97c004723d
8112,8112,0,fcfffcffdeffeefff2fff2ff2c000c00faff1c00deff2c000200f4ff1e002e00,020022000c001c000000d4fffaff0a00140004003600e8fffaff0c00dcffccff,1e000e00f6ff0400eeffeeff04000400bcffdafffeff0c00eeffeeff0600f6ff,0000eeff2400e8ffeaff2c00f4ffd4ff423e3097a603323efcba3a03c86b58ba
8113,8113,0,0a00fcff0000eefff2ff00001c001c00daffeaff0c00eeff2200e4ff2e002e00,e4ff02000c000c00f2ffe2ff0a001a000400f2ff060016000c00eaffdcffecff,0e001e001400e6ffbcffeefff4fff4ffccffdaff1c000c00ceffdeffe6fff6ff,000030004600bafffaff3e00d4ffd4ffc0ba7203d66a66bbda96366c323e4e97
8114,8114,0,fcfffcff00001000000010000c00fcfffafffaff0c002c003000d4ff1e00feff,120012000c00faffe2fff2ffeafffafff2ff1400160016001c00faffecffccff,0e00fcff0400140000001000f4ff2400daffccff0c00feff0000eefff6fff6ff,eeff20000600e8ff1c00faffc4fff4ff2097186bf23e70973a031c3fc8bad004
8115,8115,0,fcfffcff0000defff2ff1000fcfffcfffafffaffeeffdeffe4ffe4ff0e000e00,020002000c000c00f2ffe2ffeafffaff24000400e8ffe8ffeaff0c00ecffdcff,fcff0e001400f6ffeeff0000e4ff0400daffeaffeefffeff00000000f6ff1600,0000eeffdaff16003e000c00f4ffe4fff202f23ee6bb1603266c1cbb8696786b
8116,8116,0,1a00dcffeeff0000f2ff2000fcff0c00faff1c000c000c000200e4ffeeff0e00,020002000c00faff2e003e00eaff0a00f2ff0400060026000c001c00ecfffcff,0e00fcfff6ffe6ff1000200004001400daffdaffeeff0c00deffdeff16001600,eeffdefff8ff16000c00faff0400e4fff86a60bb1097066b0c3fba961803ea3e
8117,8117,0,0a00fcff000010001000f2fffcfffcfffaff0c00eeff1c00f4ff0200fefffeff,12002200faff0c00f2ffd4fffaff0a00f2ff240036003600eafffaffecffdcff,2e00fcff2200f6ff00001000e4ff0400dafffaffeefffeff0000000016000600,1000eeff1600f8ffeaff2c001400b4ff823fb0965802823f0ebc3a03886b48bb
8118,8118,0,1a000a00deff0000e2ff0000fcfffcff1c00fafffeffeeff02000200feff2e00,f4fff4ff1c00eaff2e00f2fffafffafff2ffb0fff8ff0600caffcaffecffecff,dcff1e00140014000000000014000400daff3600feffeeff00001000f6ff0600,eeff10001600caff1c001c00d4ffe4ffe0bb3202966a94bc6a96b66b9a3f7696
8119,8119,0,dcff0a00eeffceff00000000fcff1c00faffdaffe2feeeffe4ff02004e000e00,f4fff4ff0c002c0020002000faff0a00f2ffe2ff1600f8ff1c000c00acffecff,fcfffcff140014001000eeff14001400ccffeafffeffeeffeeff100006000600,00001000f8ff06002c001c00040024006e96c86aa040209746019c3f6abcfc01
8120,8120,0,2a001a00eeff1000000020000c000c00caff0c001c000c000200f4ff0e002e00,e4ff0200faff2c003e00f2ff1a000a00f2ff040026003600faff0c000c00dcff,fcfffcfff6fff6ffeeff000024000400dafffafffeffeeffeeffdeff0600e6ff,1000eeffbaff06001c00faff040014000801484074bd2201c66b2ebd5696186b
8121,8121,0,0a00fcff200020001000e2fffcfffcff1c00caff0c00eeff120002001e003e00,02001200faffeaffe2ffd4ff0a001a000400040006000600faffeafffcfffcff,0e00ecff22001400deffeeff04001400eaff08000c001c00eeffeeffe6ff0600,30000000f8ff1600eaff0c000400f4ff886a04bda296166aa0406a96ac011a40
8122,8122,0,0a00fcff00000000f2fff2ff0c00dcff0c00caff0c00eeff120002002e001e00,12001200faff0c0000000000eafffaff0400f2ff260036000c001c00dcffdcff,0e00fcff1400040020000000d4fff4ffdaffdaffe0fffeff000000002600f6ff,0000000016000600faff0c00e4ffb4ffd8405e967c00b0403ebd9600e86a32bd
8123,8123,0,2a000a00eeff000000000000fcff2c00cafffafffeff2c01120012003e000e00,f4ffe4ff1c00faffe2fff2fffaffeafff2ff0400160026000c001c00ecfffcff,fcfffcfff6ff1400eeff100014000400faffeafffeffeeff00002000f6fff6ff,eeff00000600f8ff0c001c00f4ffe4ff74bd7800966af4bd8a95966b1c410696
8124,8124,0,fcfffcffeeffceff000020001c000c000c00faffdeff0c00d4ffd4ffeeff2e00,f4ff1200faff1c00f2fff2fffaff0a002400f2ff360006000c00faffdcffecff,fcff0e000400f6ff00000000f4ff0400fafffaffeefffeff0000deffe6ff0600,00001000cafff8ff0c000c0004001400d295586a7e4154963600b04112be2a00
8125,8125,0,1a002a00eeff0000100010000c000c000c00fafffeff1c00f4ff30001e00eeff,020002001c000c00d4ff2e00faff0a000400f2ffe8ff0600eaff2c000c00dcff,fcff1e0004001400eeffeeffe4ff0400faff08000c000c00deffeeff0600e6ff,30001000dafff8fffaffc8ffc4ff140008006841b2bef6ff866b2ebdd6958c6a
8126,8126,0,0a002a00eeff1000f2ffe2ffecfffcffeaff0c000c000c0002002200defffeff,d4ff02001c00fafff2ff4c000a00faff0400f2ff36003600faffdaffecffdcff,1e00dcff04000400eeffacfff4ff0400eaffeaffeefffeff30000000f6ff0600,2000defff8ff1600fafffafff4ffe4ff186ac0be3496d66964421a953aff1c42
8127,8127,0,fcff0a00eeff0000f2ff20000c001c00fafffaff1c001c00e4fff4fffeff2e00,f4ff1200caff0c00d4ff00001a00faffe2ff040026001600fafffaffecff0c00,fcff0e0004000400deff000004001400daffccfffeffeeffeeff000006000600,deff10001600f8ffeaff2c000400c4ff2242829526ff8442cebd90ff3c6ae2bd
8128,8128,0,fcfffcff0000000020002000ecff0c001c000c001c002c000200f4ff0e00ceff,f4ff12000c00faff3e00e2ff1a000a00f2ff040006002600eaff0c00ccff0c00,0e001e0004000400eeff000004000400eaffccff0c000c00eeff000016001600,eeff10004600caffdafffaff0400240010bf00ff5269d2be2a95d2695c42a695
8129,8129,0,fcffecffeeff0000f2fff2fffcffecfffaffcaff0c00eeff0200f4ffeeff1e00,1200f4ff0c002c00d4fff2ffdafffaff040004003600d8ff1c000c00fcfffcff,0e000e00f6fff6ffeeffeefff4ff1400dafffaff0c00e0ff0000deffe6fff6ff,eeff58001600e8ff0c00eaffd4ff04007295ae692443c49590fe64428abfb2fe
8130,8130,0,2a000a0000000000f2fff2ffdcfffcffeaffeaff0c001c0022001200feff2e00,0200f4ffdaff0c003e00f2ff0a001a00f2fff2ff360026002c001c00fcff1c00,0e00dcfff6ff14000000eeff04002400fafffaffe0ff0c00deff2000f6ffe6ff,1000eefff8ff16002c00eafff4ff240020fe0243c0bf66feb26922c05695bc69
8131,8131,0,fcff1a00100000001000f2fffcfffcffdafffaff0c001c00f4ff30002e00deff,0200e4ff0c001c0020002e00eaff0a00f2ffe2ff06003600fafffaffdcffecff,dcffecfff6ff04002000000004000400ccffeaffeefffeffeeff000016002600,1000deffe8fff8fffaff1c001400f4ff3c69c6bfa495526964431a95e2fd1843
8132,8132,0,2a00fcff10000000f2ff2000fcffecfffafffaffe2feeeffd4fff4ff2e000e00,12001200fafffaffe2ffe2ffeaffeaff2400f2ff160046000c00caffbcfffcff,0e001e00d8fff6ffeeffeeff0400f4fffafffaff0c00feffceff00000600f6ff,1000defff8ffcaffeaff1c002400c4ff32432295c8fd82435ebfd0fdcc69cabf
8133,8133,0,fcff0a00eeff000000000000ecff0c00dafffaffdeff2c0012000200eeffeeff,02001200faff1c002e00f2ff0a000a00e2fff2ff16003600faffeaffbcffecff,1e002e0014002200deffeefff4ff1400daff08001c000c00eeff00000600f6ff,deff30001600e8fffaff0c00e4ffe4ffa6c084fd3269a0c09a94b26948431695
8134,8134,0,fcffecffeeff10002000f2ffecffecffdaffdafffeffeefff4ff12000e000e00,120002000c001c00f2ffe2ff0a00eaff1400e2ff060036000c000c00ccffecff,0e002e00f6ff1400eeff0000f4fff4fffaff08001c000c0010002000e6ff0600,eeff2000f8fff8ff1c00faffe4fff4ff56940c697244a495b0fcc6449cc022fd
8135,8135,0,fcfffcffceff000030001000fcff0c00fafffaffeefffeff12003000deffeeff,12001200eafffaffe2ff2e00eafffaffe2fff2ff160036002c00eaffbcfffcff,2e003e00f6fff6ffdeff10000400f4ffeaffeaff0c000c0030000000f6ff0600,1000eeffdaff16002c00eaff04001400b4fcc24330c128fd6269e2c0d6947c69
8136,8136,0,fcff0a000000000010000000ecfffcff1c00faffe2fedeff120002001e000e00,22000200faffeaffe2ff2e001a00faff240024003600e8ff0c00faffccff0c00,0e001e00f6fff6ffeeff0000f4fff4fffaffeaff0c00feff1000eeff16000600,3000deff060016001c00faff2400f4ffec68f6c05495d268b6444a943afce044
8137,8137,0,0a00fcffeeff10000000d2ff0c000c00faffdaffe2fe2c00120040000e000e00,f4ff22000c000c00d4fff2ff0a00eaff2400360006003600faff1c00ccffecff,fcff1e00e6fff6ff0000000004001400daff3600feff0c000000eefff6ff0600,0000eeff1600f8ffdaff1c00e4ff04000a452694eafbf24442c130fc4c69fcc0
8138,8138,0,fcff0a00eeff1000e2ffe2fffcfffcffdaffbaffceffeeff40001200deff0e00,e4ff12000c00faff10000000faff0a001400040036002600eaff0c00fcffacff,fcfffcff040004000000200004000400dafffaff0c00feff20002000d6ff1600,ceff30001600f8fffaff0c001400f4ffb6c1f2fae268a0c15a94226930459e94
8139,8139,0,1a002a00eeffdefff2ff1000ecff0c000c00fafffefffeff2200d4ff0e00eeff,12000200fafffaffe2ff2e00faffeaff04001400360036000c001c00fcffdcff,fcff1e00f6fff6ff0000100014001400bcffeaffeeff0c0000000000f6ffe6ff,deff2000f8ff16002c00faff04001400d693dc68c24504953efb06453cc2bafb
8140,8140,0,1a000a00eeff00001000e2ff1c000c00faff1c00eeff0c0002001200feffeeff,22001200faffdaff0000f2fffaff0a0024000400f8ff06000c00faffdcffbcff,2e000e00220014000000100004000400daffdafffefffeffeeffdefff6fff6ff,10000000caff1600faffdaffe4ff040042fa16467ec22afbb268b6c23e94a268
8141,8141,0,fcfffcff00002000f2fff2ffecff0c00fafffaff4c000c00020022000e000e00,30000200eafffafff2ff2000fafffaffe2fff2ffe8fff8ff0c00faffecfffcff,0e00fcfff6ff1400eeffdeff1400f4ffdafffaff0c00feff10001000e6ff0600,1000eeffdaff1600fafffaffd4ff24006c6880c2b494926896451a94a8faf045
8142,8142,0,fcfffcff00000000f2fff2ff0c00fcffbaff0c001c002c0002000200eeff0e00,e4ff1200faff0c00f2ffd4fffaffeafff2ff0400160036000c00faffacffecff,0e00dcfff6fff6ffeeffeefff4fff4ff2800eaffeeff0c001000eeff0600f6ff,deffeefff8fff8fffaff2c00f4ffe4ff7646b6939afa304642c3faf872688cc2
8143,8143,0,2a00ecff00000000f2ff00000c000c00faffdaff2c001c00300030000e001e00,12000200faffeafff2fff2ffeafffaff0400f2ff060016000c002c000c000c00,0e00dcfff6ff0400deff10000400f4ffeaffeafffeffe0ffeeffeeff16001600,ceff1000f8ffcaffeaff3e000400e4ff40c398f9ec674ec3da93a26860460e94
8144,8144,0,0a002a001000deffe2ff10000c000c000c000c00eeff0c00020012001e000e00,120030000c001c00e2fff2fffaff1a00140004000600f8ffeaffeaffdcffecff,ecff1e0004000400deffdeff140004002800eaff0c00eeffdeff000006000600,eeff6800daffe8fffaff0c00c4ff440096933c68be46b494eaf8e44668c368f9
8145,8145,0,fcff0a00eeff0000f2ff0000fcfffcff0c00faffeeff2c00300030000e00feff,12001200eaff0c0000000000eafffafff2ff140036005400fafffafffcffecff,ecff0e00040014001000000014001400eaffeaff0c00eeff1000eefff6ff0600,00001000caff16003e00b8ff0400040066f85647f2c3a6f9326804c4de934268
8146,8146,0,fcffdcff10000000f2ff00001c000c00faffdaffcefffeff120012000e001e00,f4ff0200faff0c00e2ff2e00faffeaff0400f2ffd8ff36000c000c00ecffdcff,9cffecfff6ff04001000000004000400faffdafffeff1c0020000000f6ffe6ff,1000cefff8ff16001c001c000400f4ff1c68c2c3949400687447089388f85247
8147,8147,0,fcffecff1000eefff2ff20002c003c001c00daff1c00feff3000f4ff2e00feff,12002200daffeafff2fff2fffaff0a001400f2fff8ffd8ff0c00fafffcffdcff,fcff0e00f6ffe6ffdeff00003400f4ffeaffeaffd0ffe0ffdeffeefff6fff6ff,10000000dafff8ffdaff1c001400b4ffcc475693c6f83e4700c5baf8d267e8c3
8148,8148,0,0a000a00100010000000f2ffecffecfffafffaffc2fefeff02001200feff3e00,020012000c00fafff2fff2fffaff0a001400e2fff8ff06000c000c00ecff0c00,0e000e0004001400deffeefff4ff0400fafffaff1c000c00deff00000600f6ff,eeff0000f8ffcaffeaff3e003400040050c406f85067b2c468938e6702488e93
8149,8149,0,fcfffcff0000eeff10002000fcfffcfffaff1c00eefffeff020012000e001e00,1200e4ff0c00fafff2fff2ffeaff0a000400d2fff8ff0600faff0c00ecfffcff,ecff0e00220014000000eefff4ff0400ccffdaff0c001c00eeff000006000600,deff58000600f8ff1c00eaffe4fff4ff5693cc670e48549436f7284830c5c6f7
8150,8150,0,fcfffcff00000000100010000c00ecff0c00caffeeffeeff300030000e00feff,1200f4fffaff0c000000d4ff0a00eaff04000400360016000c00eafffcffacff,fcfffcff040004001000000004000400eaffdafffeff0c0020001000f6fff6ff,10000000e8ff46003e00eaff0400d4ff30f74c4890c53ef74e6760c60293a267
8151,8151,0,1a001a00deff0000200010000c00fcff0c00faff0c000c00f4ff12000e00eeff,02000200eafffaffe2ff0000faff0a002400f2ff160054002c001c00dcff1c00,1e000e00e6fff6ffeeff1000f4ff0400eaffccffeeffeeff0000000016001600,2000eefff8ff16000c000c00040014001667e0c5f493e066a848289326f7a248
8152,8152,0,1a00fcffeeff1000d2ff20001c00ecfffaff1c00eeff4c00d4ff22001e00feff,f4ff2200fafffaff0000e2fffaffeaff14000400160026000c000c00dcfffcff,1e00dcff0400f6ffdeff0000140004002800ccff0c00eeffeeff100006000600,000010000600f8ff0c001c000400f4ffbc48169310f7ce4870c646f67267e0c5
8153,8153,0,1a000a00200000000000e2ff0c001c00daffcaff2c000c00f4ff4000feffeeff,f4ff2200faff3c003e00e2fffafffafff2ff1400160006001c000c00dcffdcff,0e002e000400f6ff1000bcfff4fff4fffaff4600feff0c00deffeefff6ffd6ff,eeff10004600f8ff1c000c00040004008cc640f6e066a0c5d8920e670c493e93
8154,8154,0,0a002a000000eeff000030001c000c00faff1c00feffeefff4ff1200feff1e00,2200f4ffeafffafff2ffe2ffdaffeaff24002400f8ff16000c000c00fcffdcff,fcff2e002200f6ff20000000e4ffd4ffccffeaffe0fffeffeeffeefff6ff0600,deff1000f8ffe8ff3e00eaffd4fff4ffd692e666d449b49326f61e4a50c6cef5
8155,8155,0,0a00dcff00000000000020001c001c001c00faffeeffeeff1200f4fffeff3e00,0200f4fffaff1c00f2ff3e000a00faff140014001600e8ffeaff0c00ecfffcff,1e000e00f6fff6ffeeffdeff240024002800eaffe0ffeeff00000000f6ff1600,20000000bafff8ff2c00faff0400540030f68c4940c602f6ee6690c61e931267
8156,8156,0,1a001a0000000000e2ffe2ff1c00ecff0c002c00feff2c0040001200eeff0e00,02001200eaff0c002e00f2ff1a000a001400f2ffc8fff8ff1c000c00ecff0c00,4e000e00140004000000eeff0400240008002800feff0c001000ceffd6ff0600,0000eefff8ff1600eafffaff1400f4ffb6664cc7a49352667a49f892cef5ac49
8157,8157,0,2a000a0010000000e2ffd2fffcfffcfffaff1c002c002c0012001200eefffeff,020030001c000c000000f2ff0a000a00e2ff040016000600faffeaffecffccff,fcff1e00f6ff1400eeff200024000400faff08000c000c00deffdeff1600e6ff,0000eeff54000600c8fffaff040084ff864a969242f5e449a0c7d6f5d26618c7
8158,8158,0,fcff1a00100010000000e2fffcfffcffdafffaffceffdeff300030000e000e00,e4ff12000c00faff2e003e00fafffafff2ff0400e8ff06002c002c00dcffdcff,0e00ecfff6fff6ffeeffeeff14000400faffdafffefffeffeeff2000f6fff6ff,eeff20001600dafffaff2c00140024006cc714f532668ec788927e665a4ac292
8159,8159,0,0a000a000000eeff000020001c00fcff1c000c00ceffceff020012002e002e00,120012000c000c000000f2ffeafffaff04000400060016000c000c00dcff0c00,3e000e00f6ffe6ff00000000f4ff2400fafffaff0c00feffdeffdeff16001600,00001000daffdaff2c00faffe4ff140056926666244a8493e6f31e4a32c8aef4
8160,8160,0,0a00fcff1000100010003000ccff0c00fafffaff2c00eeff1200d4ff2e003e00,120022000c00dafff2ffc4ff0a00faff04000400160016000c00eafffcfffcff,2e002e00f6fff6ffeeffdeff04001400ccffeaff2a001c000000ceff16000600,20000000f8ff16001c00eaff0400240048f3b64afec7c2f45e6694c8c292a266
8161,8161,0,fcff1a0000001000f2ffe2ffccffdcfffaffeaff0c001c00e4ff02000e000e00,f4ff02000c001c00f2ff2e00faffdaffd2ff0400360006001c000c00ecffdcff,fcffecff0400f6ff0000deffd4fff4ff0800dafffeff0c00deffeefff6ff0600,2000eeff060006000c00faff14002400ba65a2c8a49374653e4b6892c6f37e4b
8162,8162,0,fcfffcff00000000f2ff2000ecfffcfffaffdaffceffeeff0200e4ffdeffeeff,020012000c000c00f2ffe2ff0a000a00f2ffd2ff3600aaff1c000c00fcffecff,0e000e00e6fff6ffeeff100004000400eaff0800d0fffeff0000deff0600e6ff,10000000f8fff8ffeaff2c0004000400c84bfc9104f4b44a44c9f4f2e065b2c8
8163,8163,0,fcfffcffeeffeeff1000f2ff1c00dcff2c00daffeeff0c00c6ff02000e00eeff,220022000c001c00e2ff4c000a001a00e2ffe2ff4600b8fffaff3c00ecffecff,fcff2e000400f6ffdeffdeff14001400eaff1800eeffeeffeeffdeff0600f6ff,eeff20000600caffeaff2c000400140082c988f24465bcc858926e66ee4b8292
8164,8164,0,1a003a00eeff000000000000fcff1c000c000c00feffceffe4ffd4ffceff0e00,220012000c00fafff2ff0000faff4a00f2ff0400f8ffe8fffaffeaffecfffcff,2e002e00220004001000000004000400faff36000c00feff0000eeff16000600,eeff10000600daffeaff0c00f4ff140046926a65944bf692b4f29e4cacc9caf2
8165,8165,0,ecfffcffeeff2000f2ffe2fffcffecff1c00faffeeffeeff0200f4ff1e000e00,1200f4ffeaff1c00e2ff3e00fafffaffd2fff2ff160036000c000c00fcfffcff,dcff0e00f6ff140042001000f4ff0400daffdafffeff0c002000eefff6ff1600,1000eeffdaff24002c00faffd4ff04008ef1ec4c7cc9def07e6564c952925065
8166,8166,0,ecffecffeeffeeffe2fff2ffecfffcfffafffafffeffeeff12000200cefffeff,0200e4fffaffeafff2ff2e001a000a00e2fff2ff2600f8ff0c003c000c009cff,0e00dcfff6ff04002000100014000400faffdafffefffeff100000000600f6ff,2000deffdaff06000c000c00440004007a65d2c906934465ee4cb291f4f12e4c
8167,8167,0,0a00fcff1000eeff00000000fcfffcff1c000c000c000c00f4ffe4fffeff0e00,020040000c00eaffe2fff2fffaff2a001400d2ff060016000c00cafffcffecff,fcff2e00e6fff6ff0000000014001400faffdaffeefffeffdeffeeff16001600,0000eeff06000600daff2c002400e4ff1c4dcc91a4f2e44b98ca74f210654cca
8168,8168,0,0a00fcffeeffeefff2ff1000fcfffcff0c000c002c011c001200d4ffceff0e00,120012000c00eafff2ffe2fffaff0a00040004002600d8ff0c00daffccfffcff,0e000e0014002200000010001400e4ffdaff0800fefffeffceffeeffe6ff0600,eeff30001600caffdaff1c00f4ff0400acca0ef1c4649cca3692a064064d3292
8169,8169,0,ecff1a000000deff10001000ecff0c00cafffaff1c002c0002001200eeffdeff,2200f4ff0c001c0020002e00eaff0a00f2fff2fff8ffe8ff1c00eaffecffdcff,fcff0e0014000400deff2000f4ff04002800daff0c00feffeeff0000d6ff0600,deff1000f8fff8ff1c000c00e4ff2400bc91ea64124de692a0f0ae4cf8ca44f1
8170,8170,0,0a000a00ceff0000f2ff1000fcff1c00dafffaff0c001c00020040002e00eeff,020012000c00faff200020000a00fafff2ffd2ff06003600faff0c003c00fcff,0e001e00e6ff0400eeff1000440004002800eaffeefffeffdeffdeff06000600,1000eeffdaff16002c00faff040024004cf09c4d8ccaf0ee80644acc3292f064
8171,8171,0,2a00fcffeeffeeffe2ff00000c000c000c000c00feffcefff4ffd4fffeffeeff,020012000c001c00e2ffd4fffaff0a00f2ffe2ff1600e8ff2c002c005c00fcff,0e000e00f6fff6ffdeff100014001400faffeafffeff0c0000000000d6ff1600,3000deffe8ff1600fafffaff140014007a640eccc6925464de4dc2914af0aa4d
8172,8172,0,fcff0a00000000001000f2fffcffdcffdaff0c00deff0c0002002200eeff0e00,0200f4ff0c000c00f2fff2ff0a000a000400f2ff3600e8ff0c001c00dcffdcff,0e000e00140014001000000024002400eafffaff2a00feffeeffcefff6ff0600,0000eeff0600060096ff0c00e4ffd4ff784ebc91c0ee224d8acc3cef586418cc
8173,8173,0,fcfffcff0000eefff2ff2000dcffecff0c002c000c000c00120002000e00feff,020012000c00faff3e001000faff0a000400e2ff460064002c00faff0c00fcff,0e000e001400040000001000f4fff4fffaff28002a00eeff20001000e6ffd6ff,deffeeff1600dafffaff1c002400d4ffe2cc86ef3464b2cb82914064a04ef291
8174,8174,0,1a000a00eeffeeff2000f2fffcfffcffcaffcaffeeffeeff02004000feff0e00,02000200faff1c00f2fff2ff0a001a00f2ff14004600f8ffeaff0c00dcff8cff,0e00dcff2200f6ff0000100024000400ccff36000c00eeff0000eeff16001600,deff0000e8fff8ff2c001c00e4ff04007c910664004ee6920cefae4e78cca8ee
8175,8175,0,fcff1a00deff00000000f2ff0c00fcffeaff0c00eeff0c0040000200feff0e00,1200f4ffdaff0c00e2ffe2fffafffafff2ff04000600f8ff0c000c00fcff1c00,fcff2e00f6ffe6ffdeffeefff4ff04002800eaff0c00eeffeeffeefff6ff3600,10001000caff06000c00eafff4ff1400b6eee84e22cc64edf063eaccd291f863
8176,8176,0,1a00fcffeeff0000f2fff2fffcff0c000c001c000c00eeffe4fff4ffdeff0e00,020012002c00eaff2e002e000a000a00e2ff04005400e8fffaff0c00dcffecff,fcffdcff2200f6ffeeff1000f4ff1400faffeaffeeff0c0020000000e6ff2600,3000eeffdaff1600fafffaff14003400c66322cdc692b6632e4f6291a8ee404f
8177,8177,0,0a00fcff0000eeff00000000ecfffcff0c002c00feff1c001200c6ffeeffeeff,220012000c000c000000e2ffeaffeaff0400040064002600eaffeaffdcff0c00,0e000e0014001400eeff0000140034002800daffeeffeeff00001000f6ff0600,0000eeff4600f8fffaff2c004400e4ff584f8c91b4ec404edacddcee786320cd
8178,8178,0,fcff0a0010000000f2ff2000dcffecffeaff0c00eeff0c00d4ff0200eeffeeff,2200e4ffeaff0c00e2ff3e001a001a00e2ffd2ff640016000c00caffdcffccff,0e008cfff6ff0400eeffeeff0400040008000800eeffeeffdeff0000e6fff6ff,ceff2000f8ffcaff0c001c0024002400c2cdbaed366362cd32911e63a04f8291
8179,8179,0,fcfffcffdeff1000100020001c002c00faff0c00e2fe0c000200e4ff0e00eeff,12000200dafffaff2e000000faff0a001400240006003600cafffafffcffecff,fcfffcff040014000000000004002400360028000c00feff1000eefff6fff6ff,eeff2000f8ffdaff0c00faffb4ff24005c911463384f3092dced2e4f00ce98ed
8180,8180,0,0a00ecff100000000000d2ff0c001c000c000c00feff2c00f4ffd4ffeeffdeff,f4ff12000c000c00f2ffd4fffaff1a00040004003600f8fffaff0c00dcffdcff,1e000e00f6ff0400100000001400e4ff08002800eeff0c00deff0000f6fff6ff,10000000daff06002c00eaff04001400f0ec3e5042cd14ec3e63eace92914863
8181,8181,0,ecff0a00eeff00002000f2fffcfffcffbaffeaff0c000c00120012002e00feff,2200f4fffaff1c00e2ff3e00faffeaff0400f2ff260026000c002c00ecffbcff,fcff0e00f6fff6ff100010002400f4fffaffeaffe0fffeffeeff0000f6ffd6ff,3000defff8ff16000c00faff0400e4ff8462dece7092f66252503291c8ec4050
8182,8182,0,fcfffcff0000ceff1000f2ff0c00ecff1c00daff2c001c00120002002e000e00,3000f4fffaffeafff2ff00000a00fafff2fff2ff540006000c00fafffcffccff,0e00fcfff6ffe6ffeeff00001400e4fffaffeafffeffeeff0000defff6ff0600,0000deff0600daffdaff1c000400f4ffbe501c9166ebd64f1acf6cec8c62a0ce
8183,8183,0,fcffdcff1000eefff2ff10000c000c001c001c002c012c00f4fff4fffefffeff,f4ffe4ff0c00eaffe2ff2000faff0a00f2ff040006001600faffcafffcff1c00,dcff1e0022002200100020000400f4ffeaffeaff0c000c000000defff6ff0600,deff10000600bafffaff1c001400e4ff5ecf0eebb66240ce02910e6390505291
8184,8184,0,1a000a00000000002000e2ff0c00ecffeaff0c002c00eeff1200e4ff1e000e00,12003000fafffaffe2ff2e00fafffaff0400240036003600eaff0c00dcffdcff,0e000e002200f6ff1000100014000400eaffdaff0c00feffeeff0000f6ffe6ff,eeff30001600daff0c000c00f4ff14000c9194624c5020924cec225188cf10ec
8185,8185,0,bcff1a0010002000f2ff1000fcfffcfffaffdaff0c000c00f4ff12002e000e00,12001200faffeaff0000f2ff1a000a00e2fff2ff06002600eaffeaff0c00fcff,2e000e00f6fff6ff1000eeff1400f4fffaffeaffe0fffeff1000eefff6fff6ff,10001000e8ff24002c00daffe4fff4ff5eeaee509ecf06eb4e626acf42914c62
8186,8186,0,fcfffcffdeff1000f2ff0000fcfffcfffaff0c001c002c0030003000eeff3e00,02000200faff0c002000e2ffeaff1a00f2fff2ff06005400eafffafffcffecff,fcff1e00f6ff140010001000f4ff0400daff1800feff0c000000deff3600f6ff,3000eeffe8ff16000c00faff1400f4ff986164d01092e66132510291c4ea5a51
8187,8187,0,0a000a0000000000d2ff0000ecff0c00caffdaff2c001c00400012001e00eeff,020012000c00faff0000d4fffaffeaffe2ff140016001600fafffaffdcff1c00,fcff0e001400f6ffeeff100014000400faff4600eeffeeffdeffeeff16001600,2000000016000600eaff1c0014000400be51ec904ee9d2526ed0eceb0c62e8cf
8188,8188,0,fcff2a00eeffeeff100000001c00ecffdaffdaff2c00feff12002200cefffeff,f4ff12001c00faff20003e00fafffafff2fff2ff160006000c00fafffcffdcff,0e00fcff1400f6ff0000deff0400f4ffccffeafffefffeffeeffeeff0600f6ff,beff10001600cafffaff1c00e4ff0400c4d05eeaa061eecf02919a61fa513291
8189,8189,0,0a00fcff0000deff100010000c000c001c00faff1c010c00220002000e000e00,f4fff4fffafffaffd4ff2e000a000a000400d2ff360036000c00cafffcff0c00,dcff0e00f6ff0400100000001400140008002800feffe0ffdeff0000e6fff6ff,ceff3000e8ff0600fafffaffd4ff1400cc9068612253f0914cebc2513cd104ea
8190,8190,0,fcff0a00eeff00002000f2ffdcfffcfffaff0c000c000c0012003000feffeeff,12001200eafffaff20002e000a000a00f2ffe2ff16002600faff1c00fcffccff,2e001e001400f6ff0000000004002400faff2800feffeeff0000cefff6ff1600,1000eeffcafff8ff2c00c8fff4ff040002e93852aed09ee86a6162d2f8907c61
8191,8191,0,3a000a00eeff000010000000fcff0c000c00baffeeff1c002200e4ffdeff0e00,12002200faff1c00f2ffd4ffeafffaffe2fff2ff3600f8ffeaff0c000c00ecff,fcff1e00f6ff040020000000f4ff04000800faff0c001c000000deff06000600,1000eeffdaff06000c00eaff24000400f8601ed2d09130616652129154e98a52
